# Output from PinnacleROI.cpp
# First line is number of curves
# Second line is space-separated number of points in each curve
# Remainder are the points themselves
8
50 50 43 58 51 23 21 44 
0.529299 4.17407 91.4997
0.613598 4.17407 91.4997
0.697899 4.17407 91.4997
0.782198 4.08977 91.4997
0.866499 4.08977 91.4997
0.950798 4.08977 91.4997
1.0351 4.08977 91.4997
1.1194 4.17407 91.4997
1.2037 4.17407 91.4997
1.288 4.17407 91.4997
1.3723 4.08977 91.4997
1.4566 4.00547 91.4997
1.5409 4.00547 91.4997
1.6252 4.00547 91.4997
1.7095 3.92117 91.4997
1.7938 3.83687 91.4997
1.8781 3.75257 91.4997
1.9624 3.75257 91.4997
2.0467 3.66827 91.4997
2.131 3.58397 91.4997
2.0467 3.58397 91.4997
1.9624 3.49967 91.4997
1.8781 3.41537 91.4997
1.7938 3.33107 91.4997
1.7938 3.24677 91.4997
1.7095 3.16247 91.4997
1.6252 3.07817 91.4997
1.5409 3.07817 91.4997
1.4566 2.99387 91.4997
1.3723 2.99387 91.4997
1.288 2.90957 91.4997
1.2037 2.99387 91.4997
1.1194 2.99387 91.4997
1.0351 3.07817 91.4997
0.950798 3.07817 91.4997
0.866499 3.07817 91.4997
0.782198 3.07817 91.4997
0.697899 3.16247 91.4997
0.613598 3.24677 91.4997
0.529299 3.33107 91.4997
0.444998 3.41537 91.4997
0.444998 3.49967 91.4997
0.360699 3.58397 91.4997
0.360699 3.66827 91.4997
0.360699 3.75257 91.4997
0.360699 3.83687 91.4997
0.360699 3.92117 91.4997
0.360699 4.00547 91.4997
0.444998 4.08977 91.4997
0.529299 4.17407 91.4997
0.782198 4.76417 91.0997
0.866499 4.76417 91.0997
0.950798 4.76417 91.0997
1.0351 4.76417 91.0997
1.1194 4.76417 91.0997
1.2037 4.76417 91.0997
1.288 4.76417 91.0997
1.3723 4.76417 91.0997
1.4566 4.76417 91.0997
1.5409 4.67987 91.0997
1.6252 4.59557 91.0997
1.7095 4.59557 91.0997
1.7938 4.51127 91.0997
1.8781 4.51127 91.0997
1.9624 4.42697 91.0997
2.0467 4.34267 91.0997
2.131 4.25837 91.0997
2.2153 4.17407 91.0997
2.2153 4.08977 91.0997
2.2153 4.00547 91.0997
2.131 3.92117 91.0997
2.0467 3.92117 91.0997
1.9624 3.83687 91.0997
1.8781 3.83687 91.0997
1.7938 3.75257 91.0997
1.7095 3.66827 91.0997
1.6252 3.66827 91.0997
1.5409 3.58397 91.0997
1.4566 3.49967 91.0997
1.3723 3.49967 91.0997
1.288 3.49967 91.0997
1.2037 3.49967 91.0997
1.1194 3.49967 91.0997
1.0351 3.49967 91.0997
0.950798 3.49967 91.0997
0.866499 3.58397 91.0997
0.782198 3.66827 91.0997
0.697899 3.75257 91.0997
0.613598 3.83687 91.0997
0.613598 3.92117 91.0997
0.613598 4.00547 91.0997
0.613598 4.08977 91.0997
0.613598 4.17407 91.0997
0.613598 4.25837 91.0997
0.613598 4.34267 91.0997
0.613598 4.42697 91.0997
0.613598 4.51127 91.0997
0.613598 4.59557 91.0997
0.697899 4.67987 91.0997
0.782198 4.76417 91.0997
0.950798 4.76417 90.8997
1.0351 4.76417 90.8997
1.1194 4.76417 90.8997
1.2037 4.76417 90.8997
1.288 4.76417 90.8997
1.3723 4.76417 90.8997
1.4566 4.76417 90.8997
1.5409 4.76417 90.8997
1.6252 4.67987 90.8997
1.7095 4.67987 90.8997
1.7938 4.59557 90.8997
1.8781 4.51127 90.8997
1.8781 4.42697 90.8997
1.9624 4.34267 90.8997
1.9624 4.25837 90.8997
1.9624 4.17407 90.8997
1.9624 4.08977 90.8997
1.8781 4.08977 90.8997
1.7938 4.08977 90.8997
1.7095 4.08977 90.8997
1.6252 4.08977 90.8997
1.5409 4.00547 90.8997
1.4566 4.00547 90.8997
1.3723 3.92117 90.8997
1.3723 3.83687 90.8997
1.288 3.75257 90.8997
1.2037 3.75257 90.8997
1.1194 3.75257 90.8997
1.0351 3.75257 90.8997
0.950798 3.75257 90.8997
0.866499 3.75257 90.8997
0.782198 3.83687 90.8997
0.697899 3.92117 90.8997
0.697899 4.00547 90.8997
0.697899 4.08977 90.8997
0.697899 4.17407 90.8997
0.697899 4.25837 90.8997
0.782198 4.34267 90.8997
0.782198 4.42697 90.8997
0.782198 4.51127 90.8997
0.782198 4.59557 90.8997
0.866499 4.67987 90.8997
0.950798 4.76417 90.8997
1.5409 4.59557 91.2997
1.6252 4.59557 91.2997
1.7095 4.59557 91.2997
1.7938 4.59557 91.2997
1.8781 4.59557 91.2997
1.9624 4.51127 91.2997
2.0467 4.42697 91.2997
2.131 4.34267 91.2997
2.2153 4.34267 91.2997
2.2996 4.25837 91.2997
2.3839 4.17407 91.2997
2.3839 4.08977 91.2997
2.3839 4.00547 91.2997
2.3839 3.92117 91.2997
2.3839 3.83687 91.2997
2.3839 3.75257 91.2997
2.2996 3.66827 91.2997
2.2153 3.66827 91.2997
2.131 3.58397 91.2997
2.0467 3.58397 91.2997
1.9624 3.58397 91.2997
1.8781 3.58397 91.2997
1.7938 3.49967 91.2997
1.7095 3.49967 91.2997
1.6252 3.49967 91.2997
1.5409 3.41537 91.2997
1.4566 3.33107 91.2997
1.3723 3.33107 91.2997
1.288 3.24677 91.2997
1.2037 3.24677 91.2997
1.1194 3.24677 91.2997
1.0351 3.33107 91.2997
0.950798 3.33107 91.2997
0.866499 3.41537 91.2997
0.866499 3.49967 91.2997
0.782198 3.58397 91.2997
0.782198 3.66827 91.2997
0.782198 3.75257 91.2997
0.782198 3.83687 91.2997
0.782198 3.92117 91.2997
0.697899 4.00547 91.2997
0.697899 4.08977 91.2997
0.613598 4.17407 91.2997
0.613598 4.25837 91.2997
0.613598 4.34267 91.2997
0.613598 4.42697 91.2997
0.613598 4.51127 91.2997
0.697899 4.42697 91.2997
0.782198 4.42697 91.2997
0.866499 4.42697 91.2997
0.950798 4.42697 91.2997
1.0351 4.51127 91.2997
1.1194 4.51127 91.2997
1.2037 4.51127 91.2997
1.288 4.51127 91.2997
1.3723 4.51127 91.2997
1.4566 4.51127 91.2997
1.5409 4.59557 91.2997
0.529299 4.00547 91.6997
0.613598 4.00547 91.6997
0.697899 4.00547 91.6997
0.782198 4.00547 91.6997
0.866499 4.00547 91.6997
0.950798 3.92117 91.6997
1.0351 3.92117 91.6997
1.1194 3.92117 91.6997
1.2037 3.92117 91.6997
1.288 4.00547 91.6997
1.3723 4.00547 91.6997
1.4566 4.00547 91.6997
1.5409 4.00547 91.6997
1.6252 4.00547 91.6997
1.7095 3.92117 91.6997
1.7938 3.92117 91.6997
1.8781 3.83687 91.6997
1.9624 3.75257 91.6997
2.0467 3.66827 91.6997
2.0467 3.58397 91.6997
2.131 3.49967 91.6997
2.0467 3.49967 91.6997
1.9624 3.49967 91.6997
1.8781 3.41537 91.6997
1.7938 3.33107 91.6997
1.7938 3.24677 91.6997
1.7095 3.16247 91.6997
1.6252 3.07817 91.6997
1.5409 3.07817 91.6997
1.4566 3.07817 91.6997
1.3723 2.99387 91.6997
1.288 2.99387 91.6997
1.2037 2.99387 91.6997
1.1194 2.90957 91.6997
1.0351 2.90957 91.6997
0.950798 2.90957 91.6997
0.866499 2.90957 91.6997
0.782198 2.99387 91.6997
0.697899 2.99387 91.6997
0.697899 3.07817 91.6997
0.697899 3.16247 91.6997
0.613598 3.24677 91.6997
0.529299 3.33107 91.6997
0.444998 3.41537 91.6997
0.444998 3.49967 91.6997
0.444998 3.58397 91.6997
0.444998 3.66827 91.6997
0.444998 3.75257 91.6997
0.444998 3.83687 91.6997
0.444998 3.92117 91.6997
0.529299 4.00547 91.6997
0.529299 3.66827 92.0997
0.613598 3.66827 92.0997
0.697899 3.66827 92.0997
0.782198 3.58397 92.0997
0.866499 3.49967 92.0997
0.950798 3.49967 92.0997
1.0351 3.41537 92.0997
1.1194 3.41537 92.0997
1.1194 3.33107 92.0997
1.0351 3.24677 92.0997
0.950798 3.16247 92.0997
0.866499 3.07817 92.0997
0.782198 3.07817 92.0997
0.697899 3.07817 92.0997
0.613598 3.07817 92.0997
0.529299 3.07817 92.0997
0.444998 3.16247 92.0997
0.360699 3.24677 92.0997
0.360699 3.33107 92.0997
0.360699 3.41537 92.0997
0.360699 3.49967 92.0997
0.444998 3.58397 92.0997
0.529299 3.66827 92.0997
2.0467 3.66827 92.0997
2.131 3.66827 92.0997
2.2153 3.66827 92.0997
2.2996 3.66827 92.0997
2.3839 3.66827 92.0997
2.4682 3.58397 92.0997
2.4682 3.49967 92.0997
2.4682 3.41537 92.0997
2.3839 3.33107 92.0997
2.3839 3.24677 92.0997
2.2996 3.16247 92.0997
2.2153 3.24677 92.0997
2.131 3.24677 92.0997
2.0467 3.24677 92.0997
1.9624 3.24677 92.0997
1.8781 3.24677 92.0997
1.8781 3.33107 92.0997
1.9624 3.41537 92.0997
1.9624 3.49967 92.0997
1.9624 3.58397 92.0997
2.0467 3.66827 92.0997
0.697899 3.83687 91.8997
0.782198 3.83687 91.8997
0.866499 3.83687 91.8997
0.950798 3.83687 91.8997
1.0351 3.83687 91.8997
1.1194 3.83687 91.8997
1.2037 3.83687 91.8997
1.288 3.83687 91.8997
1.3723 3.83687 91.8997
1.4566 3.83687 91.8997
1.5409 3.75257 91.8997
1.6252 3.75257 91.8997
1.7095 3.66827 91.8997
1.7938 3.66827 91.8997
1.8781 3.66827 91.8997
1.9624 3.58397 91.8997
2.0467 3.49967 91.8997
2.0467 3.41537 91.8997
2.0467 3.33107 91.8997
1.9624 3.24677 91.8997
1.8781 3.24677 91.8997
1.7938 3.33107 91.8997
1.7095 3.41537 91.8997
1.6252 3.41537 91.8997
1.5409 3.41537 91.8997
1.4566 3.41537 91.8997
1.3723 3.33107 91.8997
1.288 3.24677 91.8997
1.288 3.16247 91.8997
1.2037 3.07817 91.8997
1.1194 2.99387 91.8997
1.0351 2.90957 91.8997
0.950798 2.90957 91.8997
0.866499 2.99387 91.8997
0.782198 3.07817 91.8997
0.697899 3.16247 91.8997
0.697899 3.24677 91.8997
0.697899 3.33107 91.8997
0.697899 3.41537 91.8997
0.697899 3.49967 91.8997
0.697899 3.58397 91.8997
0.697899 3.66827 91.8997
0.697899 3.75257 91.8997
0.697899 3.83687 91.8997
