# Output from PinnacleROI.cpp
# First line is number of curves
# Second line is space-separated number of points in each curve
# Remainder are the points themselves
19
132 128 118 109 96 94 98 105 101 95 100 105 101 95 97 104 117 123 130 
0.529299 6.19727 95.8997
0.613598 6.19727 95.8997
0.697899 6.19727 95.8997
0.782198 6.19727 95.8997
0.866499 6.19727 95.8997
0.950798 6.19727 95.8997
1.0351 6.19727 95.8997
1.1194 6.19727 95.8997
1.2037 6.19727 95.8997
1.288 6.11297 95.8997
1.3723 6.02867 95.8997
1.4566 5.94437 95.8997
1.5409 5.86007 95.8997
1.6252 5.77577 95.8997
1.6252 5.69147 95.8997
1.7095 5.60717 95.8997
1.7938 5.52287 95.8997
1.8781 5.43857 95.8997
1.9624 5.35427 95.8997
2.0467 5.26997 95.8997
2.131 5.18567 95.8997
2.2153 5.10137 95.8997
2.2153 5.01707 95.8997
2.2996 4.93277 95.8997
2.3839 4.84847 95.8997
2.3839 4.76417 95.8997
2.4682 4.67987 95.8997
2.5525 4.67987 95.8997
2.6368 4.59557 95.8997
2.7211 4.59557 95.8997
2.8054 4.51127 95.8997
2.8897 4.42697 95.8997
2.8897 4.34267 95.8997
2.974 4.25837 95.8997
3.0583 4.17407 95.8997
3.0583 4.08977 95.8997
3.1426 4.00547 95.8997
3.1426 3.92117 95.8997
3.1426 3.83687 95.8997
3.1426 3.75257 95.8997
3.1426 3.66827 95.8997
3.1426 3.58397 95.8997
3.1426 3.49967 95.8997
3.1426 3.41537 95.8997
3.1426 3.33107 95.8997
3.0583 3.24677 95.8997
3.0583 3.16247 95.8997
2.974 3.07817 95.8997
2.8897 3.07817 95.8997
2.8054 2.99387 95.8997
2.7211 2.99387 95.8997
2.6368 2.99387 95.8997
2.5525 2.90957 95.8997
2.4682 2.90957 95.8997
2.3839 2.90957 95.8997
2.2996 2.90957 95.8997
2.2153 2.82527 95.8997
2.131 2.82527 95.8997
2.0467 2.82527 95.8997
1.9624 2.82527 95.8997
1.8781 2.82527 95.8997
1.7938 2.82527 95.8997
1.7095 2.82527 95.8997
1.6252 2.82527 95.8997
1.5409 2.90957 95.8997
1.4566 2.90957 95.8997
1.3723 2.90957 95.8997
1.288 2.90957 95.8997
1.2037 2.90957 95.8997
1.1194 2.90957 95.8997
1.0351 2.90957 95.8997
0.950798 2.99387 95.8997
0.866499 2.99387 95.8997
0.782198 2.99387 95.8997
0.697899 2.99387 95.8997
0.613598 2.99387 95.8997
0.529299 2.99387 95.8997
0.444998 2.99387 95.8997
0.360699 2.99387 95.8997
0.276398 2.99387 95.8997
0.192099 2.99387 95.8997
0.107798 2.99387 95.8997
0.0234985 2.99387 95.8997
-0.0608025 3.07817 95.8997
-0.145102 3.07817 95.8997
-0.229403 3.07817 95.8997
-0.313702 3.16247 95.8997
-0.398003 3.16247 95.8997
-0.482302 3.16247 95.8997
-0.566601 3.16247 95.8997
-0.650902 3.16247 95.8997
-0.735201 3.24677 95.8997
-0.819502 3.24677 95.8997
-0.903801 3.24677 95.8997
-0.988102 3.33107 95.8997
-1.0724 3.33107 95.8997
-1.1567 3.33107 95.8997
-1.241 3.41537 95.8997
-1.3253 3.49967 95.8997
-1.4096 3.58397 95.8997
-1.4096 3.66827 95.8997
-1.4096 3.75257 95.8997
-1.4096 3.83687 95.8997
-1.4096 3.92117 95.8997
-1.4096 4.00547 95.8997
-1.4096 4.08977 95.8997
-1.4096 4.17407 95.8997
-1.3253 4.25837 95.8997
-1.241 4.34267 95.8997
-1.241 4.42697 95.8997
-1.1567 4.51127 95.8997
-1.0724 4.59557 95.8997
-0.988102 4.67987 95.8997
-0.903801 4.76417 95.8997
-0.819502 4.84847 95.8997
-0.735201 4.93277 95.8997
-0.650902 5.01707 95.8997
-0.566601 5.10137 95.8997
-0.482302 5.18567 95.8997
-0.398003 5.26997 95.8997
-0.313702 5.35427 95.8997
-0.229403 5.43857 95.8997
-0.145102 5.52287 95.8997
-0.145102 5.60717 95.8997
-0.0608025 5.69147 95.8997
0.0234985 5.77577 95.8997
0.107798 5.86007 95.8997
0.192099 5.94437 95.8997
0.276398 6.02867 95.8997
0.360699 6.02867 95.8997
0.444998 6.11297 95.8997
0.529299 6.19727 95.8997
0.613598 6.28157 96.2997
0.697899 6.28157 96.2997
0.782198 6.28157 96.2997
0.866499 6.28157 96.2997
0.950798 6.28157 96.2997
1.0351 6.28157 96.2997
1.1194 6.19727 96.2997
1.2037 6.11297 96.2997
1.288 6.02867 96.2997
1.3723 5.94437 96.2997
1.4566 5.86007 96.2997
1.5409 5.77577 96.2997
1.6252 5.69147 96.2997
1.6252 5.60717 96.2997
1.7095 5.52287 96.2997
1.7938 5.43857 96.2997
1.7938 5.35427 96.2997
1.8781 5.26997 96.2997
1.9624 5.18567 96.2997
2.0467 5.10137 96.2997
2.131 5.01707 96.2997
2.2153 4.93277 96.2997
2.2996 4.84847 96.2997
2.2996 4.76417 96.2997
2.3839 4.67987 96.2997
2.4682 4.59557 96.2997
2.5525 4.51127 96.2997
2.6368 4.42697 96.2997
2.7211 4.34267 96.2997
2.8054 4.25837 96.2997
2.8054 4.17407 96.2997
2.8897 4.08977 96.2997
2.974 4.00547 96.2997
3.0583 3.92117 96.2997
3.1426 3.83687 96.2997
3.1426 3.75257 96.2997
3.1426 3.66827 96.2997
3.1426 3.58397 96.2997
3.1426 3.49967 96.2997
3.1426 3.41537 96.2997
3.1426 3.33107 96.2997
3.0583 3.24677 96.2997
3.0583 3.16247 96.2997
2.974 3.07817 96.2997
2.8897 3.07817 96.2997
2.8054 3.07817 96.2997
2.7211 3.07817 96.2997
2.6368 3.07817 96.2997
2.5525 2.99387 96.2997
2.4682 2.99387 96.2997
2.3839 2.99387 96.2997
2.2996 2.99387 96.2997
2.2153 2.99387 96.2997
2.131 2.99387 96.2997
2.0467 2.99387 96.2997
1.9624 2.99387 96.2997
1.8781 2.99387 96.2997
1.7938 2.99387 96.2997
1.7095 2.99387 96.2997
1.6252 2.99387 96.2997
1.5409 2.99387 96.2997
1.4566 2.99387 96.2997
1.3723 2.99387 96.2997
1.288 2.99387 96.2997
1.2037 2.90957 96.2997
1.1194 2.90957 96.2997
1.0351 2.90957 96.2997
0.950798 2.90957 96.2997
0.866499 2.90957 96.2997
0.782198 2.99387 96.2997
0.697899 2.99387 96.2997
0.613598 2.99387 96.2997
0.529299 2.99387 96.2997
0.444998 2.99387 96.2997
0.360699 2.99387 96.2997
0.276398 2.99387 96.2997
0.192099 3.07817 96.2997
0.107798 3.16247 96.2997
0.0234985 3.16247 96.2997
-0.0608025 3.16247 96.2997
-0.145102 3.24677 96.2997
-0.229403 3.24677 96.2997
-0.313702 3.24677 96.2997
-0.398003 3.24677 96.2997
-0.482302 3.24677 96.2997
-0.566601 3.24677 96.2997
-0.650902 3.24677 96.2997
-0.735201 3.24677 96.2997
-0.819502 3.33107 96.2997
-0.903801 3.33107 96.2997
-0.988102 3.41537 96.2997
-1.0724 3.41537 96.2997
-1.1567 3.41537 96.2997
-1.241 3.49967 96.2997
-1.3253 3.58397 96.2997
-1.3253 3.66827 96.2997
-1.3253 3.75257 96.2997
-1.3253 3.83687 96.2997
-1.3253 3.92117 96.2997
-1.3253 4.00547 96.2997
-1.241 4.08977 96.2997
-1.1567 4.17407 96.2997
-1.0724 4.25837 96.2997
-0.988102 4.34267 96.2997
-0.903801 4.42697 96.2997
-0.819502 4.51127 96.2997
-0.735201 4.59557 96.2997
-0.735201 4.67987 96.2997
-0.650902 4.76417 96.2997
-0.566601 4.84847 96.2997
-0.482302 4.93277 96.2997
-0.482302 5.01707 96.2997
-0.398003 5.10137 96.2997
-0.313702 5.18567 96.2997
-0.229403 5.26997 96.2997
-0.229403 5.35427 96.2997
-0.145102 5.43857 96.2997
-0.0608025 5.52287 96.2997
-0.0608025 5.60717 96.2997
0.0234985 5.69147 96.2997
0.0234985 5.77577 96.2997
0.107798 5.86007 96.2997
0.192099 5.94437 96.2997
0.276398 6.02867 96.2997
0.360699 6.11297 96.2997
0.444998 6.19727 96.2997
0.529299 6.19727 96.2997
0.613598 6.28157 96.2997
0.529299 6.19727 96.6997
0.613598 6.19727 96.6997
0.697899 6.19727 96.6997
0.782198 6.19727 96.6997
0.866499 6.19727 96.6997
0.950798 6.19727 96.6997
1.0351 6.19727 96.6997
1.1194 6.11297 96.6997
1.2037 6.02867 96.6997
1.288 5.94437 96.6997
1.3723 5.86007 96.6997
1.4566 5.77577 96.6997
1.5409 5.69147 96.6997
1.5409 5.60717 96.6997
1.6252 5.52287 96.6997
1.7095 5.43857 96.6997
1.7938 5.35427 96.6997
1.7938 5.26997 96.6997
1.8781 5.18567 96.6997
1.9624 5.10137 96.6997
1.9624 5.01707 96.6997
1.9624 4.93277 96.6997
2.0467 4.84847 96.6997
2.131 4.76417 96.6997
2.131 4.67987 96.6997
2.2153 4.59557 96.6997
2.2996 4.51127 96.6997
2.3839 4.42697 96.6997
2.3839 4.34267 96.6997
2.4682 4.25837 96.6997
2.5525 4.17407 96.6997
2.6368 4.08977 96.6997
2.6368 4.00547 96.6997
2.7211 3.92117 96.6997
2.7211 3.83687 96.6997
2.8054 3.75257 96.6997
2.8054 3.66827 96.6997
2.8054 3.58397 96.6997
2.8054 3.49967 96.6997
2.8054 3.41537 96.6997
2.8054 3.33107 96.6997
2.8054 3.24677 96.6997
2.7211 3.16247 96.6997
2.6368 3.07817 96.6997
2.5525 2.99387 96.6997
2.4682 2.99387 96.6997
2.3839 2.99387 96.6997
2.2996 2.99387 96.6997
2.2153 2.99387 96.6997
2.131 2.99387 96.6997
2.0467 2.99387 96.6997
1.9624 2.99387 96.6997
1.8781 2.99387 96.6997
1.7938 3.07817 96.6997
1.7095 3.07817 96.6997
1.6252 3.16247 96.6997
1.5409 3.16247 96.6997
1.4566 3.24677 96.6997
1.3723 3.24677 96.6997
1.288 3.24677 96.6997
1.2037 3.24677 96.6997
1.1194 3.24677 96.6997
1.0351 3.24677 96.6997
0.950798 3.24677 96.6997
0.866499 3.24677 96.6997
0.782198 3.24677 96.6997
0.697899 3.24677 96.6997
0.613598 3.24677 96.6997
0.529299 3.24677 96.6997
0.444998 3.24677 96.6997
0.360699 3.24677 96.6997
0.276398 3.24677 96.6997
0.192099 3.24677 96.6997
0.107798 3.24677 96.6997
0.0234985 3.24677 96.6997
-0.0608025 3.24677 96.6997
-0.145102 3.24677 96.6997
-0.229403 3.24677 96.6997
-0.313702 3.24677 96.6997
-0.398003 3.33107 96.6997
-0.482302 3.33107 96.6997
-0.566601 3.33107 96.6997
-0.650902 3.33107 96.6997
-0.735201 3.41537 96.6997
-0.819502 3.49967 96.6997
-0.903801 3.58397 96.6997
-0.988102 3.66827 96.6997
-0.988102 3.75257 96.6997
-0.988102 3.83687 96.6997
-0.988102 3.92117 96.6997
-0.988102 4.00547 96.6997
-0.988102 4.08977 96.6997
-0.988102 4.17407 96.6997
-0.988102 4.25837 96.6997
-0.988102 4.34267 96.6997
-0.903801 4.42697 96.6997
-0.903801 4.51127 96.6997
-0.819502 4.59557 96.6997
-0.819502 4.67987 96.6997
-0.735201 4.76417 96.6997
-0.650902 4.84847 96.6997
-0.566601 4.93277 96.6997
-0.566601 5.01707 96.6997
-0.482302 5.10137 96.6997
-0.398003 5.18567 96.6997
-0.313702 5.26997 96.6997
-0.229403 5.35427 96.6997
-0.145102 5.43857 96.6997
-0.145102 5.52287 96.6997
-0.0608025 5.60717 96.6997
0.0234985 5.69147 96.6997
0.0234985 5.77577 96.6997
0.107798 5.86007 96.6997
0.192099 5.94437 96.6997
0.276398 6.02867 96.6997
0.360699 6.11297 96.6997
0.444998 6.11297 96.6997
0.529299 6.19727 96.6997
0.360699 6.02867 97.0996
0.444998 6.02867 97.0996
0.529299 6.02867 97.0996
0.613598 6.02867 97.0996
0.697899 6.02867 97.0996
0.782198 6.02867 97.0996
0.866499 6.02867 97.0996
0.950798 6.02867 97.0996
1.0351 6.02867 97.0996
1.1194 6.02867 97.0996
1.2037 5.94437 97.0996
1.288 5.86007 97.0996
1.3723 5.77577 97.0996
1.4566 5.69147 97.0996
1.5409 5.60717 97.0996
1.6252 5.52287 97.0996
1.7095 5.43857 97.0996
1.7095 5.35427 97.0996
1.7095 5.26997 97.0996
1.7938 5.18567 97.0996
1.8781 5.10137 97.0996
1.8781 5.01707 97.0996
1.9624 4.93277 97.0996
1.9624 4.84847 97.0996
2.0467 4.76417 97.0996
2.0467 4.67987 97.0996
2.131 4.59557 97.0996
2.131 4.51127 97.0996
2.2153 4.42697 97.0996
2.2996 4.34267 97.0996
2.3839 4.25837 97.0996
2.3839 4.17407 97.0996
2.4682 4.08977 97.0996
2.4682 4.00547 97.0996
2.5525 3.92117 97.0996
2.5525 3.83687 97.0996
2.6368 3.75257 97.0996
2.6368 3.66827 97.0996
2.6368 3.58397 97.0996
2.6368 3.49967 97.0996
2.6368 3.41537 97.0996
2.6368 3.33107 97.0996
2.5525 3.24677 97.0996
2.4682 3.24677 97.0996
2.3839 3.24677 97.0996
2.2996 3.24677 97.0996
2.2153 3.24677 97.0996
2.131 3.24677 97.0996
2.0467 3.24677 97.0996
1.9624 3.24677 97.0996
1.8781 3.24677 97.0996
1.7938 3.24677 97.0996
1.7095 3.24677 97.0996
1.6252 3.24677 97.0996
1.5409 3.24677 97.0996
1.4566 3.24677 97.0996
1.3723 3.24677 97.0996
1.288 3.24677 97.0996
1.2037 3.24677 97.0996
1.1194 3.24677 97.0996
1.0351 3.24677 97.0996
0.950798 3.24677 97.0996
0.866499 3.24677 97.0996
0.782198 3.24677 97.0996
0.697899 3.24677 97.0996
0.613598 3.33107 97.0996
0.529299 3.33107 97.0996
0.444998 3.33107 97.0996
0.360699 3.33107 97.0996
0.276398 3.33107 97.0996
0.192099 3.33107 97.0996
0.107798 3.33107 97.0996
0.0234985 3.33107 97.0996
-0.0608025 3.33107 97.0996
-0.145102 3.33107 97.0996
-0.229403 3.33107 97.0996
-0.313702 3.41537 97.0996
-0.398003 3.41537 97.0996
-0.482302 3.49967 97.0996
-0.566601 3.58397 97.0996
-0.650902 3.66827 97.0996
-0.735201 3.75257 97.0996
-0.735201 3.83687 97.0996
-0.735201 3.92117 97.0996
-0.735201 4.00547 97.0996
-0.735201 4.08977 97.0996
-0.735201 4.17407 97.0996
-0.735201 4.25837 97.0996
-0.735201 4.34267 97.0996
-0.735201 4.42697 97.0996
-0.735201 4.51127 97.0996
-0.735201 4.59557 97.0996
-0.735201 4.67987 97.0996
-0.650902 4.76417 97.0996
-0.566601 4.84847 97.0996
-0.566601 4.93277 97.0996
-0.482302 5.01707 97.0996
-0.398003 5.10137 97.0996
-0.313702 5.18567 97.0996
-0.313702 5.26997 97.0996
-0.229403 5.35427 97.0996
-0.145102 5.43857 97.0996
-0.145102 5.52287 97.0996
-0.0608025 5.60717 97.0996
0.0234985 5.69147 97.0996
0.107798 5.77577 97.0996
0.192099 5.86007 97.0996
0.276398 5.94437 97.0996
0.360699 6.02867 97.0996
0.613598 5.86007 97.4996
0.697899 5.86007 97.4996
0.782198 5.86007 97.4996
0.866499 5.86007 97.4996
0.950798 5.86007 97.4996
1.0351 5.86007 97.4996
1.1194 5.77577 97.4996
1.2037 5.69147 97.4996
1.288 5.60717 97.4996
1.3723 5.52287 97.4996
1.4566 5.43857 97.4996
1.5409 5.35427 97.4996
1.6252 5.26997 97.4996
1.7095 5.18567 97.4996
1.7095 5.10137 97.4996
1.7938 5.01707 97.4996
1.7938 4.93277 97.4996
1.8781 4.84847 97.4996
1.8781 4.76417 97.4996
1.9624 4.67987 97.4996
1.9624 4.59557 97.4996
1.9624 4.51127 97.4996
2.0467 4.42697 97.4996
2.0467 4.34267 97.4996
2.131 4.25837 97.4996
2.131 4.17407 97.4996
2.2153 4.08977 97.4996
2.2153 4.00547 97.4996
2.2153 3.92117 97.4996
2.2996 3.83687 97.4996
2.2996 3.75257 97.4996
2.2996 3.66827 97.4996
2.2996 3.58397 97.4996
2.2996 3.49967 97.4996
2.2996 3.41537 97.4996
2.2153 3.33107 97.4996
2.131 3.33107 97.4996
2.0467 3.33107 97.4996
1.9624 3.33107 97.4996
1.8781 3.33107 97.4996
1.7938 3.33107 97.4996
1.7095 3.33107 97.4996
1.6252 3.33107 97.4996
1.5409 3.33107 97.4996
1.4566 3.33107 97.4996
1.3723 3.33107 97.4996
1.288 3.33107 97.4996
1.2037 3.24677 97.4996
1.1194 3.24677 97.4996
1.0351 3.24677 97.4996
0.950798 3.24677 97.4996
0.866499 3.24677 97.4996
0.782198 3.24677 97.4996
0.697899 3.24677 97.4996
0.613598 3.24677 97.4996
0.529299 3.24677 97.4996
0.444998 3.24677 97.4996
0.360699 3.24677 97.4996
0.276398 3.24677 97.4996
0.192099 3.24677 97.4996
0.107798 3.33107 97.4996
0.0234985 3.33107 97.4996
-0.0608025 3.33107 97.4996
-0.145102 3.41537 97.4996
-0.229403 3.41537 97.4996
-0.313702 3.41537 97.4996
-0.398003 3.49967 97.4996
-0.482302 3.58397 97.4996
-0.566601 3.66827 97.4996
-0.566601 3.75257 97.4996
-0.566601 3.83687 97.4996
-0.566601 3.92117 97.4996
-0.566601 4.00547 97.4996
-0.566601 4.08977 97.4996
-0.566601 4.17407 97.4996
-0.566601 4.25837 97.4996
-0.566601 4.34267 97.4996
-0.566601 4.42697 97.4996
-0.566601 4.51127 97.4996
-0.482302 4.59557 97.4996
-0.482302 4.67987 97.4996
-0.398003 4.76417 97.4996
-0.398003 4.84847 97.4996
-0.313702 4.93277 97.4996
-0.229403 5.01707 97.4996
-0.145102 5.10137 97.4996
-0.145102 5.18567 97.4996
-0.0608025 5.26997 97.4996
0.0234985 5.35427 97.4996
0.107798 5.43857 97.4996
0.192099 5.52287 97.4996
0.276398 5.60717 97.4996
0.360699 5.60717 97.4996
0.444998 5.69147 97.4996
0.529299 5.77577 97.4996
0.613598 5.86007 97.4996
0.444998 5.60717 97.8996
0.529299 5.60717 97.8996
0.613598 5.60717 97.8996
0.697899 5.60717 97.8996
0.782198 5.60717 97.8996
0.866499 5.60717 97.8996
0.950798 5.60717 97.8996
1.0351 5.60717 97.8996
1.1194 5.52287 97.8996
1.2037 5.52287 97.8996
1.288 5.43857 97.8996
1.3723 5.35427 97.8996
1.3723 5.26997 97.8996
1.4566 5.18567 97.8996
1.5409 5.10137 97.8996
1.5409 5.01707 97.8996
1.6252 4.93277 97.8996
1.7095 4.84847 97.8996
1.7938 4.76417 97.8996
1.7938 4.67987 97.8996
1.8781 4.59557 97.8996
1.9624 4.51127 97.8996
1.9624 4.42697 97.8996
2.0467 4.34267 97.8996
2.131 4.25837 97.8996
2.131 4.17407 97.8996
2.131 4.08977 97.8996
2.2153 4.00547 97.8996
2.2153 3.92117 97.8996
2.2153 3.83687 97.8996
2.2153 3.75257 97.8996
2.2153 3.66827 97.8996
2.2153 3.58397 97.8996
2.2153 3.49967 97.8996
2.131 3.41537 97.8996
2.131 3.33107 97.8996
2.0467 3.24677 97.8996
1.9624 3.24677 97.8996
1.8781 3.16247 97.8996
1.7938 3.16247 97.8996
1.7095 3.16247 97.8996
1.6252 3.16247 97.8996
1.5409 3.16247 97.8996
1.4566 3.16247 97.8996
1.3723 3.16247 97.8996
1.288 3.16247 97.8996
1.2037 3.16247 97.8996
1.1194 3.16247 97.8996
1.0351 3.16247 97.8996
0.950798 3.16247 97.8996
0.866499 3.16247 97.8996
0.782198 3.16247 97.8996
0.697899 3.16247 97.8996
0.613598 3.16247 97.8996
0.529299 3.16247 97.8996
0.444998 3.16247 97.8996
0.360699 3.16247 97.8996
0.276398 3.16247 97.8996
0.192099 3.16247 97.8996
0.107798 3.16247 97.8996
0.0234985 3.16247 97.8996
-0.0608025 3.24677 97.8996
-0.145102 3.24677 97.8996
-0.229403 3.24677 97.8996
-0.313702 3.33107 97.8996
-0.398003 3.33107 97.8996
-0.482302 3.41537 97.8996
-0.482302 3.49967 97.8996
-0.566601 3.58397 97.8996
-0.566601 3.66827 97.8996
-0.566601 3.75257 97.8996
-0.566601 3.83687 97.8996
-0.566601 3.92117 97.8996
-0.566601 4.00547 97.8996
-0.566601 4.08977 97.8996
-0.566601 4.17407 97.8996
-0.566601 4.25837 97.8996
-0.482302 4.34267 97.8996
-0.482302 4.42697 97.8996
-0.398003 4.51127 97.8996
-0.398003 4.59557 97.8996
-0.313702 4.67987 97.8996
-0.313702 4.76417 97.8996
-0.229403 4.84847 97.8996
-0.229403 4.93277 97.8996
-0.145102 5.01707 97.8996
-0.0608025 5.10137 97.8996
0.0234985 5.18567 97.8996
0.0234985 5.26997 97.8996
0.107798 5.35427 97.8996
0.192099 5.43857 97.8996
0.276398 5.52287 97.8996
0.360699 5.52287 97.8996
0.444998 5.60717 97.8996
0.613598 5.60717 98.2996
0.697899 5.60717 98.2996
0.782198 5.60717 98.2996
0.866499 5.60717 98.2996
0.950798 5.60717 98.2996
1.0351 5.60717 98.2996
1.1194 5.60717 98.2996
1.2037 5.52287 98.2996
1.288 5.52287 98.2996
1.3723 5.43857 98.2996
1.4566 5.43857 98.2996
1.5409 5.35427 98.2996
1.6252 5.26997 98.2996
1.7095 5.18567 98.2996
1.7938 5.10137 98.2996
1.8781 5.01707 98.2996
1.8781 4.93277 98.2996
1.9624 4.84847 98.2996
2.0467 4.76417 98.2996
2.0467 4.67987 98.2996
2.131 4.59557 98.2996
2.131 4.51127 98.2996
2.2153 4.42697 98.2996
2.2153 4.34267 98.2996
2.2996 4.25837 98.2996
2.2996 4.17407 98.2996
2.2996 4.08977 98.2996
2.2996 4.00547 98.2996
2.2996 3.92117 98.2996
2.2996 3.83687 98.2996
2.2996 3.75257 98.2996
2.2996 3.66827 98.2996
2.2996 3.58397 98.2996
2.2996 3.49967 98.2996
2.2153 3.41537 98.2996
2.131 3.33107 98.2996
2.0467 3.33107 98.2996
1.9624 3.33107 98.2996
1.8781 3.24677 98.2996
1.7938 3.16247 98.2996
1.7095 3.16247 98.2996
1.6252 3.16247 98.2996
1.5409 3.07817 98.2996
1.4566 3.07817 98.2996
1.3723 3.07817 98.2996
1.288 3.07817 98.2996
1.2037 3.07817 98.2996
1.1194 3.07817 98.2996
1.0351 3.07817 98.2996
0.950798 3.07817 98.2996
0.866499 3.07817 98.2996
0.782198 3.07817 98.2996
0.697899 3.07817 98.2996
0.613598 3.07817 98.2996
0.529299 3.07817 98.2996
0.444998 3.07817 98.2996
0.360699 3.16247 98.2996
0.276398 3.16247 98.2996
0.192099 3.16247 98.2996
0.107798 3.24677 98.2996
0.0234985 3.24677 98.2996
-0.0608025 3.24677 98.2996
-0.145102 3.33107 98.2996
-0.229403 3.33107 98.2996
-0.313702 3.33107 98.2996
-0.398003 3.41537 98.2996
-0.482302 3.49967 98.2996
-0.566601 3.58397 98.2996
-0.566601 3.66827 98.2996
-0.566601 3.75257 98.2996
-0.566601 3.83687 98.2996
-0.566601 3.92117 98.2996
-0.566601 4.00547 98.2996
-0.566601 4.08977 98.2996
-0.566601 4.17407 98.2996
-0.566601 4.25837 98.2996
-0.566601 4.34267 98.2996
-0.566601 4.42697 98.2996
-0.482302 4.51127 98.2996
-0.482302 4.59557 98.2996
-0.482302 4.67987 98.2996
-0.482302 4.76417 98.2996
-0.482302 4.84847 98.2996
-0.398003 4.93277 98.2996
-0.398003 5.01707 98.2996
-0.313702 5.10137 98.2996
-0.313702 5.18567 98.2996
-0.229403 5.26997 98.2996
-0.145102 5.26997 98.2996
-0.0608025 5.35427 98.2996
0.0234985 5.43857 98.2996
0.107798 5.43857 98.2996
0.192099 5.43857 98.2996
0.276398 5.52287 98.2996
0.360699 5.52287 98.2996
0.444998 5.52287 98.2996
0.529299 5.52287 98.2996
0.613598 5.60717 98.2996
0.360699 5.94437 98.6996
0.444998 5.94437 98.6996
0.529299 5.94437 98.6996
0.613598 5.94437 98.6996
0.697899 5.94437 98.6996
0.782198 5.94437 98.6996
0.866499 5.94437 98.6996
0.950798 5.94437 98.6996
1.0351 5.94437 98.6996
1.1194 5.94437 98.6996
1.2037 5.94437 98.6996
1.288 5.94437 98.6996
1.3723 5.94437 98.6996
1.4566 5.86007 98.6996
1.5409 5.86007 98.6996
1.6252 5.77577 98.6996
1.7095 5.69147 98.6996
1.7095 5.60717 98.6996
1.7938 5.52287 98.6996
1.8781 5.52287 98.6996
1.9624 5.43857 98.6996
1.9624 5.35427 98.6996
2.0467 5.26997 98.6996
2.131 5.18567 98.6996
2.131 5.10137 98.6996
2.2153 5.01707 98.6996
2.2153 4.93277 98.6996
2.2996 4.84847 98.6996
2.2996 4.76417 98.6996
2.2996 4.67987 98.6996
2.2996 4.59557 98.6996
2.2996 4.51127 98.6996
2.2996 4.42697 98.6996
2.2996 4.34267 98.6996
2.2996 4.25837 98.6996
2.2996 4.17407 98.6996
2.2996 4.08977 98.6996
2.2996 4.00547 98.6996
2.2153 3.92117 98.6996
2.2153 3.83687 98.6996
2.2153 3.75257 98.6996
2.131 3.66827 98.6996
2.131 3.58397 98.6996
2.0467 3.49967 98.6996
1.9624 3.41537 98.6996
1.8781 3.41537 98.6996
1.7938 3.33107 98.6996
1.7095 3.33107 98.6996
1.6252 3.33107 98.6996
1.5409 3.24677 98.6996
1.4566 3.24677 98.6996
1.3723 3.24677 98.6996
1.288 3.24677 98.6996
1.2037 3.24677 98.6996
1.1194 3.24677 98.6996
1.0351 3.24677 98.6996
0.950798 3.24677 98.6996
0.866499 3.24677 98.6996
0.782198 3.24677 98.6996
0.697899 3.24677 98.6996
0.613598 3.24677 98.6996
0.529299 3.24677 98.6996
0.444998 3.24677 98.6996
0.360699 3.24677 98.6996
0.276398 3.24677 98.6996
0.192099 3.24677 98.6996
0.107798 3.24677 98.6996
0.0234985 3.24677 98.6996
-0.0608025 3.24677 98.6996
-0.145102 3.24677 98.6996
-0.229403 3.33107 98.6996
-0.313702 3.41537 98.6996
-0.398003 3.41537 98.6996
-0.482302 3.49967 98.6996
-0.566601 3.58397 98.6996
-0.650902 3.66827 98.6996
-0.735201 3.75257 98.6996
-0.735201 3.83687 98.6996
-0.735201 3.92117 98.6996
-0.735201 4.00547 98.6996
-0.735201 4.08977 98.6996
-0.735201 4.17407 98.6996
-0.735201 4.25837 98.6996
-0.735201 4.34267 98.6996
-0.735201 4.42697 98.6996
-0.735201 4.51127 98.6996
-0.735201 4.59557 98.6996
-0.735201 4.67987 98.6996
-0.735201 4.76417 98.6996
-0.735201 4.84847 98.6996
-0.650902 4.93277 98.6996
-0.650902 5.01707 98.6996
-0.566601 5.10137 98.6996
-0.566601 5.18567 98.6996
-0.482302 5.26997 98.6996
-0.398003 5.35427 98.6996
-0.313702 5.43857 98.6996
-0.229403 5.52287 98.6996
-0.145102 5.52287 98.6996
-0.0608025 5.60717 98.6996
0.0234985 5.69147 98.6996
0.107798 5.77577 98.6996
0.192099 5.77577 98.6996
0.276398 5.86007 98.6996
0.360699 5.94437 98.6996
0.192099 5.94437 99.0996
0.276398 5.94437 99.0996
0.360699 5.94437 99.0996
0.444998 5.94437 99.0996
0.529299 5.94437 99.0996
0.613598 5.94437 99.0996
0.697899 5.94437 99.0996
0.782198 5.94437 99.0996
0.866499 5.94437 99.0996
0.950798 5.94437 99.0996
1.0351 5.94437 99.0996
1.1194 5.94437 99.0996
1.2037 5.94437 99.0996
1.288 5.94437 99.0996
1.3723 5.86007 99.0996
1.4566 5.86007 99.0996
1.5409 5.77577 99.0996
1.6252 5.69147 99.0996
1.7095 5.60717 99.0996
1.7938 5.52287 99.0996
1.8781 5.43857 99.0996
1.9624 5.35427 99.0996
1.9624 5.26997 99.0996
2.0467 5.18567 99.0996
2.131 5.10137 99.0996
2.2153 5.01707 99.0996
2.2996 4.93277 99.0996
2.2996 4.84847 99.0996
2.3839 4.76417 99.0996
2.3839 4.67987 99.0996
2.3839 4.59557 99.0996
2.3839 4.51127 99.0996
2.3839 4.42697 99.0996
2.3839 4.34267 99.0996
2.3839 4.25837 99.0996
2.3839 4.17407 99.0996
2.3839 4.08977 99.0996
2.3839 4.00547 99.0996
2.2996 3.92117 99.0996
2.2996 3.83687 99.0996
2.2153 3.75257 99.0996
2.131 3.66827 99.0996
2.0467 3.58397 99.0996
1.9624 3.49967 99.0996
1.8781 3.41537 99.0996
1.7938 3.33107 99.0996
1.7095 3.33107 99.0996
1.6252 3.33107 99.0996
1.5409 3.33107 99.0996
1.4566 3.24677 99.0996
1.3723 3.24677 99.0996
1.288 3.24677 99.0996
1.2037 3.16247 99.0996
1.1194 3.16247 99.0996
1.0351 3.16247 99.0996
0.950798 3.16247 99.0996
0.866499 3.16247 99.0996
0.782198 3.16247 99.0996
0.697899 3.16247 99.0996
0.613598 3.16247 99.0996
0.529299 3.16247 99.0996
0.444998 3.16247 99.0996
0.360699 3.24677 99.0996
0.276398 3.24677 99.0996
0.192099 3.24677 99.0996
0.107798 3.24677 99.0996
0.0234985 3.33107 99.0996
-0.0608025 3.41537 99.0996
-0.145102 3.49967 99.0996
-0.229403 3.49967 99.0996
-0.313702 3.58397 99.0996
-0.398003 3.66827 99.0996
-0.482302 3.66827 99.0996
-0.566601 3.75257 99.0996
-0.650902 3.83687 99.0996
-0.735201 3.92117 99.0996
-0.735201 4.00547 99.0996
-0.819502 4.08977 99.0996
-0.819502 4.17407 99.0996
-0.819502 4.25837 99.0996
-0.819502 4.34267 99.0996
-0.819502 4.42697 99.0996
-0.819502 4.51127 99.0996
-0.819502 4.59557 99.0996
-0.819502 4.67987 99.0996
-0.735201 4.76417 99.0996
-0.735201 4.84847 99.0996
-0.650902 4.93277 99.0996
-0.650902 5.01707 99.0996
-0.566601 5.10137 99.0996
-0.566601 5.18567 99.0996
-0.482302 5.26997 99.0996
-0.482302 5.35427 99.0996
-0.398003 5.43857 99.0996
-0.313702 5.52287 99.0996
-0.229403 5.60717 99.0996
-0.145102 5.69147 99.0996
-0.0608025 5.77577 99.0996
0.0234985 5.77577 99.0996
0.107798 5.86007 99.0996
0.192099 5.94437 99.0996
0.444998 5.94437 99.4996
0.529299 5.94437 99.4996
0.613598 5.94437 99.4996
0.697899 5.94437 99.4996
0.782198 5.94437 99.4996
0.866499 5.94437 99.4996
0.950798 5.94437 99.4996
1.0351 5.94437 99.4996
1.1194 5.86007 99.4996
1.2037 5.86007 99.4996
1.288 5.86007 99.4996
1.3723 5.77577 99.4996
1.4566 5.77577 99.4996
1.5409 5.69147 99.4996
1.6252 5.60717 99.4996
1.7095 5.52287 99.4996
1.7938 5.43857 99.4996
1.8781 5.35427 99.4996
1.9624 5.26997 99.4996
2.0467 5.18567 99.4996
2.131 5.10137 99.4996
2.131 5.01707 99.4996
2.2153 4.93277 99.4996
2.2153 4.84847 99.4996
2.2153 4.76417 99.4996
2.2153 4.67987 99.4996
2.2153 4.59557 99.4996
2.2153 4.51127 99.4996
2.2153 4.42697 99.4996
2.2153 4.34267 99.4996
2.2153 4.25837 99.4996
2.2153 4.17407 99.4996
2.2153 4.08977 99.4996
2.2153 4.00547 99.4996
2.2153 3.92117 99.4996
2.2153 3.83687 99.4996
2.2153 3.75257 99.4996
2.2153 3.66827 99.4996
2.131 3.58397 99.4996
2.0467 3.49967 99.4996
1.9624 3.41537 99.4996
1.8781 3.33107 99.4996
1.7938 3.33107 99.4996
1.7095 3.33107 99.4996
1.6252 3.33107 99.4996
1.5409 3.33107 99.4996
1.4566 3.33107 99.4996
1.3723 3.24677 99.4996
1.288 3.24677 99.4996
1.2037 3.24677 99.4996
1.1194 3.24677 99.4996
1.0351 3.24677 99.4996
0.950798 3.24677 99.4996
0.866499 3.24677 99.4996
0.782198 3.24677 99.4996
0.697899 3.24677 99.4996
0.613598 3.24677 99.4996
0.529299 3.24677 99.4996
0.444998 3.24677 99.4996
0.360699 3.24677 99.4996
0.276398 3.24677 99.4996
0.192099 3.33107 99.4996
0.107798 3.33107 99.4996
0.0234985 3.41537 99.4996
-0.0608025 3.49967 99.4996
-0.145102 3.58397 99.4996
-0.229403 3.66827 99.4996
-0.313702 3.75257 99.4996
-0.398003 3.83687 99.4996
-0.482302 3.92117 99.4996
-0.482302 4.00547 99.4996
-0.566601 4.08977 99.4996
-0.566601 4.17407 99.4996
-0.566601 4.25837 99.4996
-0.566601 4.34267 99.4996
-0.566601 4.42697 99.4996
-0.566601 4.51127 99.4996
-0.566601 4.59557 99.4996
-0.566601 4.67987 99.4996
-0.566601 4.76417 99.4996
-0.566601 4.84847 99.4996
-0.482302 4.93277 99.4996
-0.482302 5.01707 99.4996
-0.398003 5.10137 99.4996
-0.398003 5.18567 99.4996
-0.313702 5.26997 99.4996
-0.229403 5.35427 99.4996
-0.145102 5.43857 99.4996
-0.0608025 5.52287 99.4996
0.0234985 5.60717 99.4996
0.107798 5.69147 99.4996
0.192099 5.77577 99.4996
0.276398 5.86007 99.4996
0.360699 5.86007 99.4996
0.444998 5.94437 99.4996
0.276398 5.94437 99.2996
0.360699 5.94437 99.2996
0.444998 5.94437 99.2996
0.529299 5.94437 99.2996
0.613598 5.94437 99.2996
0.697899 5.94437 99.2996
0.782198 5.94437 99.2996
0.866499 5.94437 99.2996
0.950798 5.94437 99.2996
1.0351 5.94437 99.2996
1.1194 5.94437 99.2996
1.2037 5.86007 99.2996
1.288 5.86007 99.2996
1.3723 5.86007 99.2996
1.4566 5.77577 99.2996
1.5409 5.77577 99.2996
1.6252 5.69147 99.2996
1.7095 5.60717 99.2996
1.7938 5.52287 99.2996
1.8781 5.43857 99.2996
1.9624 5.35427 99.2996
1.9624 5.26997 99.2996
2.0467 5.18567 99.2996
2.131 5.10137 99.2996
2.2153 5.01707 99.2996
2.2996 4.93277 99.2996
2.2996 4.84847 99.2996
2.2996 4.76417 99.2996
2.2996 4.67987 99.2996
2.2996 4.59557 99.2996
2.2996 4.51127 99.2996
2.2996 4.42697 99.2996
2.2996 4.34267 99.2996
2.2996 4.25837 99.2996
2.2996 4.17407 99.2996
2.2996 4.08977 99.2996
2.2996 4.00547 99.2996
2.2996 3.92117 99.2996
2.2996 3.83687 99.2996
2.2153 3.75257 99.2996
2.2153 3.66827 99.2996
2.131 3.58397 99.2996
2.0467 3.49967 99.2996
1.9624 3.41537 99.2996
1.8781 3.33107 99.2996
1.7938 3.33107 99.2996
1.7095 3.33107 99.2996
1.6252 3.33107 99.2996
1.5409 3.33107 99.2996
1.4566 3.24677 99.2996
1.3723 3.24677 99.2996
1.288 3.24677 99.2996
1.2037 3.24677 99.2996
1.1194 3.24677 99.2996
1.0351 3.24677 99.2996
0.950798 3.24677 99.2996
0.866499 3.24677 99.2996
0.782198 3.24677 99.2996
0.697899 3.24677 99.2996
0.613598 3.24677 99.2996
0.529299 3.24677 99.2996
0.444998 3.24677 99.2996
0.360699 3.24677 99.2996
0.276398 3.24677 99.2996
0.192099 3.24677 99.2996
0.107798 3.24677 99.2996
0.0234985 3.33107 99.2996
-0.0608025 3.41537 99.2996
-0.145102 3.49967 99.2996
-0.229403 3.49967 99.2996
-0.313702 3.58397 99.2996
-0.398003 3.66827 99.2996
-0.482302 3.75257 99.2996
-0.566601 3.83687 99.2996
-0.650902 3.92117 99.2996
-0.650902 4.00547 99.2996
-0.650902 4.08977 99.2996
-0.650902 4.17407 99.2996
-0.650902 4.25837 99.2996
-0.650902 4.34267 99.2996
-0.650902 4.42697 99.2996
-0.650902 4.51127 99.2996
-0.650902 4.59557 99.2996
-0.650902 4.67987 99.2996
-0.650902 4.76417 99.2996
-0.650902 4.84847 99.2996
-0.650902 4.93277 99.2996
-0.650902 5.01707 99.2996
-0.566601 5.10137 99.2996
-0.566601 5.18567 99.2996
-0.482302 5.26997 99.2996
-0.398003 5.35427 99.2996
-0.313702 5.43857 99.2996
-0.229403 5.52287 99.2996
-0.145102 5.60717 99.2996
-0.0608025 5.69147 99.2996
0.0234985 5.77577 99.2996
0.107798 5.86007 99.2996
0.192099 5.86007 99.2996
0.276398 5.94437 99.2996
0.276398 5.94437 98.8996
0.360699 5.94437 98.8996
0.444998 5.94437 98.8996
0.529299 5.94437 98.8996
0.613598 5.94437 98.8996
0.697899 5.94437 98.8996
0.782198 5.94437 98.8996
0.866499 5.94437 98.8996
0.950798 5.94437 98.8996
1.0351 5.94437 98.8996
1.1194 5.94437 98.8996
1.2037 5.94437 98.8996
1.288 5.94437 98.8996
1.3723 5.94437 98.8996
1.4566 5.86007 98.8996
1.5409 5.86007 98.8996
1.6252 5.77577 98.8996
1.7095 5.69147 98.8996
1.7095 5.60717 98.8996
1.7938 5.52287 98.8996
1.8781 5.52287 98.8996
1.9624 5.43857 98.8996
1.9624 5.35427 98.8996
2.0467 5.26997 98.8996
2.131 5.18567 98.8996
2.131 5.10137 98.8996
2.2153 5.01707 98.8996
2.2996 4.93277 98.8996
2.2996 4.84847 98.8996
2.2996 4.76417 98.8996
2.2996 4.67987 98.8996
2.2996 4.59557 98.8996
2.2996 4.51127 98.8996
2.2996 4.42697 98.8996
2.2996 4.34267 98.8996
2.2996 4.25837 98.8996
2.2996 4.17407 98.8996
2.2996 4.08977 98.8996
2.2996 4.00547 98.8996
2.2996 3.92117 98.8996
2.2996 3.83687 98.8996
2.2153 3.75257 98.8996
2.131 3.66827 98.8996
2.131 3.58397 98.8996
2.0467 3.49967 98.8996
1.9624 3.41537 98.8996
1.8781 3.41537 98.8996
1.7938 3.33107 98.8996
1.7095 3.33107 98.8996
1.6252 3.33107 98.8996
1.5409 3.24677 98.8996
1.4566 3.24677 98.8996
1.3723 3.24677 98.8996
1.288 3.24677 98.8996
1.2037 3.24677 98.8996
1.1194 3.24677 98.8996
1.0351 3.24677 98.8996
0.950798 3.24677 98.8996
0.866499 3.24677 98.8996
0.782198 3.24677 98.8996
0.697899 3.24677 98.8996
0.613598 3.24677 98.8996
0.529299 3.24677 98.8996
0.444998 3.24677 98.8996
0.360699 3.24677 98.8996
0.276398 3.24677 98.8996
0.192099 3.24677 98.8996
0.107798 3.24677 98.8996
0.0234985 3.24677 98.8996
-0.0608025 3.33107 98.8996
-0.145102 3.41537 98.8996
-0.229403 3.41537 98.8996
-0.313702 3.49967 98.8996
-0.398003 3.58397 98.8996
-0.482302 3.58397 98.8996
-0.566601 3.66827 98.8996
-0.650902 3.75257 98.8996
-0.735201 3.83687 98.8996
-0.735201 3.92117 98.8996
-0.735201 4.00547 98.8996
-0.735201 4.08977 98.8996
-0.735201 4.17407 98.8996
-0.735201 4.25837 98.8996
-0.735201 4.34267 98.8996
-0.735201 4.42697 98.8996
-0.735201 4.51127 98.8996
-0.735201 4.59557 98.8996
-0.735201 4.67987 98.8996
-0.735201 4.76417 98.8996
-0.735201 4.84847 98.8996
-0.650902 4.93277 98.8996
-0.650902 5.01707 98.8996
-0.566601 5.10137 98.8996
-0.566601 5.18567 98.8996
-0.482302 5.26997 98.8996
-0.482302 5.35427 98.8996
-0.398003 5.43857 98.8996
-0.313702 5.52287 98.8996
-0.229403 5.52287 98.8996
-0.145102 5.60717 98.8996
-0.0608025 5.69147 98.8996
0.0234985 5.77577 98.8996
0.107798 5.77577 98.8996
0.192099 5.86007 98.8996
0.276398 5.94437 98.8996
0.529299 5.77577 98.4996
0.613598 5.77577 98.4996
0.697899 5.77577 98.4996
0.782198 5.77577 98.4996
0.866499 5.77577 98.4996
0.950798 5.77577 98.4996
1.0351 5.77577 98.4996
1.1194 5.77577 98.4996
1.2037 5.69147 98.4996
1.288 5.69147 98.4996
1.3723 5.60717 98.4996
1.4566 5.60717 98.4996
1.5409 5.52287 98.4996
1.6252 5.43857 98.4996
1.7095 5.35427 98.4996
1.7938 5.26997 98.4996
1.8781 5.18567 98.4996
1.8781 5.10137 98.4996
1.9624 5.01707 98.4996
2.0467 4.93277 98.4996
2.0467 4.84847 98.4996
2.131 4.76417 98.4996
2.131 4.67987 98.4996
2.2153 4.59557 98.4996
2.2153 4.51127 98.4996
2.2996 4.42697 98.4996
2.2996 4.34267 98.4996
2.2996 4.25837 98.4996
2.2996 4.17407 98.4996
2.2996 4.08977 98.4996
2.2996 4.00547 98.4996
2.2996 3.92117 98.4996
2.2153 3.83687 98.4996
2.2153 3.75257 98.4996
2.2153 3.66827 98.4996
2.131 3.58397 98.4996
2.131 3.49967 98.4996
2.0467 3.41537 98.4996
1.9624 3.33107 98.4996
1.8781 3.33107 98.4996
1.7938 3.24677 98.4996
1.7095 3.24677 98.4996
1.6252 3.24677 98.4996
1.5409 3.16247 98.4996
1.4566 3.16247 98.4996
1.3723 3.16247 98.4996
1.288 3.16247 98.4996
1.2037 3.16247 98.4996
1.1194 3.16247 98.4996
1.0351 3.16247 98.4996
0.950798 3.16247 98.4996
0.866499 3.16247 98.4996
0.782198 3.16247 98.4996
0.697899 3.16247 98.4996
0.613598 3.16247 98.4996
0.529299 3.16247 98.4996
0.444998 3.16247 98.4996
0.360699 3.16247 98.4996
0.276398 3.16247 98.4996
0.192099 3.16247 98.4996
0.107798 3.24677 98.4996
0.0234985 3.24677 98.4996
-0.0608025 3.24677 98.4996
-0.145102 3.24677 98.4996
-0.229403 3.33107 98.4996
-0.313702 3.33107 98.4996
-0.398003 3.41537 98.4996
-0.482302 3.49967 98.4996
-0.566601 3.58397 98.4996
-0.650902 3.66827 98.4996
-0.650902 3.75257 98.4996
-0.650902 3.83687 98.4996
-0.650902 3.92117 98.4996
-0.650902 4.00547 98.4996
-0.650902 4.08977 98.4996
-0.650902 4.17407 98.4996
-0.650902 4.25837 98.4996
-0.650902 4.34267 98.4996
-0.650902 4.42697 98.4996
-0.650902 4.51127 98.4996
-0.650902 4.59557 98.4996
-0.566601 4.67987 98.4996
-0.566601 4.76417 98.4996
-0.566601 4.84847 98.4996
-0.566601 4.93277 98.4996
-0.566601 5.01707 98.4996
-0.482302 5.10137 98.4996
-0.482302 5.18567 98.4996
-0.398003 5.26997 98.4996
-0.398003 5.35427 98.4996
-0.313702 5.43857 98.4996
-0.229403 5.43857 98.4996
-0.145102 5.52287 98.4996
-0.0608025 5.60717 98.4996
0.0234985 5.60717 98.4996
0.107798 5.60717 98.4996
0.192099 5.69147 98.4996
0.276398 5.69147 98.4996
0.360699 5.69147 98.4996
0.444998 5.69147 98.4996
0.529299 5.77577 98.4996
0.613598 5.60717 98.0996
0.697899 5.60717 98.0996
0.782198 5.60717 98.0996
0.866499 5.60717 98.0996
0.950798 5.60717 98.0996
1.0351 5.60717 98.0996
1.1194 5.60717 98.0996
1.2037 5.52287 98.0996
1.288 5.52287 98.0996
1.3723 5.43857 98.0996
1.4566 5.35427 98.0996
1.4566 5.26997 98.0996
1.5409 5.18567 98.0996
1.6252 5.10137 98.0996
1.6252 5.01707 98.0996
1.7095 4.93277 98.0996
1.7938 4.84847 98.0996
1.8781 4.76417 98.0996
1.8781 4.67987 98.0996
1.9624 4.59557 98.0996
2.0467 4.51127 98.0996
2.0467 4.42697 98.0996
2.131 4.34267 98.0996
2.2153 4.25837 98.0996
2.2153 4.17407 98.0996
2.2153 4.08977 98.0996
2.2153 4.00547 98.0996
2.2153 3.92117 98.0996
2.2153 3.83687 98.0996
2.2153 3.75257 98.0996
2.2153 3.66827 98.0996
2.2153 3.58397 98.0996
2.2153 3.49967 98.0996
2.2153 3.41537 98.0996
2.131 3.33107 98.0996
2.0467 3.24677 98.0996
1.9624 3.24677 98.0996
1.8781 3.16247 98.0996
1.7938 3.16247 98.0996
1.7095 3.16247 98.0996
1.6252 3.16247 98.0996
1.5409 3.16247 98.0996
1.4566 3.16247 98.0996
1.3723 3.16247 98.0996
1.288 3.16247 98.0996
1.2037 3.16247 98.0996
1.1194 3.16247 98.0996
1.0351 3.16247 98.0996
0.950798 3.16247 98.0996
0.866499 3.16247 98.0996
0.782198 3.16247 98.0996
0.697899 3.16247 98.0996
0.613598 3.16247 98.0996
0.529299 3.16247 98.0996
0.444998 3.16247 98.0996
0.360699 3.16247 98.0996
0.276398 3.16247 98.0996
0.192099 3.16247 98.0996
0.107798 3.16247 98.0996
0.0234985 3.16247 98.0996
-0.0608025 3.24677 98.0996
-0.145102 3.24677 98.0996
-0.229403 3.24677 98.0996
-0.313702 3.33107 98.0996
-0.398003 3.33107 98.0996
-0.482302 3.41537 98.0996
-0.482302 3.49967 98.0996
-0.566601 3.58397 98.0996
-0.566601 3.66827 98.0996
-0.566601 3.75257 98.0996
-0.566601 3.83687 98.0996
-0.566601 3.92117 98.0996
-0.566601 4.00547 98.0996
-0.566601 4.08977 98.0996
-0.566601 4.17407 98.0996
-0.566601 4.25837 98.0996
-0.482302 4.34267 98.0996
-0.482302 4.42697 98.0996
-0.398003 4.51127 98.0996
-0.398003 4.59557 98.0996
-0.313702 4.67987 98.0996
-0.313702 4.76417 98.0996
-0.229403 4.84847 98.0996
-0.229403 4.93277 98.0996
-0.145102 5.01707 98.0996
-0.0608025 5.10137 98.0996
0.0234985 5.18567 98.0996
0.0234985 5.26997 98.0996
0.107798 5.35427 98.0996
0.192099 5.43857 98.0996
0.276398 5.52287 98.0996
0.360699 5.52287 98.0996
0.444998 5.52287 98.0996
0.529299 5.52287 98.0996
0.613598 5.60717 98.0996
0.444998 5.69147 97.6996
0.529299 5.69147 97.6996
0.613598 5.69147 97.6996
0.697899 5.69147 97.6996
0.782198 5.69147 97.6996
0.866499 5.69147 97.6996
0.950798 5.69147 97.6996
1.0351 5.69147 97.6996
1.1194 5.69147 97.6996
1.2037 5.69147 97.6996
1.288 5.60717 97.6996
1.3723 5.52287 97.6996
1.4566 5.43857 97.6996
1.4566 5.35427 97.6996
1.5409 5.26997 97.6996
1.6252 5.18567 97.6996
1.6252 5.10137 97.6996
1.7095 5.01707 97.6996
1.7938 4.93277 97.6996
1.8781 4.84847 97.6996
1.8781 4.76417 97.6996
1.9624 4.67987 97.6996
1.9624 4.59557 97.6996
1.9624 4.51127 97.6996
2.0467 4.42697 97.6996
2.0467 4.34267 97.6996
2.131 4.25837 97.6996
2.131 4.17407 97.6996
2.2153 4.08977 97.6996
2.2153 4.00547 97.6996
2.2153 3.92117 97.6996
2.2153 3.83687 97.6996
2.2153 3.75257 97.6996
2.2153 3.66827 97.6996
2.2153 3.58397 97.6996
2.2153 3.49967 97.6996
2.2153 3.41537 97.6996
2.2153 3.33107 97.6996
2.131 3.33107 97.6996
2.0467 3.24677 97.6996
1.9624 3.24677 97.6996
1.8781 3.24677 97.6996
1.7938 3.24677 97.6996
1.7095 3.24677 97.6996
1.6252 3.24677 97.6996
1.5409 3.24677 97.6996
1.4566 3.24677 97.6996
1.3723 3.24677 97.6996
1.288 3.24677 97.6996
1.2037 3.24677 97.6996
1.1194 3.24677 97.6996
1.0351 3.24677 97.6996
0.950798 3.24677 97.6996
0.866499 3.24677 97.6996
0.782198 3.24677 97.6996
0.697899 3.24677 97.6996
0.613598 3.24677 97.6996
0.529299 3.24677 97.6996
0.444998 3.24677 97.6996
0.360699 3.24677 97.6996
0.276398 3.24677 97.6996
0.192099 3.24677 97.6996
0.107798 3.24677 97.6996
0.0234985 3.24677 97.6996
-0.0608025 3.24677 97.6996
-0.145102 3.33107 97.6996
-0.229403 3.33107 97.6996
-0.313702 3.33107 97.6996
-0.398003 3.41537 97.6996
-0.482302 3.49967 97.6996
-0.566601 3.58397 97.6996
-0.566601 3.66827 97.6996
-0.566601 3.75257 97.6996
-0.566601 3.83687 97.6996
-0.566601 3.92117 97.6996
-0.566601 4.00547 97.6996
-0.566601 4.08977 97.6996
-0.566601 4.17407 97.6996
-0.566601 4.25837 97.6996
-0.566601 4.34267 97.6996
-0.566601 4.42697 97.6996
-0.482302 4.51127 97.6996
-0.482302 4.59557 97.6996
-0.398003 4.67987 97.6996
-0.398003 4.76417 97.6996
-0.313702 4.84847 97.6996
-0.313702 4.93277 97.6996
-0.229403 5.01707 97.6996
-0.145102 5.10137 97.6996
-0.145102 5.18567 97.6996
-0.0608025 5.26997 97.6996
0.0234985 5.35427 97.6996
0.107798 5.43857 97.6996
0.192099 5.52287 97.6996
0.276398 5.60717 97.6996
0.360699 5.60717 97.6996
0.444998 5.69147 97.6996
0.529299 5.94437 97.2996
0.613598 5.94437 97.2996
0.697899 5.94437 97.2996
0.782198 5.94437 97.2996
0.866499 5.94437 97.2996
0.950798 5.94437 97.2996
1.0351 5.94437 97.2996
1.1194 5.94437 97.2996
1.2037 5.94437 97.2996
1.288 5.86007 97.2996
1.3723 5.77577 97.2996
1.4566 5.69147 97.2996
1.5409 5.60717 97.2996
1.6252 5.52287 97.2996
1.7095 5.43857 97.2996
1.7095 5.35427 97.2996
1.7095 5.26997 97.2996
1.7938 5.18567 97.2996
1.8781 5.10137 97.2996
1.8781 5.01707 97.2996
1.9624 4.93277 97.2996
1.9624 4.84847 97.2996
2.0467 4.76417 97.2996
2.0467 4.67987 97.2996
2.131 4.59557 97.2996
2.131 4.51127 97.2996
2.2153 4.42697 97.2996
2.2996 4.34267 97.2996
2.2996 4.25837 97.2996
2.3839 4.17407 97.2996
2.3839 4.08977 97.2996
2.3839 4.00547 97.2996
2.4682 3.92117 97.2996
2.4682 3.83687 97.2996
2.4682 3.75257 97.2996
2.4682 3.66827 97.2996
2.4682 3.58397 97.2996
2.4682 3.49967 97.2996
2.4682 3.41537 97.2996
2.3839 3.33107 97.2996
2.2996 3.33107 97.2996
2.2153 3.33107 97.2996
2.131 3.33107 97.2996
2.0467 3.33107 97.2996
1.9624 3.33107 97.2996
1.8781 3.33107 97.2996
1.7938 3.33107 97.2996
1.7095 3.33107 97.2996
1.6252 3.33107 97.2996
1.5409 3.33107 97.2996
1.4566 3.33107 97.2996
1.3723 3.24677 97.2996
1.288 3.24677 97.2996
1.2037 3.24677 97.2996
1.1194 3.24677 97.2996
1.0351 3.24677 97.2996
0.950798 3.24677 97.2996
0.866499 3.24677 97.2996
0.782198 3.24677 97.2996
0.697899 3.24677 97.2996
0.613598 3.24677 97.2996
0.529299 3.33107 97.2996
0.444998 3.33107 97.2996
0.360699 3.33107 97.2996
0.276398 3.33107 97.2996
0.192099 3.33107 97.2996
0.107798 3.33107 97.2996
0.0234985 3.33107 97.2996
-0.0608025 3.33107 97.2996
-0.145102 3.33107 97.2996
-0.229403 3.41537 97.2996
-0.313702 3.41537 97.2996
-0.398003 3.41537 97.2996
-0.482302 3.49967 97.2996
-0.566601 3.58397 97.2996
-0.650902 3.66827 97.2996
-0.650902 3.75257 97.2996
-0.650902 3.83687 97.2996
-0.650902 3.92117 97.2996
-0.650902 4.00547 97.2996
-0.650902 4.08977 97.2996
-0.650902 4.17407 97.2996
-0.650902 4.25837 97.2996
-0.650902 4.34267 97.2996
-0.650902 4.42697 97.2996
-0.650902 4.51127 97.2996
-0.650902 4.59557 97.2996
-0.566601 4.67987 97.2996
-0.566601 4.76417 97.2996
-0.482302 4.84847 97.2996
-0.482302 4.93277 97.2996
-0.398003 5.01707 97.2996
-0.313702 5.10137 97.2996
-0.229403 5.18567 97.2996
-0.229403 5.26997 97.2996
-0.145102 5.35427 97.2996
-0.0608025 5.43857 97.2996
0.0234985 5.52287 97.2996
0.107798 5.60717 97.2996
0.192099 5.69147 97.2996
0.276398 5.69147 97.2996
0.360699 5.77577 97.2996
0.444998 5.86007 97.2996
0.529299 5.94437 97.2996
0.360699 6.11297 96.8997
0.444998 6.11297 96.8997
0.529299 6.11297 96.8997
0.613598 6.11297 96.8997
0.697899 6.11297 96.8997
0.782198 6.11297 96.8997
0.866499 6.11297 96.8997
0.950798 6.11297 96.8997
1.0351 6.11297 96.8997
1.1194 6.11297 96.8997
1.2037 6.02867 96.8997
1.288 5.94437 96.8997
1.3723 5.86007 96.8997
1.4566 5.77577 96.8997
1.5409 5.69147 96.8997
1.5409 5.60717 96.8997
1.6252 5.52287 96.8997
1.7095 5.43857 96.8997
1.7938 5.35427 96.8997
1.7938 5.26997 96.8997
1.8781 5.18567 96.8997
1.9624 5.10137 96.8997
1.9624 5.01707 96.8997
1.9624 4.93277 96.8997
2.0467 4.84847 96.8997
2.131 4.76417 96.8997
2.131 4.67987 96.8997
2.2153 4.59557 96.8997
2.2996 4.51127 96.8997
2.3839 4.42697 96.8997
2.3839 4.34267 96.8997
2.4682 4.25837 96.8997
2.5525 4.17407 96.8997
2.5525 4.08977 96.8997
2.6368 4.00547 96.8997
2.6368 3.92117 96.8997
2.7211 3.83687 96.8997
2.7211 3.75257 96.8997
2.7211 3.66827 96.8997
2.7211 3.58397 96.8997
2.7211 3.49967 96.8997
2.7211 3.41537 96.8997
2.7211 3.33107 96.8997
2.7211 3.24677 96.8997
2.7211 3.16247 96.8997
2.6368 3.16247 96.8997
2.5525 3.16247 96.8997
2.4682 3.16247 96.8997
2.3839 3.16247 96.8997
2.2996 3.16247 96.8997
2.2153 3.16247 96.8997
2.131 3.16247 96.8997
2.0467 3.16247 96.8997
1.9624 3.16247 96.8997
1.8781 3.16247 96.8997
1.7938 3.16247 96.8997
1.7095 3.16247 96.8997
1.6252 3.16247 96.8997
1.5409 3.16247 96.8997
1.4566 3.24677 96.8997
1.3723 3.24677 96.8997
1.288 3.24677 96.8997
1.2037 3.24677 96.8997
1.1194 3.24677 96.8997
1.0351 3.24677 96.8997
0.950798 3.24677 96.8997
0.866499 3.24677 96.8997
0.782198 3.24677 96.8997
0.697899 3.24677 96.8997
0.613598 3.24677 96.8997
0.529299 3.24677 96.8997
0.444998 3.24677 96.8997
0.360699 3.24677 96.8997
0.276398 3.24677 96.8997
0.192099 3.24677 96.8997
0.107798 3.24677 96.8997
0.0234985 3.24677 96.8997
-0.0608025 3.24677 96.8997
-0.145102 3.24677 96.8997
-0.229403 3.24677 96.8997
-0.313702 3.24677 96.8997
-0.398003 3.33107 96.8997
-0.482302 3.33107 96.8997
-0.566601 3.33107 96.8997
-0.650902 3.41537 96.8997
-0.735201 3.49967 96.8997
-0.819502 3.58397 96.8997
-0.819502 3.66827 96.8997
-0.819502 3.75257 96.8997
-0.819502 3.83687 96.8997
-0.819502 3.92117 96.8997
-0.819502 4.00547 96.8997
-0.819502 4.08977 96.8997
-0.819502 4.17407 96.8997
-0.819502 4.25837 96.8997
-0.819502 4.34267 96.8997
-0.819502 4.42697 96.8997
-0.819502 4.51127 96.8997
-0.819502 4.59557 96.8997
-0.819502 4.67987 96.8997
-0.735201 4.76417 96.8997
-0.650902 4.84847 96.8997
-0.566601 4.93277 96.8997
-0.566601 5.01707 96.8997
-0.482302 5.10137 96.8997
-0.398003 5.18567 96.8997
-0.313702 5.26997 96.8997
-0.229403 5.35427 96.8997
-0.145102 5.43857 96.8997
-0.145102 5.52287 96.8997
-0.0608025 5.60717 96.8997
0.0234985 5.69147 96.8997
0.0234985 5.77577 96.8997
0.107798 5.86007 96.8997
0.192099 5.94437 96.8997
0.276398 6.02867 96.8997
0.360699 6.11297 96.8997
0.444998 6.19727 96.4997
0.529299 6.19727 96.4997
0.613598 6.19727 96.4997
0.697899 6.19727 96.4997
0.782198 6.19727 96.4997
0.866499 6.19727 96.4997
0.950798 6.19727 96.4997
1.0351 6.19727 96.4997
1.1194 6.19727 96.4997
1.2037 6.11297 96.4997
1.288 6.02867 96.4997
1.3723 5.94437 96.4997
1.4566 5.86007 96.4997
1.5409 5.77577 96.4997
1.6252 5.69147 96.4997
1.6252 5.60717 96.4997
1.7095 5.52287 96.4997
1.7938 5.43857 96.4997
1.7938 5.35427 96.4997
1.8781 5.26997 96.4997
1.9624 5.18567 96.4997
2.0467 5.10137 96.4997
2.131 5.01707 96.4997
2.131 4.93277 96.4997
2.2153 4.84847 96.4997
2.2996 4.76417 96.4997
2.2996 4.67987 96.4997
2.3839 4.59557 96.4997
2.4682 4.51127 96.4997
2.5525 4.42697 96.4997
2.5525 4.34267 96.4997
2.6368 4.25837 96.4997
2.7211 4.17407 96.4997
2.8054 4.08977 96.4997
2.8054 4.00547 96.4997
2.8897 3.92117 96.4997
2.8897 3.83687 96.4997
2.974 3.75257 96.4997
2.974 3.66827 96.4997
2.974 3.58397 96.4997
2.974 3.49967 96.4997
2.974 3.41537 96.4997
2.974 3.33107 96.4997
2.974 3.24677 96.4997
2.8897 3.16247 96.4997
2.8054 3.07817 96.4997
2.7211 3.07817 96.4997
2.6368 3.07817 96.4997
2.5525 2.99387 96.4997
2.4682 2.99387 96.4997
2.3839 2.99387 96.4997
2.2996 2.99387 96.4997
2.2153 2.99387 96.4997
2.131 2.99387 96.4997
2.0467 2.99387 96.4997
1.9624 2.99387 96.4997
1.8781 2.99387 96.4997
1.7938 2.99387 96.4997
1.7095 2.99387 96.4997
1.6252 2.99387 96.4997
1.5409 3.07817 96.4997
1.4566 3.07817 96.4997
1.3723 3.16247 96.4997
1.288 3.16247 96.4997
1.2037 3.16247 96.4997
1.1194 3.16247 96.4997
1.0351 3.16247 96.4997
0.950798 3.16247 96.4997
0.866499 3.16247 96.4997
0.782198 3.16247 96.4997
0.697899 3.16247 96.4997
0.613598 3.16247 96.4997
0.529299 3.16247 96.4997
0.444998 3.16247 96.4997
0.360699 3.16247 96.4997
0.276398 3.16247 96.4997
0.192099 3.16247 96.4997
0.107798 3.16247 96.4997
0.0234985 3.16247 96.4997
-0.0608025 3.16247 96.4997
-0.145102 3.24677 96.4997
-0.229403 3.24677 96.4997
-0.313702 3.24677 96.4997
-0.398003 3.24677 96.4997
-0.482302 3.24677 96.4997
-0.566601 3.24677 96.4997
-0.650902 3.24677 96.4997
-0.735201 3.24677 96.4997
-0.819502 3.33107 96.4997
-0.903801 3.41537 96.4997
-0.988102 3.49967 96.4997
-1.0724 3.58397 96.4997
-1.1567 3.66827 96.4997
-1.1567 3.75257 96.4997
-1.1567 3.83687 96.4997
-1.1567 3.92117 96.4997
-1.1567 4.00547 96.4997
-1.1567 4.08977 96.4997
-1.1567 4.17407 96.4997
-1.0724 4.25837 96.4997
-0.988102 4.34267 96.4997
-0.903801 4.42697 96.4997
-0.903801 4.51127 96.4997
-0.819502 4.59557 96.4997
-0.819502 4.67987 96.4997
-0.735201 4.76417 96.4997
-0.650902 4.84847 96.4997
-0.566601 4.93277 96.4997
-0.566601 5.01707 96.4997
-0.482302 5.10137 96.4997
-0.398003 5.18567 96.4997
-0.313702 5.26997 96.4997
-0.229403 5.35427 96.4997
-0.145102 5.43857 96.4997
-0.145102 5.52287 96.4997
-0.0608025 5.60717 96.4997
0.0234985 5.69147 96.4997
0.0234985 5.77577 96.4997
0.107798 5.86007 96.4997
0.192099 5.94437 96.4997
0.276398 6.02867 96.4997
0.360699 6.11297 96.4997
0.444998 6.19727 96.4997
0.444998 6.19727 96.0997
0.529299 6.19727 96.0997
0.613598 6.19727 96.0997
0.697899 6.19727 96.0997
0.782198 6.19727 96.0997
0.866499 6.19727 96.0997
0.950798 6.19727 96.0997
1.0351 6.19727 96.0997
1.1194 6.19727 96.0997
1.2037 6.19727 96.0997
1.288 6.11297 96.0997
1.3723 6.02867 96.0997
1.4566 5.94437 96.0997
1.5409 5.86007 96.0997
1.6252 5.77577 96.0997
1.6252 5.69147 96.0997
1.7095 5.60717 96.0997
1.7938 5.52287 96.0997
1.7938 5.43857 96.0997
1.8781 5.35427 96.0997
1.9624 5.26997 96.0997
2.0467 5.18567 96.0997
2.131 5.10137 96.0997
2.2153 5.01707 96.0997
2.2996 4.93277 96.0997
2.2996 4.84847 96.0997
2.3839 4.76417 96.0997
2.4682 4.67987 96.0997
2.5525 4.59557 96.0997
2.6368 4.51127 96.0997
2.7211 4.42697 96.0997
2.8054 4.34267 96.0997
2.8054 4.25837 96.0997
2.8897 4.17407 96.0997
2.974 4.08977 96.0997
3.0583 4.00547 96.0997
3.1426 3.92117 96.0997
3.1426 3.83687 96.0997
3.1426 3.75257 96.0997
3.1426 3.66827 96.0997
3.1426 3.58397 96.0997
3.1426 3.49967 96.0997
3.1426 3.41537 96.0997
3.1426 3.33107 96.0997
3.0583 3.24677 96.0997
3.0583 3.16247 96.0997
2.974 3.07817 96.0997
2.8897 3.07817 96.0997
2.8054 2.99387 96.0997
2.7211 2.99387 96.0997
2.6368 2.99387 96.0997
2.5525 2.90957 96.0997
2.4682 2.90957 96.0997
2.3839 2.90957 96.0997
2.2996 2.90957 96.0997
2.2153 2.90957 96.0997
2.131 2.90957 96.0997
2.0467 2.90957 96.0997
1.9624 2.90957 96.0997
1.8781 2.90957 96.0997
1.7938 2.90957 96.0997
1.7095 2.90957 96.0997
1.6252 2.90957 96.0997
1.5409 2.90957 96.0997
1.4566 2.90957 96.0997
1.3723 2.90957 96.0997
1.288 2.90957 96.0997
1.2037 2.90957 96.0997
1.1194 2.90957 96.0997
1.0351 2.90957 96.0997
0.950798 2.90957 96.0997
0.866499 2.90957 96.0997
0.782198 2.99387 96.0997
0.697899 2.99387 96.0997
0.613598 2.99387 96.0997
0.529299 2.99387 96.0997
0.444998 2.99387 96.0997
0.360699 2.99387 96.0997
0.276398 2.99387 96.0997
0.192099 2.99387 96.0997
0.107798 3.07817 96.0997
0.0234985 3.07817 96.0997
-0.0608025 3.07817 96.0997
-0.145102 3.16247 96.0997
-0.229403 3.16247 96.0997
-0.313702 3.16247 96.0997
-0.398003 3.16247 96.0997
-0.482302 3.16247 96.0997
-0.566601 3.16247 96.0997
-0.650902 3.16247 96.0997
-0.735201 3.24677 96.0997
-0.819502 3.24677 96.0997
-0.903801 3.24677 96.0997
-0.988102 3.33107 96.0997
-1.0724 3.33107 96.0997
-1.1567 3.33107 96.0997
-1.241 3.41537 96.0997
-1.3253 3.49967 96.0997
-1.3253 3.58397 96.0997
-1.3253 3.66827 96.0997
-1.3253 3.75257 96.0997
-1.3253 3.83687 96.0997
-1.3253 3.92117 96.0997
-1.3253 4.00547 96.0997
-1.3253 4.08977 96.0997
-1.241 4.17407 96.0997
-1.1567 4.25837 96.0997
-1.0724 4.34267 96.0997
-0.988102 4.42697 96.0997
-0.903801 4.51127 96.0997
-0.819502 4.59557 96.0997
-0.819502 4.67987 96.0997
-0.735201 4.76417 96.0997
-0.650902 4.84847 96.0997
-0.566601 4.93277 96.0997
-0.566601 5.01707 96.0997
-0.482302 5.10137 96.0997
-0.398003 5.18567 96.0997
-0.313702 5.26997 96.0997
-0.313702 5.35427 96.0997
-0.229403 5.43857 96.0997
-0.145102 5.52287 96.0997
-0.145102 5.60717 96.0997
-0.0608025 5.69147 96.0997
0.0234985 5.77577 96.0997
0.107798 5.86007 96.0997
0.192099 5.94437 96.0997
0.276398 6.02867 96.0997
0.360699 6.11297 96.0997
0.444998 6.19727 96.0997
