# Output from PinnacleROI.cpp
# First line is number of curves
# Second line is space-separated number of points in each curve
# Remainder are the points themselves
16
115 75 30 70 60 72 101 125 77 46 123 128 130 128 117 126 
0.360699 6.45017 90.4997
0.444998 6.45017 90.4997
0.529299 6.45017 90.4997
0.613598 6.45017 90.4997
0.697899 6.45017 90.4997
0.782198 6.45017 90.4997
0.866499 6.45017 90.4997
0.950798 6.45017 90.4997
1.0351 6.45017 90.4997
1.1194 6.45017 90.4997
1.2037 6.45017 90.4997
1.288 6.45017 90.4997
1.3723 6.45017 90.4997
1.4566 6.45017 90.4997
1.5409 6.45017 90.4997
1.6252 6.45017 90.4997
1.7095 6.45017 90.4997
1.7938 6.36587 90.4997
1.8781 6.36587 90.4997
1.9624 6.28157 90.4997
2.0467 6.28157 90.4997
2.131 6.19727 90.4997
2.2153 6.19727 90.4997
2.2996 6.11297 90.4997
2.3839 6.02867 90.4997
2.4682 5.94437 90.4997
2.4682 5.86007 90.4997
2.4682 5.77577 90.4997
2.3839 5.69147 90.4997
2.3839 5.60717 90.4997
2.2996 5.52287 90.4997
2.2996 5.43857 90.4997
2.2996 5.35427 90.4997
2.2996 5.26997 90.4997
2.2996 5.18567 90.4997
2.2996 5.10137 90.4997
2.3839 5.01707 90.4997
2.4682 4.93277 90.4997
2.5525 4.84847 90.4997
2.6368 4.76417 90.4997
2.7211 4.76417 90.4997
2.8054 4.76417 90.4997
2.8897 4.76417 90.4997
2.974 4.76417 90.4997
2.974 4.67987 90.4997
2.974 4.59557 90.4997
2.974 4.51127 90.4997
2.974 4.42697 90.4997
2.974 4.34267 90.4997
2.974 4.25837 90.4997
2.974 4.17407 90.4997
2.8897 4.08977 90.4997
2.8054 4.00547 90.4997
2.7211 3.92117 90.4997
2.6368 3.83687 90.4997
2.5525 3.75257 90.4997
2.4682 3.75257 90.4997
2.3839 3.75257 90.4997
2.3839 3.83687 90.4997
2.3839 3.92117 90.4997
2.3839 4.00547 90.4997
2.3839 4.08977 90.4997
2.2996 4.17407 90.4997
2.2153 4.25837 90.4997
2.131 4.34267 90.4997
2.0467 4.42697 90.4997
1.9624 4.51127 90.4997
1.8781 4.51127 90.4997
1.7938 4.51127 90.4997
1.7095 4.51127 90.4997
1.6252 4.51127 90.4997
1.5409 4.51127 90.4997
1.4566 4.51127 90.4997
1.3723 4.51127 90.4997
1.288 4.51127 90.4997
1.2037 4.51127 90.4997
1.1194 4.42697 90.4997
1.0351 4.42697 90.4997
0.950798 4.42697 90.4997
0.866499 4.34267 90.4997
0.782198 4.34267 90.4997
0.697899 4.34267 90.4997
0.613598 4.34267 90.4997
0.529299 4.34267 90.4997
0.444998 4.34267 90.4997
0.360699 4.34267 90.4997
0.276398 4.42697 90.4997
0.192099 4.51127 90.4997
0.107798 4.59557 90.4997
0.0234985 4.67987 90.4997
-0.0608025 4.76417 90.4997
-0.145102 4.76417 90.4997
-0.229403 4.76417 90.4997
-0.313702 4.76417 90.4997
-0.313702 4.84847 90.4997
-0.313702 4.93277 90.4997
-0.313702 5.01707 90.4997
-0.313702 5.10137 90.4997
-0.313702 5.18567 90.4997
-0.313702 5.26997 90.4997
-0.313702 5.35427 90.4997
-0.313702 5.43857 90.4997
-0.313702 5.52287 90.4997
-0.313702 5.60717 90.4997
-0.313702 5.69147 90.4997
-0.313702 5.77577 90.4997
-0.229403 5.86007 90.4997
-0.229403 5.94437 90.4997
-0.145102 6.02867 90.4997
-0.0608025 6.11297 90.4997
0.0234985 6.19727 90.4997
0.107798 6.28157 90.4997
0.192099 6.36587 90.4997
0.276398 6.36587 90.4997
0.360699 6.45017 90.4997
2.974 5.52287 92.2997
3.0583 5.52287 92.2997
3.1426 5.43857 92.2997
3.1426 5.35427 92.2997
3.2269 5.26997 92.2997
3.2269 5.18567 92.2997
3.3112 5.10137 92.2997
3.3112 5.01707 92.2997
3.3112 4.93277 92.2997
3.3112 4.84847 92.2997
3.3955 4.76417 92.2997
3.3955 4.67987 92.2997
3.3955 4.59557 92.2997
3.3955 4.51127 92.2997
3.3955 4.42697 92.2997
3.3955 4.34267 92.2997
3.3955 4.25837 92.2997
3.3955 4.17407 92.2997
3.3955 4.08977 92.2997
3.3955 4.00547 92.2997
3.3112 3.92117 92.2997
3.3112 3.83687 92.2997
3.2269 3.75257 92.2997
3.2269 3.66827 92.2997
3.2269 3.58397 92.2997
3.1426 3.49967 92.2997
3.1426 3.41537 92.2997
3.0583 3.33107 92.2997
2.974 3.24677 92.2997
2.8897 3.16247 92.2997
2.8054 3.16247 92.2997
2.7211 3.07817 92.2997
2.6368 2.99387 92.2997
2.5525 2.99387 92.2997
2.4682 2.90957 92.2997
2.3839 2.90957 92.2997
2.2996 2.82527 92.2997
2.2153 2.82527 92.2997
2.2153 2.90957 92.2997
2.2153 2.99387 92.2997
2.2153 3.07817 92.2997
2.131 3.16247 92.2997
2.0467 3.24677 92.2997
1.9624 3.33107 92.2997
1.9624 3.41537 92.2997
1.9624 3.49967 92.2997
2.0467 3.49967 92.2997
2.131 3.49967 92.2997
2.2153 3.49967 92.2997
2.2996 3.49967 92.2997
2.3839 3.49967 92.2997
2.4682 3.58397 92.2997
2.5525 3.66827 92.2997
2.6368 3.75257 92.2997
2.7211 3.83687 92.2997
2.8054 3.92117 92.2997
2.8054 4.00547 92.2997
2.8054 4.08977 92.2997
2.8054 4.17407 92.2997
2.8054 4.25837 92.2997
2.7211 4.34267 92.2997
2.6368 4.42697 92.2997
2.6368 4.51127 92.2997
2.7211 4.59557 92.2997
2.7211 4.67987 92.2997
2.7211 4.76417 92.2997
2.7211 4.84847 92.2997
2.7211 4.93277 92.2997
2.7211 5.01707 92.2997
2.8054 5.10137 92.2997
2.8054 5.18567 92.2997
2.8897 5.26997 92.2997
2.8897 5.35427 92.2997
2.974 5.43857 92.2997
2.974 5.52287 92.2997
0.192099 3.58397 92.2997
0.276398 3.49967 92.2997
0.360699 3.49967 92.2997
0.444998 3.49967 92.2997
0.529299 3.49967 92.2997
0.613598 3.49967 92.2997
0.697899 3.49967 92.2997
0.782198 3.58397 92.2997
0.866499 3.58397 92.2997
0.866499 3.49967 92.2997
0.782198 3.41537 92.2997
0.697899 3.33107 92.2997
0.697899 3.24677 92.2997
0.697899 3.16247 92.2997
0.613598 3.16247 92.2997
0.529299 3.16247 92.2997
0.444998 3.07817 92.2997
0.360699 2.99387 92.2997
0.276398 2.90957 92.2997
0.192099 2.82527 92.2997
0.107798 2.82527 92.2997
0.0234985 2.90957 92.2997
-0.0608025 2.99387 92.2997
-0.0608025 3.07817 92.2997
-0.0608025 3.16247 92.2997
-0.0608025 3.24677 92.2997
-0.0608025 3.33107 92.2997
0.0234985 3.41537 92.2997
0.107798 3.49967 92.2997
0.192099 3.58397 92.2997
2.8897 5.35427 92.4997
2.974 5.35427 92.4997
3.0583 5.26997 92.4997
3.0583 5.18567 92.4997
3.1426 5.10137 92.4997
3.2269 5.01707 92.4997
3.2269 4.93277 92.4997
3.3112 4.84847 92.4997
3.3112 4.76417 92.4997
3.3112 4.67987 92.4997
3.3112 4.59557 92.4997
3.3112 4.51127 92.4997
3.3112 4.42697 92.4997
3.3112 4.34267 92.4997
3.3112 4.25837 92.4997
3.3112 4.17407 92.4997
3.3112 4.08977 92.4997
3.3112 4.00547 92.4997
3.3112 3.92117 92.4997
3.3112 3.83687 92.4997
3.2269 3.75257 92.4997
3.2269 3.66827 92.4997
3.1426 3.58397 92.4997
3.1426 3.49967 92.4997
3.0583 3.41537 92.4997
2.974 3.33107 92.4997
2.8897 3.24677 92.4997
2.8054 3.16247 92.4997
2.7211 3.16247 92.4997
2.6368 3.07817 92.4997
2.5525 2.99387 92.4997
2.4682 2.99387 92.4997
2.3839 2.90957 92.4997
2.2996 2.90957 92.4997
2.2153 2.90957 92.4997
2.131 2.82527 92.4997
2.131 2.90957 92.4997
2.131 2.99387 92.4997
2.131 3.07817 92.4997
2.131 3.16247 92.4997
2.0467 3.24677 92.4997
2.0467 3.33107 92.4997
2.0467 3.41537 92.4997
2.131 3.41537 92.4997
2.2153 3.41537 92.4997
2.2996 3.41537 92.4997
2.3839 3.41537 92.4997
2.4682 3.49967 92.4997
2.5525 3.58397 92.4997
2.6368 3.66827 92.4997
2.7211 3.75257 92.4997
2.7211 3.83687 92.4997
2.7211 3.92117 92.4997
2.7211 4.00547 92.4997
2.7211 4.08977 92.4997
2.6368 4.17407 92.4997
2.5525 4.25837 92.4997
2.6368 4.34267 92.4997
2.6368 4.42697 92.4997
2.6368 4.51127 92.4997
2.6368 4.59557 92.4997
2.6368 4.67987 92.4997
2.6368 4.76417 92.4997
2.5525 4.84847 92.4997
2.6368 4.93277 92.4997
2.7211 5.01707 92.4997
2.7211 5.10137 92.4997
2.8054 5.18567 92.4997
2.8054 5.26997 92.4997
2.8897 5.35427 92.4997
2.974 5.01707 92.6997
3.0583 5.01707 92.6997
3.1426 5.01707 92.6997
3.1426 4.93277 92.6997
3.2269 4.84847 92.6997
3.2269 4.76417 92.6997
3.2269 4.67987 92.6997
3.2269 4.59557 92.6997
3.2269 4.51127 92.6997
3.2269 4.42697 92.6997
3.2269 4.34267 92.6997
3.2269 4.25837 92.6997
3.2269 4.17407 92.6997
3.2269 4.08977 92.6997
3.2269 4.00547 92.6997
3.2269 3.92117 92.6997
3.2269 3.83687 92.6997
3.2269 3.75257 92.6997
3.1426 3.66827 92.6997
3.1426 3.58397 92.6997
3.0583 3.49967 92.6997
2.974 3.41537 92.6997
2.8897 3.33107 92.6997
2.8054 3.24677 92.6997
2.7211 3.16247 92.6997
2.6368 3.16247 92.6997
2.5525 3.07817 92.6997
2.4682 3.07817 92.6997
2.3839 2.99387 92.6997
2.2996 2.99387 92.6997
2.2153 2.99387 92.6997
2.131 2.90957 92.6997
2.0467 2.90957 92.6997
2.131 2.99387 92.6997
2.2153 3.07817 92.6997
2.2996 3.16247 92.6997
2.2996 3.24677 92.6997
2.2996 3.33107 92.6997
2.3839 3.33107 92.6997
2.4682 3.33107 92.6997
2.5525 3.41537 92.6997
2.6368 3.49967 92.6997
2.7211 3.58397 92.6997
2.8054 3.66827 92.6997
2.8897 3.75257 92.6997
2.8897 3.83687 92.6997
2.8897 3.92117 92.6997
2.8897 4.00547 92.6997
2.8897 4.08977 92.6997
2.8897 4.17407 92.6997
2.8054 4.25837 92.6997
2.7211 4.34267 92.6997
2.6368 4.42697 92.6997
2.7211 4.51127 92.6997
2.8054 4.59557 92.6997
2.8054 4.67987 92.6997
2.8897 4.76417 92.6997
2.974 4.84847 92.6997
2.974 4.93277 92.6997
2.974 5.01707 92.6997
1.3723 6.11297 90.0997
1.4566 6.02867 90.0997
1.5409 5.94437 90.0997
1.6252 5.86007 90.0997
1.7095 5.77577 90.0997
1.7938 5.77577 90.0997
1.8781 5.77577 90.0997
1.9624 5.77577 90.0997
2.0467 5.77577 90.0997
2.131 5.77577 90.0997
2.131 5.69147 90.0997
2.131 5.60717 90.0997
2.2153 5.52287 90.0997
2.2153 5.43857 90.0997
2.2153 5.35427 90.0997
2.2153 5.26997 90.0997
2.2153 5.18567 90.0997
2.2996 5.10137 90.0997
2.3839 5.01707 90.0997
2.4682 4.93277 90.0997
2.5525 4.93277 90.0997
2.6368 4.93277 90.0997
2.7211 4.93277 90.0997
2.8054 4.84847 90.0997
2.8054 4.76417 90.0997
2.8054 4.67987 90.0997
2.8054 4.59557 90.0997
2.8054 4.51127 90.0997
2.8054 4.42697 90.0997
2.7211 4.34267 90.0997
2.6368 4.34267 90.0997
2.5525 4.34267 90.0997
2.4682 4.25837 90.0997
2.4682 4.34267 90.0997
2.4682 4.42697 90.0997
2.4682 4.51127 90.0997
2.4682 4.59557 90.0997
2.4682 4.67987 90.0997
2.4682 4.76417 90.0997
2.4682 4.84847 90.0997
2.4682 4.93277 90.0997
2.3839 5.01707 90.0997
2.2996 5.10137 90.0997
2.2153 5.18567 90.0997
2.131 5.26997 90.0997
2.0467 5.35427 90.0997
1.9624 5.43857 90.0997
1.8781 5.43857 90.0997
1.7938 5.43857 90.0997
1.7095 5.43857 90.0997
1.6252 5.43857 90.0997
1.5409 5.43857 90.0997
1.4566 5.43857 90.0997
1.3723 5.43857 90.0997
1.288 5.35427 90.0997
1.2037 5.26997 90.0997
1.1194 5.18567 90.0997
1.0351 5.26997 90.0997
0.950798 5.26997 90.0997
0.866499 5.26997 90.0997
0.950798 5.35427 90.0997
1.0351 5.35427 90.0997
1.1194 5.35427 90.0997
1.2037 5.43857 90.0997
1.288 5.52287 90.0997
1.288 5.60717 90.0997
1.288 5.69147 90.0997
1.3723 5.77577 90.0997
1.3723 5.86007 90.0997
1.3723 5.94437 90.0997
1.3723 6.02867 90.0997
1.3723 6.11297 90.0997
0.360699 6.28157 90.2997
0.444998 6.28157 90.2997
0.529299 6.28157 90.2997
0.613598 6.28157 90.2997
0.697899 6.28157 90.2997
0.782198 6.28157 90.2997
0.866499 6.28157 90.2997
0.950798 6.28157 90.2997
1.0351 6.28157 90.2997
1.1194 6.28157 90.2997
1.2037 6.28157 90.2997
1.288 6.28157 90.2997
1.3723 6.28157 90.2997
1.4566 6.28157 90.2997
1.5409 6.28157 90.2997
1.6252 6.28157 90.2997
1.7095 6.28157 90.2997
1.7938 6.28157 90.2997
1.8781 6.28157 90.2997
1.9624 6.19727 90.2997
2.0467 6.19727 90.2997
2.131 6.11297 90.2997
2.2153 6.11297 90.2997
2.2996 6.02867 90.2997
2.3839 5.94437 90.2997
2.4682 5.86007 90.2997
2.3839 5.77577 90.2997
2.3839 5.69147 90.2997
2.2996 5.60717 90.2997
2.2996 5.52287 90.2997
2.2996 5.43857 90.2997
2.2996 5.35427 90.2997
2.2996 5.26997 90.2997
2.2996 5.18567 90.2997
2.3839 5.10137 90.2997
2.4682 5.01707 90.2997
2.5525 5.01707 90.2997
2.6368 5.01707 90.2997
2.7211 5.01707 90.2997
2.8054 5.10137 90.2997
2.8054 5.01707 90.2997
2.8054 4.93277 90.2997
2.8054 4.84847 90.2997
2.8054 4.76417 90.2997
2.8054 4.67987 90.2997
2.8054 4.59557 90.2997
2.8054 4.51127 90.2997
2.8054 4.42697 90.2997
2.7211 4.34267 90.2997
2.7211 4.25837 90.2997
2.6368 4.17407 90.2997
2.5525 4.08977 90.2997
2.4682 4.00547 90.2997
2.3839 4.08977 90.2997
2.2996 4.17407 90.2997
2.2996 4.25837 90.2997
2.2996 4.34267 90.2997
2.2996 4.42697 90.2997
2.2996 4.51127 90.2997
2.2153 4.59557 90.2997
2.131 4.67987 90.2997
2.0467 4.76417 90.2997
1.9624 4.84847 90.2997
1.8781 4.84847 90.2997
1.7938 4.84847 90.2997
1.7095 4.84847 90.2997
1.6252 4.84847 90.2997
1.5409 4.84847 90.2997
1.4566 4.84847 90.2997
1.3723 4.84847 90.2997
1.288 4.76417 90.2997
1.2037 4.67987 90.2997
1.1194 4.67987 90.2997
1.0351 4.67987 90.2997
0.950798 4.67987 90.2997
0.866499 4.76417 90.2997
0.782198 4.76417 90.2997
0.697899 4.76417 90.2997
0.613598 4.84847 90.2997
0.529299 4.93277 90.2997
0.444998 4.93277 90.2997
0.360699 5.01707 90.2997
0.276398 5.10137 90.2997
0.192099 5.10137 90.2997
0.107798 5.18567 90.2997
0.0234985 5.18567 90.2997
-0.0608025 5.18567 90.2997
-0.145102 5.18567 90.2997
-0.145102 5.26997 90.2997
-0.145102 5.35427 90.2997
-0.145102 5.43857 90.2997
-0.145102 5.52287 90.2997
-0.145102 5.60717 90.2997
-0.145102 5.69147 90.2997
-0.145102 5.77577 90.2997
-0.0608025 5.86007 90.2997
0.0234985 5.94437 90.2997
0.107798 6.02867 90.2997
0.192099 6.11297 90.2997
0.276398 6.19727 90.2997
0.360699 6.28157 90.2997
3.3112 5.43857 91.6997
3.3112 5.35427 91.6997
3.3955 5.26997 91.6997
3.3955 5.18567 91.6997
3.3955 5.10137 91.6997
3.4798 5.01707 91.6997
3.4798 4.93277 91.6997
3.5641 4.84847 91.6997
3.5641 4.76417 91.6997
3.5641 4.67987 91.6997
3.5641 4.59557 91.6997
3.5641 4.51127 91.6997
3.5641 4.42697 91.6997
3.5641 4.34267 91.6997
3.5641 4.25837 91.6997
3.5641 4.17407 91.6997
3.4798 4.08977 91.6997
3.4798 4.00547 91.6997
3.3955 3.92117 91.6997
3.3955 3.83687 91.6997
3.3112 3.75257 91.6997
3.3112 3.66827 91.6997
3.2269 3.58397 91.6997
3.1426 3.49967 91.6997
3.0583 3.41537 91.6997
2.974 3.33107 91.6997
2.8897 3.24677 91.6997
2.8054 3.16247 91.6997
2.7211 3.07817 91.6997
2.6368 3.07817 91.6997
2.5525 2.99387 91.6997
2.4682 3.07817 91.6997
2.3839 3.16247 91.6997
2.2996 3.24677 91.6997
2.2153 3.24677 91.6997
2.131 3.24677 91.6997
2.0467 3.24677 91.6997
1.9624 3.24677 91.6997
1.8781 3.24677 91.6997
1.7938 3.16247 91.6997
1.7095 3.07817 91.6997
1.6252 2.99387 91.6997
1.5409 2.90957 91.6997
1.4566 2.82527 91.6997
1.3723 2.82527 91.6997
1.288 2.82527 91.6997
1.2037 2.82527 91.6997
1.1194 2.82527 91.6997
1.0351 2.82527 91.6997
0.950798 2.90957 91.6997
0.866499 2.90957 91.6997
0.782198 2.99387 91.6997
0.697899 3.07817 91.6997
0.613598 3.07817 91.6997
0.529299 3.16247 91.6997
0.444998 3.16247 91.6997
0.360699 3.24677 91.6997
0.276398 3.24677 91.6997
0.192099 3.24677 91.6997
0.107798 3.33107 91.6997
0.0234985 3.41537 91.6997
-0.0608025 3.41537 91.6997
-0.145102 3.41537 91.6997
-0.229403 3.49967 91.6997
-0.313702 3.58397 91.6997
-0.398003 3.66827 91.6997
-0.482302 3.75257 91.6997
-0.482302 3.83687 91.6997
-0.566601 3.92117 91.6997
-0.566601 4.00547 91.6997
-0.566601 4.08977 91.6997
-0.650902 4.17407 91.6997
-0.650902 4.25837 91.6997
-0.650902 4.34267 91.6997
-0.566601 4.42697 91.6997
-0.482302 4.42697 91.6997
-0.398003 4.42697 91.6997
-0.313702 4.51127 91.6997
-0.398003 4.59557 91.6997
-0.398003 4.67987 91.6997
-0.313702 4.67987 91.6997
-0.229403 4.59557 91.6997
-0.145102 4.59557 91.6997
-0.0608025 4.59557 91.6997
0.0234985 4.59557 91.6997
0.107798 4.59557 91.6997
0.192099 4.59557 91.6997
0.276398 4.59557 91.6997
0.360699 4.67987 91.6997
0.444998 4.67987 91.6997
0.529299 4.67987 91.6997
0.613598 4.67987 91.6997
0.697899 4.67987 91.6997
0.782198 4.67987 91.6997
0.866499 4.67987 91.6997
0.950798 4.67987 91.6997
1.0351 4.67987 91.6997
1.1194 4.67987 91.6997
1.2037 4.67987 91.6997
1.288 4.67987 91.6997
1.3723 4.67987 91.6997
1.4566 4.67987 91.6997
1.5409 4.67987 91.6997
1.6252 4.67987 91.6997
1.7095 4.76417 91.6997
1.7938 4.76417 91.6997
1.8781 4.67987 91.6997
1.9624 4.67987 91.6997
2.0467 4.67987 91.6997
2.131 4.67987 91.6997
2.2153 4.67987 91.6997
2.2996 4.67987 91.6997
2.3839 4.67987 91.6997
2.4682 4.76417 91.6997
2.5525 4.76417 91.6997
2.6368 4.84847 91.6997
2.7211 4.84847 91.6997
2.8054 4.84847 91.6997
2.8897 4.93277 91.6997
2.974 5.01707 91.6997
3.0583 5.10137 91.6997
3.1426 5.18567 91.6997
3.2269 5.26997 91.6997
3.3112 5.35427 91.6997
3.3112 5.43857 91.6997
3.0583 5.60717 92.0997
3.1426 5.52287 92.0997
3.2269 5.43857 92.0997
3.2269 5.35427 92.0997
3.3112 5.26997 92.0997
3.3112 5.18567 92.0997
3.3955 5.10137 92.0997
3.3955 5.01707 92.0997
3.3955 4.93277 92.0997
3.3955 4.84847 92.0997
3.3955 4.76417 92.0997
3.3955 4.67987 92.0997
3.3955 4.59557 92.0997
3.3955 4.51127 92.0997
3.3955 4.42697 92.0997
3.3955 4.34267 92.0997
3.3955 4.25837 92.0997
3.3955 4.17407 92.0997
3.3955 4.08977 92.0997
3.3955 4.00547 92.0997
3.3955 3.92117 92.0997
3.3112 3.83687 92.0997
3.3112 3.75257 92.0997
3.2269 3.66827 92.0997
3.2269 3.58397 92.0997
3.1426 3.49967 92.0997
3.0583 3.41537 92.0997
3.0583 3.33107 92.0997
3.0583 3.24677 92.0997
2.974 3.16247 92.0997
2.974 3.07817 92.0997
2.974 2.99387 92.0997
2.8897 2.90957 92.0997
2.8054 2.82527 92.0997
2.7211 2.82527 92.0997
2.6368 2.82527 92.0997
2.5525 2.82527 92.0997
2.4682 2.90957 92.0997
2.3839 2.99387 92.0997
2.2996 3.07817 92.0997
2.2153 3.07817 92.0997
2.131 3.16247 92.0997
2.0467 3.16247 92.0997
1.9624 3.16247 92.0997
1.8781 3.16247 92.0997
1.7938 3.24677 92.0997
1.7938 3.33107 92.0997
1.7938 3.41537 92.0997
1.8781 3.49967 92.0997
1.9624 3.58397 92.0997
2.0467 3.66827 92.0997
2.131 3.66827 92.0997
2.2153 3.66827 92.0997
2.2996 3.66827 92.0997
2.3839 3.75257 92.0997
2.4682 3.83687 92.0997
2.5525 3.92117 92.0997
2.6368 4.00547 92.0997
2.6368 4.08977 92.0997
2.6368 4.17407 92.0997
2.6368 4.25837 92.0997
2.6368 4.34267 92.0997
2.6368 4.42697 92.0997
2.6368 4.51127 92.0997
2.6368 4.59557 92.0997
2.5525 4.67987 92.0997
2.4682 4.76417 92.0997
2.4682 4.84847 92.0997
2.4682 4.93277 92.0997
2.5525 5.01707 92.0997
2.6368 5.10137 92.0997
2.7211 5.18567 92.0997
2.8054 5.26997 92.0997
2.8897 5.35427 92.0997
2.8897 5.43857 92.0997
2.974 5.52287 92.0997
3.0583 5.60717 92.0997
0.529299 3.92117 92.0997
0.613598 3.83687 92.0997
0.697899 3.83687 92.0997
0.782198 3.75257 92.0997
0.866499 3.75257 92.0997
0.950798 3.66827 92.0997
1.0351 3.66827 92.0997
1.1194 3.66827 92.0997
1.2037 3.58397 92.0997
1.288 3.58397 92.0997
1.288 3.49967 92.0997
1.2037 3.41537 92.0997
1.2037 3.33107 92.0997
1.1194 3.24677 92.0997
1.0351 3.16247 92.0997
1.0351 3.07817 92.0997
0.950798 3.07817 92.0997
0.866499 2.99387 92.0997
0.782198 2.90957 92.0997
0.697899 2.90957 92.0997
0.613598 2.82527 92.0997
0.529299 2.82527 92.0997
0.444998 2.82527 92.0997
0.360699 2.82527 92.0997
0.276398 2.82527 92.0997
0.192099 2.82527 92.0997
0.107798 2.82527 92.0997
0.0234985 2.82527 92.0997
-0.0608025 2.82527 92.0997
-0.145102 2.82527 92.0997
-0.229403 2.90957 92.0997
-0.313702 2.90957 92.0997
-0.398003 2.99387 92.0997
-0.398003 3.07817 92.0997
-0.398003 3.16247 92.0997
-0.313702 3.24677 92.0997
-0.229403 3.33107 92.0997
-0.145102 3.41537 92.0997
-0.0608025 3.49967 92.0997
0.0234985 3.58397 92.0997
0.107798 3.66827 92.0997
0.192099 3.66827 92.0997
0.276398 3.75257 92.0997
0.360699 3.75257 92.0997
0.444998 3.83687 92.0997
0.529299 3.92117 92.0997
3.0583 5.35427 91.8997
3.1426 5.35427 91.8997
3.2269 5.35427 91.8997
3.3112 5.35427 91.8997
3.3955 5.35427 91.8997
3.4798 5.26997 91.8997
3.5641 5.18567 91.8997
3.6484 5.10137 91.8997
3.6484 5.01707 91.8997
3.6484 4.93277 91.8997
3.6484 4.84847 91.8997
3.6484 4.76417 91.8997
3.6484 4.67987 91.8997
3.5641 4.59557 91.8997
3.4798 4.51127 91.8997
3.4798 4.42697 91.8997
3.4798 4.34267 91.8997
3.4798 4.25837 91.8997
3.4798 4.17407 91.8997
3.4798 4.08977 91.8997
3.3955 4.00547 91.8997
3.3955 3.92117 91.8997
3.3112 3.83687 91.8997
3.3112 3.75257 91.8997
3.3112 3.66827 91.8997
3.2269 3.58397 91.8997
3.1426 3.49967 91.8997
3.0583 3.41537 91.8997
3.0583 3.33107 91.8997
3.0583 3.24677 91.8997
2.974 3.16247 91.8997
2.974 3.07817 91.8997
2.8897 2.99387 91.8997
2.8054 2.90957 91.8997
2.7211 2.82527 91.8997
2.6368 2.82527 91.8997
2.5525 2.82527 91.8997
2.4682 2.82527 91.8997
2.3839 2.90957 91.8997
2.2996 2.99387 91.8997
2.2153 3.07817 91.8997
2.131 3.16247 91.8997
2.0467 3.24677 91.8997
1.9624 3.24677 91.8997
1.8781 3.24677 91.8997
1.7938 3.24677 91.8997
1.7095 3.24677 91.8997
1.6252 3.16247 91.8997
1.5409 3.16247 91.8997
1.4566 3.16247 91.8997
1.3723 3.07817 91.8997
1.288 2.99387 91.8997
1.2037 2.90957 91.8997
1.1194 2.82527 91.8997
1.0351 2.82527 91.8997
0.950798 2.82527 91.8997
0.866499 2.90957 91.8997
0.782198 2.90957 91.8997
0.697899 2.99387 91.8997
0.613598 3.07817 91.8997
0.529299 3.07817 91.8997
0.444998 3.16247 91.8997
0.360699 3.24677 91.8997
0.276398 3.33107 91.8997
0.192099 3.41537 91.8997
0.107798 3.41537 91.8997
0.0234985 3.49967 91.8997
0.0234985 3.58397 91.8997
-0.0608025 3.66827 91.8997
-0.145102 3.75257 91.8997
-0.229403 3.83687 91.8997
-0.313702 3.92117 91.8997
-0.398003 4.00547 91.8997
-0.482302 4.00547 91.8997
-0.566601 4.08977 91.8997
-0.566601 4.17407 91.8997
-0.482302 4.25837 91.8997
-0.398003 4.25837 91.8997
-0.313702 4.25837 91.8997
-0.229403 4.25837 91.8997
-0.145102 4.25837 91.8997
-0.0608025 4.25837 91.8997
0.0234985 4.17407 91.8997
0.107798 4.17407 91.8997
0.192099 4.17407 91.8997
0.276398 4.08977 91.8997
0.360699 4.08977 91.8997
0.444998 4.00547 91.8997
0.529299 4.00547 91.8997
0.613598 4.00547 91.8997
0.697899 4.00547 91.8997
0.782198 4.00547 91.8997
0.866499 4.00547 91.8997
0.950798 4.00547 91.8997
1.0351 4.00547 91.8997
1.1194 4.00547 91.8997
1.2037 4.00547 91.8997
1.288 4.00547 91.8997
1.3723 4.00547 91.8997
1.4566 4.00547 91.8997
1.5409 4.00547 91.8997
1.6252 4.00547 91.8997
1.7095 4.08977 91.8997
1.7938 4.08977 91.8997
1.8781 4.08977 91.8997
1.9624 4.17407 91.8997
2.0467 4.17407 91.8997
2.131 4.25837 91.8997
2.2153 4.25837 91.8997
2.2996 4.34267 91.8997
2.3839 4.42697 91.8997
2.3839 4.51127 91.8997
2.3839 4.59557 91.8997
2.3839 4.67987 91.8997
2.4682 4.76417 91.8997
2.4682 4.84847 91.8997
2.5525 4.93277 91.8997
2.6368 5.01707 91.8997
2.7211 5.10137 91.8997
2.8054 5.18567 91.8997
2.8897 5.18567 91.8997
2.974 5.26997 91.8997
3.0583 5.35427 91.8997
3.1426 5.60717 91.4997
3.2269 5.52287 91.4997
3.3112 5.43857 91.4997
3.3112 5.35427 91.4997
3.3955 5.26997 91.4997
3.3955 5.18567 91.4997
3.4798 5.10137 91.4997
3.4798 5.01707 91.4997
3.4798 4.93277 91.4997
3.5641 4.84847 91.4997
3.5641 4.76417 91.4997
3.5641 4.67987 91.4997
3.5641 4.59557 91.4997
3.5641 4.51127 91.4997
3.5641 4.42697 91.4997
3.5641 4.34267 91.4997
3.5641 4.25837 91.4997
3.5641 4.17407 91.4997
3.4798 4.08977 91.4997
3.4798 4.00547 91.4997
3.4798 3.92117 91.4997
3.3955 3.83687 91.4997
3.3112 3.75257 91.4997
3.2269 3.66827 91.4997
3.2269 3.58397 91.4997
3.1426 3.49967 91.4997
3.0583 3.41537 91.4997
2.974 3.33107 91.4997
2.8897 3.24677 91.4997
2.8054 3.16247 91.4997
2.7211 3.16247 91.4997
2.6368 3.07817 91.4997
2.5525 3.07817 91.4997
2.4682 3.16247 91.4997
2.3839 3.24677 91.4997
2.3839 3.33107 91.4997
2.2996 3.41537 91.4997
2.2153 3.49967 91.4997
2.131 3.49967 91.4997
2.0467 3.49967 91.4997
1.9624 3.41537 91.4997
1.8781 3.41537 91.4997
1.7938 3.33107 91.4997
1.7095 3.24677 91.4997
1.6252 3.16247 91.4997
1.5409 3.07817 91.4997
1.4566 2.99387 91.4997
1.3723 2.90957 91.4997
1.288 2.90957 91.4997
1.2037 2.90957 91.4997
1.1194 2.90957 91.4997
1.0351 2.90957 91.4997
0.950798 2.99387 91.4997
0.866499 2.99387 91.4997
0.782198 3.07817 91.4997
0.697899 3.16247 91.4997
0.613598 3.16247 91.4997
0.529299 3.16247 91.4997
0.444998 3.24677 91.4997
0.360699 3.24677 91.4997
0.276398 3.33107 91.4997
0.192099 3.33107 91.4997
0.107798 3.41537 91.4997
0.0234985 3.41537 91.4997
-0.0608025 3.49967 91.4997
-0.145102 3.58397 91.4997
-0.229403 3.66827 91.4997
-0.313702 3.75257 91.4997
-0.398003 3.83687 91.4997
-0.482302 3.92117 91.4997
-0.482302 4.00547 91.4997
-0.566601 4.08977 91.4997
-0.566601 4.17407 91.4997
-0.650902 4.25837 91.4997
-0.650902 4.34267 91.4997
-0.650902 4.42697 91.4997
-0.566601 4.51127 91.4997
-0.482302 4.51127 91.4997
-0.398003 4.59557 91.4997
-0.398003 4.67987 91.4997
-0.482302 4.76417 91.4997
-0.482302 4.84847 91.4997
-0.482302 4.93277 91.4997
-0.398003 4.84847 91.4997
-0.313702 4.84847 91.4997
-0.229403 4.84847 91.4997
-0.145102 4.84847 91.4997
-0.0608025 4.84847 91.4997
0.0234985 4.84847 91.4997
0.107798 4.76417 91.4997
0.192099 4.76417 91.4997
0.276398 4.76417 91.4997
0.360699 4.76417 91.4997
0.444998 4.76417 91.4997
0.529299 4.76417 91.4997
0.613598 4.76417 91.4997
0.697899 4.76417 91.4997
0.782198 4.76417 91.4997
0.866499 4.76417 91.4997
0.950798 4.76417 91.4997
1.0351 4.76417 91.4997
1.1194 4.76417 91.4997
1.2037 4.76417 91.4997
1.288 4.76417 91.4997
1.3723 4.76417 91.4997
1.4566 4.76417 91.4997
1.5409 4.76417 91.4997
1.6252 4.76417 91.4997
1.7095 4.76417 91.4997
1.7938 4.67987 91.4997
1.8781 4.67987 91.4997
1.9624 4.67987 91.4997
2.0467 4.67987 91.4997
2.131 4.67987 91.4997
2.2153 4.67987 91.4997
2.2996 4.67987 91.4997
2.3839 4.76417 91.4997
2.4682 4.84847 91.4997
2.5525 4.93277 91.4997
2.6368 5.01707 91.4997
2.7211 5.01707 91.4997
2.8054 5.10137 91.4997
2.8897 5.18567 91.4997
2.974 5.26997 91.4997
3.0583 5.35427 91.4997
3.0583 5.43857 91.4997
3.1426 5.52287 91.4997
3.1426 5.60717 91.4997
2.6368 6.02867 90.8997
2.7211 5.94437 90.8997
2.8054 5.86007 90.8997
2.8897 5.77577 90.8997
2.8897 5.69147 90.8997
2.8054 5.60717 90.8997
2.7211 5.52287 90.8997
2.6368 5.43857 90.8997
2.5525 5.35427 90.8997
2.4682 5.26997 90.8997
2.4682 5.18567 90.8997
2.4682 5.10137 90.8997
2.4682 5.01707 90.8997
2.5525 4.93277 90.8997
2.6368 4.84847 90.8997
2.7211 4.84847 90.8997
2.8054 4.84847 90.8997
2.8897 4.84847 90.8997
2.974 4.76417 90.8997
3.0583 4.67987 90.8997
3.1426 4.67987 90.8997
3.2269 4.67987 90.8997
3.3112 4.67987 90.8997
3.3955 4.67987 90.8997
3.3955 4.59557 90.8997
3.3955 4.51127 90.8997
3.3955 4.42697 90.8997
3.3955 4.34267 90.8997
3.3955 4.25837 90.8997
3.3955 4.17407 90.8997
3.3955 4.08977 90.8997
3.3112 4.00547 90.8997
3.3112 3.92117 90.8997
3.2269 3.83687 90.8997
3.1426 3.75257 90.8997
3.0583 3.66827 90.8997
2.974 3.58397 90.8997
2.8897 3.49967 90.8997
2.8054 3.41537 90.8997
2.7211 3.41537 90.8997
2.6368 3.33107 90.8997
2.5525 3.33107 90.8997
2.4682 3.33107 90.8997
2.3839 3.33107 90.8997
2.2996 3.41537 90.8997
2.2153 3.49967 90.8997
2.131 3.58397 90.8997
2.0467 3.66827 90.8997
1.9624 3.75257 90.8997
1.8781 3.75257 90.8997
1.7938 3.83687 90.8997
1.7095 3.83687 90.8997
1.6252 3.83687 90.8997
1.5409 3.75257 90.8997
1.4566 3.66827 90.8997
1.3723 3.58397 90.8997
1.288 3.58397 90.8997
1.2037 3.49967 90.8997
1.1194 3.49967 90.8997
1.0351 3.49967 90.8997
0.950798 3.58397 90.8997
0.866499 3.66827 90.8997
0.782198 3.66827 90.8997
0.697899 3.66827 90.8997
0.613598 3.66827 90.8997
0.529299 3.75257 90.8997
0.444998 3.75257 90.8997
0.360699 3.83687 90.8997
0.276398 3.83687 90.8997
0.192099 3.92117 90.8997
0.107798 4.00547 90.8997
0.0234985 4.08977 90.8997
-0.0608025 4.17407 90.8997
-0.145102 4.25837 90.8997
-0.229403 4.34267 90.8997
-0.229403 4.42697 90.8997
-0.313702 4.51127 90.8997
-0.313702 4.59557 90.8997
-0.398003 4.67987 90.8997
-0.398003 4.76417 90.8997
-0.398003 4.84847 90.8997
-0.313702 4.93277 90.8997
-0.313702 5.01707 90.8997
-0.313702 5.10137 90.8997
-0.398003 5.18567 90.8997
-0.482302 5.26997 90.8997
-0.482302 5.35427 90.8997
-0.482302 5.43857 90.8997
-0.482302 5.52287 90.8997
-0.482302 5.60717 90.8997
-0.482302 5.69147 90.8997
-0.398003 5.77577 90.8997
-0.398003 5.86007 90.8997
-0.313702 5.77577 90.8997
-0.229403 5.69147 90.8997
-0.145102 5.69147 90.8997
-0.0608025 5.60717 90.8997
0.0234985 5.60717 90.8997
0.107798 5.60717 90.8997
0.192099 5.52287 90.8997
0.276398 5.52287 90.8997
0.360699 5.52287 90.8997
0.444998 5.52287 90.8997
0.529299 5.52287 90.8997
0.613598 5.52287 90.8997
0.697899 5.52287 90.8997
0.782198 5.52287 90.8997
0.866499 5.43857 90.8997
0.950798 5.43857 90.8997
1.0351 5.43857 90.8997
1.1194 5.43857 90.8997
1.2037 5.43857 90.8997
1.288 5.43857 90.8997
1.3723 5.43857 90.8997
1.4566 5.43857 90.8997
1.5409 5.43857 90.8997
1.6252 5.43857 90.8997
1.7095 5.43857 90.8997
1.7938 5.43857 90.8997
1.8781 5.52287 90.8997
1.9624 5.52287 90.8997
2.0467 5.52287 90.8997
2.131 5.60717 90.8997
2.2153 5.60717 90.8997
2.2996 5.60717 90.8997
2.3839 5.69147 90.8997
2.4682 5.77577 90.8997
2.5525 5.86007 90.8997
2.6368 5.94437 90.8997
2.6368 6.02867 90.8997
-0.313702 5.94437 90.6997
-0.229403 5.94437 90.6997
-0.145102 5.86007 90.6997
-0.0608025 5.86007 90.6997
0.0234985 5.77577 90.6997
0.107798 5.69147 90.6997
0.192099 5.69147 90.6997
0.276398 5.69147 90.6997
0.360699 5.60717 90.6997
0.444998 5.60717 90.6997
0.529299 5.60717 90.6997
0.613598 5.52287 90.6997
0.697899 5.52287 90.6997
0.782198 5.52287 90.6997
0.866499 5.52287 90.6997
0.950798 5.52287 90.6997
1.0351 5.52287 90.6997
1.1194 5.52287 90.6997
1.2037 5.52287 90.6997
1.288 5.52287 90.6997
1.3723 5.52287 90.6997
1.4566 5.52287 90.6997
1.5409 5.52287 90.6997
1.6252 5.52287 90.6997
1.7095 5.52287 90.6997
1.7938 5.60717 90.6997
1.8781 5.60717 90.6997
1.9624 5.69147 90.6997
2.0467 5.77577 90.6997
2.131 5.86007 90.6997
2.2153 5.86007 90.6997
2.2996 5.86007 90.6997
2.3839 5.77577 90.6997
2.4682 5.86007 90.6997
2.5525 5.86007 90.6997
2.6368 5.94437 90.6997
2.6368 5.86007 90.6997
2.6368 5.77577 90.6997
2.6368 5.69147 90.6997
2.6368 5.60717 90.6997
2.6368 5.52287 90.6997
2.5525 5.52287 90.6997
2.4682 5.52287 90.6997
2.3839 5.43857 90.6997
2.2996 5.35427 90.6997
2.2996 5.26997 90.6997
2.2996 5.18567 90.6997
2.2996 5.10137 90.6997
2.2996 5.01707 90.6997
2.3839 4.93277 90.6997
2.4682 4.84847 90.6997
2.5525 4.76417 90.6997
2.6368 4.67987 90.6997
2.7211 4.59557 90.6997
2.8054 4.59557 90.6997
2.8897 4.59557 90.6997
2.974 4.59557 90.6997
3.0583 4.59557 90.6997
3.1426 4.59557 90.6997
3.2269 4.59557 90.6997
3.2269 4.51127 90.6997
3.2269 4.42697 90.6997
3.2269 4.34267 90.6997
3.2269 4.25837 90.6997
3.2269 4.17407 90.6997
3.2269 4.08977 90.6997
3.1426 4.00547 90.6997
3.0583 3.92117 90.6997
2.974 3.83687 90.6997
2.8897 3.75257 90.6997
2.8054 3.66827 90.6997
2.7211 3.58397 90.6997
2.6368 3.49967 90.6997
2.5525 3.49967 90.6997
2.4682 3.49967 90.6997
2.3839 3.49967 90.6997
2.2996 3.49967 90.6997
2.2153 3.58397 90.6997
2.2153 3.66827 90.6997
2.131 3.75257 90.6997
2.131 3.83687 90.6997
2.0467 3.92117 90.6997
1.9624 4.00547 90.6997
1.8781 4.08977 90.6997
1.7938 4.17407 90.6997
1.7095 4.17407 90.6997
1.6252 4.17407 90.6997
1.5409 4.17407 90.6997
1.4566 4.08977 90.6997
1.3723 4.08977 90.6997
1.288 4.00547 90.6997
1.2037 3.92117 90.6997
1.1194 3.92117 90.6997
1.0351 3.92117 90.6997
0.950798 3.92117 90.6997
0.866499 3.92117 90.6997
0.782198 3.92117 90.6997
0.697899 3.92117 90.6997
0.613598 3.92117 90.6997
0.529299 3.92117 90.6997
0.444998 3.92117 90.6997
0.360699 4.00547 90.6997
0.276398 4.00547 90.6997
0.192099 4.08977 90.6997
0.107798 4.08977 90.6997
0.0234985 4.08977 90.6997
0.0234985 4.17407 90.6997
-0.0608025 4.25837 90.6997
-0.145102 4.34267 90.6997
-0.145102 4.42697 90.6997
-0.229403 4.51127 90.6997
-0.313702 4.59557 90.6997
-0.229403 4.67987 90.6997
-0.229403 4.76417 90.6997
-0.229403 4.84847 90.6997
-0.229403 4.93277 90.6997
-0.229403 5.01707 90.6997
-0.313702 5.10137 90.6997
-0.398003 5.18567 90.6997
-0.398003 5.26997 90.6997
-0.398003 5.35427 90.6997
-0.398003 5.43857 90.6997
-0.398003 5.52287 90.6997
-0.398003 5.60717 90.6997
-0.398003 5.69147 90.6997
-0.398003 5.77577 90.6997
-0.313702 5.86007 90.6997
-0.313702 5.94437 90.6997
-0.482302 5.52287 91.0997
-0.398003 5.52287 91.0997
-0.313702 5.43857 91.0997
-0.229403 5.35427 91.0997
-0.145102 5.35427 91.0997
-0.0608025 5.26997 91.0997
0.0234985 5.26997 91.0997
0.107798 5.18567 91.0997
0.192099 5.18567 91.0997
0.276398 5.18567 91.0997
0.360699 5.18567 91.0997
0.444998 5.18567 91.0997
0.529299 5.18567 91.0997
0.613598 5.10137 91.0997
0.697899 5.10137 91.0997
0.782198 5.10137 91.0997
0.866499 5.10137 91.0997
0.950798 5.10137 91.0997
1.0351 5.10137 91.0997
1.1194 5.10137 91.0997
1.2037 5.10137 91.0997
1.288 5.01707 91.0997
1.3723 5.01707 91.0997
1.4566 5.01707 91.0997
1.5409 5.01707 91.0997
1.6252 5.01707 91.0997
1.7095 5.01707 91.0997
1.7938 5.01707 91.0997
1.8781 5.01707 91.0997
1.9624 5.01707 91.0997
2.0467 5.01707 91.0997
2.131 5.10137 91.0997
2.2153 5.10137 91.0997
2.2996 5.18567 91.0997
2.3839 5.18567 91.0997
2.4682 5.26997 91.0997
2.5525 5.26997 91.0997
2.5525 5.18567 91.0997
2.6368 5.10137 91.0997
2.7211 5.01707 91.0997
2.8054 4.93277 91.0997
2.8897 4.84847 91.0997
2.974 4.84847 91.0997
3.0583 4.76417 91.0997
3.1426 4.76417 91.0997
3.2269 4.67987 91.0997
3.3112 4.59557 91.0997
3.3955 4.59557 91.0997
3.4798 4.59557 91.0997
3.4798 4.51127 91.0997
3.4798 4.42697 91.0997
3.4798 4.34267 91.0997
3.4798 4.25837 91.0997
3.4798 4.17407 91.0997
3.4798 4.08977 91.0997
3.3955 4.00547 91.0997
3.3955 3.92117 91.0997
3.3112 3.83687 91.0997
3.2269 3.75257 91.0997
3.1426 3.66827 91.0997
3.0583 3.58397 91.0997
3.0583 3.49967 91.0997
3.0583 3.41537 91.0997
2.974 3.33107 91.0997
2.8897 3.24677 91.0997
2.8054 3.16247 91.0997
2.7211 3.16247 91.0997
2.6368 3.16247 91.0997
2.5525 3.16247 91.0997
2.4682 3.24677 91.0997
2.3839 3.33107 91.0997
2.2996 3.41537 91.0997
2.2153 3.49967 91.0997
2.131 3.49967 91.0997
2.0467 3.49967 91.0997
1.9624 3.49967 91.0997
1.8781 3.49967 91.0997
1.7938 3.49967 91.0997
1.7095 3.49967 91.0997
1.6252 3.41537 91.0997
1.5409 3.33107 91.0997
1.4566 3.33107 91.0997
1.3723 3.33107 91.0997
1.288 3.24677 91.0997
1.2037 3.16247 91.0997
1.1194 3.16247 91.0997
1.0351 3.24677 91.0997
0.950798 3.24677 91.0997
0.866499 3.33107 91.0997
0.782198 3.41537 91.0997
0.697899 3.41537 91.0997
0.613598 3.49967 91.0997
0.529299 3.49967 91.0997
0.444998 3.58397 91.0997
0.360699 3.66827 91.0997
0.276398 3.75257 91.0997
0.192099 3.83687 91.0997
0.107798 3.92117 91.0997
0.0234985 4.00547 91.0997
-0.0608025 4.08977 91.0997
-0.145102 4.17407 91.0997
-0.229403 4.25837 91.0997
-0.229403 4.34267 91.0997
-0.313702 4.42697 91.0997
-0.313702 4.51127 91.0997
-0.398003 4.59557 91.0997
-0.398003 4.67987 91.0997
-0.482302 4.76417 91.0997
-0.482302 4.84847 91.0997
-0.482302 4.93277 91.0997
-0.482302 5.01707 91.0997
-0.482302 5.10137 91.0997
-0.482302 5.18567 91.0997
-0.482302 5.26997 91.0997
-0.482302 5.35427 91.0997
-0.482302 5.43857 91.0997
-0.482302 5.52287 91.0997
2.8897 5.60717 91.2997
2.974 5.60717 91.2997
3.0583 5.52287 91.2997
3.1426 5.43857 91.2997
3.2269 5.43857 91.2997
3.2269 5.35427 91.2997
3.2269 5.26997 91.2997
3.2269 5.18567 91.2997
3.2269 5.10137 91.2997
3.3112 5.01707 91.2997
3.3955 4.93277 91.2997
3.4798 4.84847 91.2997
3.5641 4.76417 91.2997
3.5641 4.67987 91.2997
3.5641 4.59557 91.2997
3.5641 4.51127 91.2997
3.5641 4.42697 91.2997
3.5641 4.34267 91.2997
3.5641 4.25837 91.2997
3.5641 4.17407 91.2997
3.4798 4.08977 91.2997
3.4798 4.00547 91.2997
3.3955 3.92117 91.2997
3.3955 3.83687 91.2997
3.3112 3.75257 91.2997
3.2269 3.66827 91.2997
3.1426 3.58397 91.2997
3.1426 3.49967 91.2997
3.0583 3.41537 91.2997
3.0583 3.33107 91.2997
2.974 3.24677 91.2997
2.974 3.16247 91.2997
2.8897 3.07817 91.2997
2.8054 3.07817 91.2997
2.7211 3.07817 91.2997
2.6368 3.07817 91.2997
2.5525 3.07817 91.2997
2.4682 3.16247 91.2997
2.3839 3.24677 91.2997
2.2996 3.33107 91.2997
2.2153 3.41537 91.2997
2.131 3.41537 91.2997
2.0467 3.41537 91.2997
1.9624 3.41537 91.2997
1.8781 3.41537 91.2997
1.7938 3.41537 91.2997
1.7095 3.33107 91.2997
1.6252 3.24677 91.2997
1.5409 3.16247 91.2997
1.4566 3.07817 91.2997
1.3723 2.99387 91.2997
1.288 2.99387 91.2997
1.2037 2.99387 91.2997
1.1194 2.99387 91.2997
1.0351 3.07817 91.2997
0.950798 3.07817 91.2997
0.866499 3.16247 91.2997
0.782198 3.16247 91.2997
0.697899 3.24677 91.2997
0.613598 3.33107 91.2997
0.529299 3.41537 91.2997
0.444998 3.49967 91.2997
0.360699 3.58397 91.2997
0.276398 3.66827 91.2997
0.192099 3.75257 91.2997
0.192099 3.83687 91.2997
0.107798 3.92117 91.2997
0.0234985 4.00547 91.2997
-0.0608025 4.08977 91.2997
-0.145102 4.17407 91.2997
-0.229403 4.25837 91.2997
-0.313702 4.34267 91.2997
-0.313702 4.42697 91.2997
-0.398003 4.51127 91.2997
-0.398003 4.59557 91.2997
-0.398003 4.67987 91.2997
-0.482302 4.76417 91.2997
-0.482302 4.84847 91.2997
-0.482302 4.93277 91.2997
-0.482302 5.01707 91.2997
-0.482302 5.10137 91.2997
-0.482302 5.18567 91.2997
-0.482302 5.26997 91.2997
-0.482302 5.35427 91.2997
-0.398003 5.35427 91.2997
-0.313702 5.35427 91.2997
-0.229403 5.26997 91.2997
-0.145102 5.18567 91.2997
-0.0608025 5.10137 91.2997
0.0234985 5.01707 91.2997
0.107798 4.93277 91.2997
0.192099 4.93277 91.2997
0.276398 4.93277 91.2997
0.360699 4.93277 91.2997
0.444998 4.84847 91.2997
0.529299 4.84847 91.2997
0.613598 4.84847 91.2997
0.697899 4.84847 91.2997
0.782198 4.84847 91.2997
0.866499 4.84847 91.2997
0.950798 4.84847 91.2997
1.0351 4.84847 91.2997
1.1194 4.84847 91.2997
1.2037 4.76417 91.2997
1.288 4.76417 91.2997
1.3723 4.76417 91.2997
1.4566 4.76417 91.2997
1.5409 4.76417 91.2997
1.6252 4.84847 91.2997
1.7095 4.84847 91.2997
1.7938 4.84847 91.2997
1.8781 4.84847 91.2997
1.9624 4.84847 91.2997
2.0467 4.84847 91.2997
2.131 4.84847 91.2997
2.2153 4.84847 91.2997
2.2996 4.84847 91.2997
2.3839 4.93277 91.2997
2.4682 5.01707 91.2997
2.5525 5.10137 91.2997
2.5525 5.18567 91.2997
2.6368 5.26997 91.2997
2.7211 5.35427 91.2997
2.8054 5.43857 91.2997
2.8054 5.52287 91.2997
2.8897 5.60717 91.2997
