# Output from PinnacleROI.cpp
# First line is number of curves
# Second line is space-separated number of points in each curve
# Remainder are the points themselves
28
72 89 109 112 131 138 135 131 106 98 94 66 42 34 54 95 102 107 135 133 120 110 98 108 117 130 130 128 
6.7675 4.17407 88.6998
6.8518 4.17407 88.6998
6.9361 4.17407 88.6998
7.0204 4.08977 88.6998
7.1047 4.00547 88.6998
7.1047 3.92117 88.6998
7.1047 3.83687 88.6998
7.1047 3.75257 88.6998
7.189 3.66827 88.6998
7.189 3.58397 88.6998
7.189 3.49967 88.6998
7.2733 3.41537 88.6998
7.2733 3.33107 88.6998
7.2733 3.24677 88.6998
7.3576 3.16247 88.6998
7.3576 3.07817 88.6998
7.4419 2.99387 88.6998
7.4419 2.90957 88.6998
7.5262 2.82527 88.6998
7.5262 2.74097 88.6998
7.5262 2.65667 88.6998
7.5262 2.57237 88.6998
7.5262 2.48807 88.6998
7.5262 2.40377 88.6998
7.5262 2.31947 88.6998
7.4419 2.23517 88.6998
7.4419 2.15087 88.6998
7.3576 2.06657 88.6998
7.2733 1.98227 88.6998
7.189 1.89797 88.6998
7.1047 1.81367 88.6998
7.0204 1.72937 88.6998
6.9361 1.64507 88.6998
6.8518 1.56077 88.6998
6.7675 1.56077 88.6998
6.6832 1.47647 88.6998
6.5989 1.47647 88.6998
6.5146 1.47647 88.6998
6.4303 1.56077 88.6998
6.346 1.56077 88.6998
6.2617 1.64507 88.6998
6.2617 1.72937 88.6998
6.2617 1.81367 88.6998
6.2617 1.89797 88.6998
6.346 1.98227 88.6998
6.4303 2.06657 88.6998
6.5146 2.06657 88.6998
6.5989 2.15087 88.6998
6.6832 2.23517 88.6998
6.7675 2.31947 88.6998
6.7675 2.40377 88.6998
6.8518 2.48807 88.6998
6.8518 2.57237 88.6998
6.8518 2.65667 88.6998
6.8518 2.74097 88.6998
6.8518 2.82527 88.6998
6.7675 2.90957 88.6998
6.7675 2.99387 88.6998
6.7675 3.07817 88.6998
6.7675 3.16247 88.6998
6.7675 3.24677 88.6998
6.6832 3.33107 88.6998
6.6832 3.41537 88.6998
6.6832 3.49967 88.6998
6.6832 3.58397 88.6998
6.6832 3.66827 88.6998
6.6832 3.75257 88.6998
6.6832 3.83687 88.6998
6.6832 3.92117 88.6998
6.6832 4.00547 88.6998
6.6832 4.08977 88.6998
6.7675 4.17407 88.6998
6.8518 4.25837 88.8998
6.9361 4.25837 88.8998
7.0204 4.25837 88.8998
7.1047 4.17407 88.8998
7.189 4.08977 88.8998
7.189 4.00547 88.8998
7.189 3.92117 88.8998
7.189 3.83687 88.8998
7.189 3.75257 88.8998
7.189 3.66827 88.8998
7.2733 3.58397 88.8998
7.2733 3.49967 88.8998
7.2733 3.41537 88.8998
7.2733 3.33107 88.8998
7.3576 3.24677 88.8998
7.3576 3.16247 88.8998
7.3576 3.07817 88.8998
7.4419 2.99387 88.8998
7.4419 2.90957 88.8998
7.4419 2.82527 88.8998
7.4419 2.74097 88.8998
7.5262 2.65667 88.8998
7.5262 2.57237 88.8998
7.5262 2.48807 88.8998
7.5262 2.40377 88.8998
7.5262 2.31947 88.8998
7.5262 2.23517 88.8998
7.4419 2.15087 88.8998
7.3576 2.06657 88.8998
7.3576 1.98227 88.8998
7.2733 1.89797 88.8998
7.189 1.81367 88.8998
7.1047 1.72937 88.8998
7.0204 1.64507 88.8998
7.0204 1.56077 88.8998
6.9361 1.47647 88.8998
6.8518 1.39217 88.8998
6.7675 1.30787 88.8998
6.6832 1.22357 88.8998
6.5989 1.13927 88.8998
6.5146 1.13927 88.8998
6.4303 1.13927 88.8998
6.346 1.13927 88.8998
6.2617 1.13927 88.8998
6.1774 1.13927 88.8998
6.0931 1.22357 88.8998
6.0088 1.22357 88.8998
5.9245 1.30787 88.8998
5.8402 1.39217 88.8998
5.7559 1.39217 88.8998
5.6716 1.47647 88.8998
5.6716 1.56077 88.8998
5.6716 1.64507 88.8998
5.7559 1.72937 88.8998
5.8402 1.72937 88.8998
5.9245 1.81367 88.8998
6.0088 1.89797 88.8998
6.0931 1.89797 88.8998
6.1774 1.89797 88.8998
6.2617 1.89797 88.8998
6.346 1.98227 88.8998
6.4303 1.98227 88.8998
6.5146 2.06657 88.8998
6.5989 2.15087 88.8998
6.6832 2.23517 88.8998
6.6832 2.31947 88.8998
6.7675 2.40377 88.8998
6.7675 2.48807 88.8998
6.7675 2.57237 88.8998
6.7675 2.65667 88.8998
6.7675 2.74097 88.8998
6.7675 2.82527 88.8998
6.7675 2.90957 88.8998
6.7675 2.99387 88.8998
6.7675 3.07817 88.8998
6.7675 3.16247 88.8998
6.7675 3.24677 88.8998
6.7675 3.33107 88.8998
6.7675 3.41537 88.8998
6.7675 3.49967 88.8998
6.7675 3.58397 88.8998
6.7675 3.66827 88.8998
6.7675 3.75257 88.8998
6.7675 3.83687 88.8998
6.7675 3.92117 88.8998
6.7675 4.00547 88.8998
6.7675 4.08977 88.8998
6.7675 4.17407 88.8998
6.8518 4.25837 88.8998
6.7675 4.67987 89.2998
6.8518 4.67987 89.2998
6.9361 4.67987 89.2998
7.0204 4.59557 89.2998
7.1047 4.51127 89.2998
7.1047 4.42697 89.2998
7.1047 4.34267 89.2998
7.1047 4.25837 89.2998
7.1047 4.17407 89.2998
7.1047 4.08977 89.2998
7.1047 4.00547 89.2998
7.1047 3.92117 89.2998
7.189 3.83687 89.2998
7.189 3.75257 89.2998
7.189 3.66827 89.2998
7.189 3.58397 89.2998
7.189 3.49967 89.2998
7.2733 3.41537 89.2998
7.2733 3.33107 89.2998
7.2733 3.24677 89.2998
7.3576 3.16247 89.2998
7.3576 3.07817 89.2998
7.4419 2.99387 89.2998
7.5262 2.90957 89.2998
7.5262 2.82527 89.2998
7.6105 2.74097 89.2998
7.6105 2.65667 89.2998
7.6105 2.57237 89.2998
7.6105 2.48807 89.2998
7.6105 2.40377 89.2998
7.6105 2.31947 89.2998
7.6105 2.23517 89.2998
7.6105 2.15087 89.2998
7.6105 2.06657 89.2998
7.5262 1.98227 89.2998
7.5262 1.89797 89.2998
7.4419 1.81367 89.2998
7.4419 1.72937 89.2998
7.3576 1.64507 89.2998
7.3576 1.56077 89.2998
7.3576 1.47647 89.2998
7.2733 1.39217 89.2998
7.189 1.30787 89.2998
7.189 1.22357 89.2998
7.1047 1.13927 89.2998
7.0204 1.05497 89.2998
6.9361 1.05497 89.2998
6.8518 1.05497 89.2998
6.7675 1.05497 89.2998
6.6832 1.05497 89.2998
6.5989 1.05497 89.2998
6.5146 1.13927 89.2998
6.4303 1.13927 89.2998
6.346 1.13927 89.2998
6.2617 1.13927 89.2998
6.1774 1.13927 89.2998
6.0931 1.13927 89.2998
6.0088 1.13927 89.2998
5.9245 1.13927 89.2998
5.8402 1.22357 89.2998
5.7559 1.30787 89.2998
5.6716 1.39217 89.2998
5.6716 1.47647 89.2998
5.5873 1.56077 89.2998
5.503 1.64507 89.2998
5.4187 1.72937 89.2998
5.4187 1.81367 89.2998
5.4187 1.89797 89.2998
5.4187 1.98227 89.2998
5.503 2.06657 89.2998
5.5873 2.06657 89.2998
5.6716 2.06657 89.2998
5.7559 2.06657 89.2998
5.8402 2.06657 89.2998
5.9245 2.06657 89.2998
6.0088 2.06657 89.2998
6.0931 2.06657 89.2998
6.1774 2.15087 89.2998
6.2617 2.15087 89.2998
6.346 2.23517 89.2998
6.346 2.31947 89.2998
6.4303 2.40377 89.2998
6.5146 2.48807 89.2998
6.5989 2.57237 89.2998
6.5989 2.65667 89.2998
6.6832 2.74097 89.2998
6.6832 2.82527 89.2998
6.6832 2.90957 89.2998
6.7675 2.99387 89.2998
6.7675 3.07817 89.2998
6.7675 3.16247 89.2998
6.7675 3.24677 89.2998
6.7675 3.33107 89.2998
6.7675 3.41537 89.2998
6.7675 3.49967 89.2998
6.7675 3.58397 89.2998
6.7675 3.66827 89.2998
6.7675 3.75257 89.2998
6.7675 3.83687 89.2998
6.7675 3.92117 89.2998
6.6832 4.00547 89.2998
6.6832 4.08977 89.2998
6.6832 4.17407 89.2998
6.6832 4.25837 89.2998
6.6832 4.34267 89.2998
6.6832 4.42697 89.2998
6.6832 4.51127 89.2998
6.6832 4.59557 89.2998
6.7675 4.67987 89.2998
6.7675 5.01707 89.6998
6.8518 5.01707 89.6998
6.9361 5.01707 89.6998
7.0204 4.93277 89.6998
7.0204 4.84847 89.6998
7.0204 4.76417 89.6998
7.1047 4.67987 89.6998
7.1047 4.59557 89.6998
7.1047 4.51127 89.6998
7.189 4.42697 89.6998
7.189 4.34267 89.6998
7.189 4.25837 89.6998
7.2733 4.17407 89.6998
7.2733 4.08977 89.6998
7.3576 4.00547 89.6998
7.3576 3.92117 89.6998
7.3576 3.83687 89.6998
7.4419 3.75257 89.6998
7.5262 3.66827 89.6998
7.5262 3.58397 89.6998
7.6105 3.49967 89.6998
7.6105 3.41537 89.6998
7.6948 3.33107 89.6998
7.6948 3.24677 89.6998
7.6948 3.16247 89.6998
7.7791 3.07817 89.6998
7.7791 2.99387 89.6998
7.7791 2.90957 89.6998
7.7791 2.82527 89.6998
7.7791 2.74097 89.6998
7.7791 2.65667 89.6998
7.7791 2.57237 89.6998
7.7791 2.48807 89.6998
7.7791 2.40377 89.6998
7.7791 2.31947 89.6998
7.6948 2.23517 89.6998
7.6948 2.15087 89.6998
7.6105 2.06657 89.6998
7.6105 1.98227 89.6998
7.5262 1.89797 89.6998
7.4419 1.81367 89.6998
7.3576 1.72937 89.6998
7.3576 1.64507 89.6998
7.2733 1.56077 89.6998
7.189 1.47647 89.6998
7.1047 1.39217 89.6998
7.0204 1.30787 89.6998
7.0204 1.22357 89.6998
7.0204 1.13927 89.6998
6.9361 1.05497 89.6998
6.8518 0.970671 89.6998
6.7675 0.970671 89.6998
6.6832 0.970671 89.6998
6.5989 0.970671 89.6998
6.5146 1.05497 89.6998
6.4303 1.13927 89.6998
6.346 1.13927 89.6998
6.2617 1.22357 89.6998
6.1774 1.30787 89.6998
6.0931 1.30787 89.6998
6.0088 1.39217 89.6998
5.9245 1.47647 89.6998
5.8402 1.56077 89.6998
5.7559 1.64507 89.6998
5.6716 1.72937 89.6998
5.6716 1.81367 89.6998
5.5873 1.89797 89.6998
5.5873 1.98227 89.6998
5.503 2.06657 89.6998
5.4187 2.15087 89.6998
5.4187 2.23517 89.6998
5.4187 2.31947 89.6998
5.503 2.40377 89.6998
5.5873 2.40377 89.6998
5.6716 2.40377 89.6998
5.7559 2.40377 89.6998
5.8402 2.31947 89.6998
5.9245 2.31947 89.6998
6.0088 2.31947 89.6998
6.0931 2.40377 89.6998
6.1774 2.40377 89.6998
6.2617 2.48807 89.6998
6.2617 2.57237 89.6998
6.346 2.65667 89.6998
6.4303 2.74097 89.6998
6.4303 2.82527 89.6998
6.5146 2.90957 89.6998
6.5146 2.99387 89.6998
6.5146 3.07817 89.6998
6.5146 3.16247 89.6998
6.5989 3.24677 89.6998
6.5989 3.33107 89.6998
6.5989 3.41537 89.6998
6.5989 3.49967 89.6998
6.5989 3.58397 89.6998
6.5989 3.66827 89.6998
6.5989 3.75257 89.6998
6.5989 3.83687 89.6998
6.5989 3.92117 89.6998
6.5989 4.00547 89.6998
6.5989 4.08977 89.6998
6.5989 4.17407 89.6998
6.5989 4.25837 89.6998
6.6832 4.34267 89.6998
6.6832 4.42697 89.6998
6.6832 4.51127 89.6998
6.6832 4.59557 89.6998
6.6832 4.67987 89.6998
6.6832 4.76417 89.6998
6.6832 4.84847 89.6998
6.6832 4.93277 89.6998
6.7675 5.01707 89.6998
6.9361 4.51127 90.4997
7.0204 4.51127 90.4997
7.1047 4.51127 90.4997
7.189 4.42697 90.4997
7.189 4.34267 90.4997
7.189 4.25837 90.4997
7.189 4.17407 90.4997
7.189 4.08977 90.4997
7.189 4.00547 90.4997
7.189 3.92117 90.4997
7.189 3.83687 90.4997
7.2733 3.75257 90.4997
7.3576 3.66827 90.4997
7.3576 3.58397 90.4997
7.3576 3.49967 90.4997
7.3576 3.41537 90.4997
7.4419 3.33107 90.4997
7.4419 3.24677 90.4997
7.4419 3.16247 90.4997
7.5262 3.07817 90.4997
7.5262 2.99387 90.4997
7.5262 2.90957 90.4997
7.6105 2.82527 90.4997
7.6105 2.74097 90.4997
7.6105 2.65667 90.4997
7.6105 2.57237 90.4997
7.6948 2.48807 90.4997
7.6948 2.40377 90.4997
7.6948 2.31947 90.4997
7.6948 2.23517 90.4997
7.6948 2.15087 90.4997
7.6948 2.06657 90.4997
7.6948 1.98227 90.4997
7.6948 1.89797 90.4997
7.6948 1.81367 90.4997
7.6948 1.72937 90.4997
7.6948 1.64507 90.4997
7.6948 1.56077 90.4997
7.6948 1.47647 90.4997
7.6948 1.39217 90.4997
7.6105 1.30787 90.4997
7.6105 1.22357 90.4997
7.6105 1.13927 90.4997
7.5262 1.05497 90.4997
7.5262 0.970671 90.4997
7.4419 0.886372 90.4997
7.3576 0.886372 90.4997
7.2733 0.886372 90.4997
7.189 0.886372 90.4997
7.1047 0.886372 90.4997
7.0204 0.886372 90.4997
6.9361 0.886372 90.4997
6.8518 0.886372 90.4997
6.7675 0.886372 90.4997
6.6832 0.886372 90.4997
6.5989 0.886372 90.4997
6.5146 0.886372 90.4997
6.4303 0.886372 90.4997
6.346 0.802071 90.4997
6.346 0.717772 90.4997
6.346 0.633471 90.4997
6.2617 0.549171 90.4997
6.1774 0.549171 90.4997
6.0931 0.549171 90.4997
6.0088 0.549171 90.4997
5.9245 0.549171 90.4997
5.8402 0.633471 90.4997
5.7559 0.717772 90.4997
5.6716 0.802071 90.4997
5.6716 0.886372 90.4997
5.5873 0.970671 90.4997
5.5873 1.05497 90.4997
5.5873 1.13927 90.4997
5.503 1.22357 90.4997
5.503 1.30787 90.4997
5.4187 1.39217 90.4997
5.4187 1.47647 90.4997
5.3344 1.56077 90.4997
5.3344 1.64507 90.4997
5.2501 1.72937 90.4997
5.2501 1.81367 90.4997
5.1658 1.89797 90.4997
5.1658 1.98227 90.4997
5.0815 2.06657 90.4997
5.0815 2.15087 90.4997
4.9972 2.23517 90.4997
4.9972 2.31947 90.4997
4.9972 2.40377 90.4997
4.9972 2.48807 90.4997
4.9972 2.57237 90.4997
4.9972 2.65667 90.4997
4.9972 2.74097 90.4997
4.9972 2.82527 90.4997
4.9972 2.90957 90.4997
4.9972 2.99387 90.4997
5.0815 3.07817 90.4997
5.1658 3.07817 90.4997
5.2501 3.07817 90.4997
5.3344 3.07817 90.4997
5.4187 3.07817 90.4997
5.503 2.99387 90.4997
5.5873 2.90957 90.4997
5.6716 2.90957 90.4997
5.7559 2.82527 90.4997
5.8402 2.82527 90.4997
5.9245 2.74097 90.4997
6.0088 2.74097 90.4997
6.0931 2.74097 90.4997
6.1774 2.74097 90.4997
6.2617 2.74097 90.4997
6.346 2.82527 90.4997
6.4303 2.90957 90.4997
6.5146 2.99387 90.4997
6.5989 3.07817 90.4997
6.5989 3.16247 90.4997
6.5989 3.24677 90.4997
6.5989 3.33107 90.4997
6.6832 3.41537 90.4997
6.6832 3.49967 90.4997
6.6832 3.58397 90.4997
6.6832 3.66827 90.4997
6.7675 3.75257 90.4997
6.7675 3.83687 90.4997
6.7675 3.92117 90.4997
6.7675 4.00547 90.4997
6.7675 4.08977 90.4997
6.7675 4.17407 90.4997
6.7675 4.25837 90.4997
6.7675 4.34267 90.4997
6.8518 4.42697 90.4997
6.9361 4.51127 90.4997
6.8518 5.01707 90.0997
6.9361 5.01707 90.0997
7.0204 5.01707 90.0997
7.1047 4.93277 90.0997
7.189 4.84847 90.0997
7.189 4.76417 90.0997
7.189 4.67987 90.0997
7.189 4.59557 90.0997
7.189 4.51127 90.0997
7.189 4.42697 90.0997
7.189 4.34267 90.0997
7.2733 4.25837 90.0997
7.2733 4.17407 90.0997
7.3576 4.08977 90.0997
7.3576 4.00547 90.0997
7.4419 3.92117 90.0997
7.4419 3.83687 90.0997
7.5262 3.75257 90.0997
7.6105 3.66827 90.0997
7.6105 3.58397 90.0997
7.6105 3.49967 90.0997
7.6948 3.41537 90.0997
7.7791 3.33107 90.0997
7.7791 3.24677 90.0997
7.7791 3.16247 90.0997
7.7791 3.07817 90.0997
7.7791 2.99387 90.0997
7.7791 2.90957 90.0997
7.7791 2.82527 90.0997
7.7791 2.74097 90.0997
7.7791 2.65667 90.0997
7.7791 2.57237 90.0997
7.7791 2.48807 90.0997
7.7791 2.40377 90.0997
7.7791 2.31947 90.0997
7.7791 2.23517 90.0997
7.7791 2.15087 90.0997
7.7791 2.06657 90.0997
7.7791 1.98227 90.0997
7.6948 1.89797 90.0997
7.6105 1.81367 90.0997
7.6105 1.72937 90.0997
7.6105 1.64507 90.0997
7.5262 1.56077 90.0997
7.5262 1.47647 90.0997
7.4419 1.39217 90.0997
7.4419 1.30787 90.0997
7.4419 1.22357 90.0997
7.3576 1.13927 90.0997
7.3576 1.05497 90.0997
7.2733 0.970671 90.0997
7.189 0.886372 90.0997
7.189 0.802071 90.0997
7.1047 0.717772 90.0997
7.0204 0.717772 90.0997
6.9361 0.717772 90.0997
6.8518 0.717772 90.0997
6.7675 0.717772 90.0997
6.6832 0.717772 90.0997
6.5989 0.717772 90.0997
6.5146 0.717772 90.0997
6.4303 0.717772 90.0997
6.346 0.633471 90.0997
6.2617 0.549171 90.0997
6.1774 0.46487 90.0997
6.0931 0.46487 90.0997
6.0088 0.46487 90.0997
5.9245 0.46487 90.0997
5.8402 0.46487 90.0997
5.7559 0.549171 90.0997
5.6716 0.633471 90.0997
5.6716 0.717772 90.0997
5.5873 0.802071 90.0997
5.503 0.886372 90.0997
5.503 0.970671 90.0997
5.4187 1.05497 90.0997
5.4187 1.13927 90.0997
5.4187 1.22357 90.0997
5.3344 1.30787 90.0997
5.3344 1.39217 90.0997
5.3344 1.47647 90.0997
5.3344 1.56077 90.0997
5.2501 1.64507 90.0997
5.2501 1.72937 90.0997
5.2501 1.81367 90.0997
5.2501 1.89797 90.0997
5.1658 1.98227 90.0997
5.1658 2.06657 90.0997
5.1658 2.15087 90.0997
5.1658 2.23517 90.0997
5.0815 2.31947 90.0997
5.0815 2.40377 90.0997
5.0815 2.48807 90.0997
5.0815 2.57237 90.0997
5.0815 2.65667 90.0997
5.0815 2.74097 90.0997
5.1658 2.82527 90.0997
5.2501 2.90957 90.0997
5.3344 2.90957 90.0997
5.4187 2.90957 90.0997
5.503 2.90957 90.0997
5.5873 2.90957 90.0997
5.6716 2.82527 90.0997
5.7559 2.82527 90.0997
5.8402 2.82527 90.0997
5.9245 2.74097 90.0997
6.0088 2.74097 90.0997
6.0931 2.74097 90.0997
6.1774 2.74097 90.0997
6.2617 2.74097 90.0997
6.346 2.82527 90.0997
6.4303 2.90957 90.0997
6.5146 2.90957 90.0997
6.5989 2.99387 90.0997
6.6832 3.07817 90.0997
6.6832 3.16247 90.0997
6.7675 3.24677 90.0997
6.7675 3.33107 90.0997
6.7675 3.41537 90.0997
6.7675 3.49967 90.0997
6.7675 3.58397 90.0997
6.7675 3.66827 90.0997
6.7675 3.75257 90.0997
6.7675 3.83687 90.0997
6.7675 3.92117 90.0997
6.7675 4.00547 90.0997
6.7675 4.08977 90.0997
6.7675 4.17407 90.0997
6.7675 4.25837 90.0997
6.7675 4.34267 90.0997
6.7675 4.42697 90.0997
6.7675 4.51127 90.0997
6.7675 4.59557 90.0997
6.7675 4.67987 90.0997
6.7675 4.76417 90.0997
6.7675 4.84847 90.0997
6.7675 4.93277 90.0997
6.8518 5.01707 90.0997
6.8518 4.25837 91.2997
6.9361 4.25837 91.2997
7.0204 4.25837 91.2997
7.1047 4.17407 91.2997
7.1047 4.08977 91.2997
7.189 4.00547 91.2997
7.189 3.92117 91.2997
7.189 3.83687 91.2997
7.189 3.75257 91.2997
7.189 3.66827 91.2997
7.189 3.58397 91.2997
7.189 3.49967 91.2997
7.189 3.41537 91.2997
7.2733 3.33107 91.2997
7.2733 3.24677 91.2997
7.3576 3.16247 91.2997
7.3576 3.07817 91.2997
7.4419 2.99387 91.2997
7.4419 2.90957 91.2997
7.4419 2.82527 91.2997
7.5262 2.74097 91.2997
7.5262 2.65667 91.2997
7.6105 2.57237 91.2997
7.6105 2.48807 91.2997
7.6948 2.40377 91.2997
7.6948 2.31947 91.2997
7.7791 2.23517 91.2997
7.7791 2.15087 91.2997
7.7791 2.06657 91.2997
7.7791 1.98227 91.2997
7.7791 1.89797 91.2997
7.7791 1.81367 91.2997
7.7791 1.72937 91.2997
7.7791 1.64507 91.2997
7.7791 1.56077 91.2997
7.7791 1.47647 91.2997
7.7791 1.39217 91.2997
7.7791 1.30787 91.2997
7.7791 1.22357 91.2997
7.7791 1.13927 91.2997
7.7791 1.05497 91.2997
7.6948 0.970671 91.2997
7.6948 0.886372 91.2997
7.6105 0.802071 91.2997
7.6105 0.717772 91.2997
7.5262 0.633471 91.2997
7.4419 0.549171 91.2997
7.4419 0.46487 91.2997
7.4419 0.380571 91.2997
7.3576 0.29627 91.2997
7.3576 0.211971 91.2997
7.2733 0.12767 91.2997
7.189 0.12767 91.2997
7.1047 0.12767 91.2997
7.0204 0.211971 91.2997
6.9361 0.29627 91.2997
6.8518 0.380571 91.2997
6.8518 0.46487 91.2997
6.7675 0.549171 91.2997
6.6832 0.633471 91.2997
6.5989 0.717772 91.2997
6.5146 0.802071 91.2997
6.4303 0.802071 91.2997
6.346 0.717772 91.2997
6.346 0.633471 91.2997
6.346 0.549171 91.2997
6.346 0.46487 91.2997
6.2617 0.380571 91.2997
6.1774 0.29627 91.2997
6.0931 0.29627 91.2997
6.0088 0.29627 91.2997
5.9245 0.29627 91.2997
5.8402 0.29627 91.2997
5.7559 0.380571 91.2997
5.7559 0.46487 91.2997
5.7559 0.549171 91.2997
5.7559 0.633471 91.2997
5.7559 0.717772 91.2997
5.7559 0.802071 91.2997
5.7559 0.886372 91.2997
5.7559 0.970671 91.2997
5.7559 1.05497 91.2997
5.6716 1.13927 91.2997
5.6716 1.22357 91.2997
5.5873 1.30787 91.2997
5.5873 1.39217 91.2997
5.5873 1.47647 91.2997
5.503 1.56077 91.2997
5.4187 1.64507 91.2997
5.4187 1.72937 91.2997
5.4187 1.81367 91.2997
5.3344 1.89797 91.2997
5.2501 1.98227 91.2997
5.2501 2.06657 91.2997
5.1658 2.15087 91.2997
5.1658 2.23517 91.2997
5.0815 2.31947 91.2997
5.0815 2.40377 91.2997
4.9972 2.48807 91.2997
4.9972 2.57237 91.2997
4.9972 2.65667 91.2997
4.9972 2.74097 91.2997
4.9972 2.82527 91.2997
4.9972 2.90957 91.2997
4.9972 2.99387 91.2997
4.9972 3.07817 91.2997
5.0815 3.16247 91.2997
5.1658 3.24677 91.2997
5.2501 3.33107 91.2997
5.3344 3.33107 91.2997
5.4187 3.33107 91.2997
5.503 3.33107 91.2997
5.5873 3.33107 91.2997
5.6716 3.33107 91.2997
5.7559 3.33107 91.2997
5.8402 3.24677 91.2997
5.9245 3.24677 91.2997
6.0088 3.16247 91.2997
6.0931 3.16247 91.2997
6.1774 3.16247 91.2997
6.2617 3.16247 91.2997
6.346 3.16247 91.2997
6.4303 3.24677 91.2997
6.5146 3.33107 91.2997
6.5989 3.41537 91.2997
6.6832 3.49967 91.2997
6.6832 3.58397 91.2997
6.6832 3.66827 91.2997
6.7675 3.75257 91.2997
6.7675 3.83687 91.2997
6.7675 3.92117 91.2997
6.7675 4.00547 91.2997
6.7675 4.08977 91.2997
6.7675 4.17407 91.2997
6.8518 4.25837 91.2997
6.9361 4.00547 90.8997
7.0204 4.00547 90.8997
7.1047 4.00547 90.8997
7.189 3.92117 90.8997
7.189 3.83687 90.8997
7.2733 3.75257 90.8997
7.2733 3.66827 90.8997
7.2733 3.58397 90.8997
7.2733 3.49967 90.8997
7.2733 3.41537 90.8997
7.3576 3.33107 90.8997
7.3576 3.24677 90.8997
7.3576 3.16247 90.8997
7.4419 3.07817 90.8997
7.4419 2.99387 90.8997
7.4419 2.90957 90.8997
7.5262 2.82527 90.8997
7.5262 2.74097 90.8997
7.6105 2.65667 90.8997
7.6105 2.57237 90.8997
7.6948 2.48807 90.8997
7.6948 2.40377 90.8997
7.6948 2.31947 90.8997
7.7791 2.23517 90.8997
7.7791 2.15087 90.8997
7.7791 2.06657 90.8997
7.7791 1.98227 90.8997
7.7791 1.89797 90.8997
7.7791 1.81367 90.8997
7.7791 1.72937 90.8997
7.7791 1.64507 90.8997
7.7791 1.56077 90.8997
7.7791 1.47647 90.8997
7.6948 1.39217 90.8997
7.6948 1.30787 90.8997
7.6948 1.22357 90.8997
7.6948 1.13927 90.8997
7.6105 1.05497 90.8997
7.6105 0.970671 90.8997
7.6105 0.886372 90.8997
7.5262 0.802071 90.8997
7.5262 0.717772 90.8997
7.5262 0.633471 90.8997
7.4419 0.549171 90.8997
7.4419 0.46487 90.8997
7.3576 0.380571 90.8997
7.3576 0.29627 90.8997
7.3576 0.211971 90.8997
7.2733 0.12767 90.8997
7.189 0.12767 90.8997
7.1047 0.12767 90.8997
7.0204 0.211971 90.8997
7.0204 0.29627 90.8997
6.9361 0.380571 90.8997
6.8518 0.46487 90.8997
6.8518 0.549171 90.8997
6.8518 0.633471 90.8997
6.7675 0.717772 90.8997
6.6832 0.802071 90.8997
6.5989 0.886372 90.8997
6.5146 0.886372 90.8997
6.4303 0.802071 90.8997
6.346 0.717772 90.8997
6.346 0.633471 90.8997
6.346 0.549171 90.8997
6.346 0.46487 90.8997
6.2617 0.380571 90.8997
6.1774 0.380571 90.8997
6.0931 0.380571 90.8997
6.0088 0.380571 90.8997
5.9245 0.380571 90.8997
5.8402 0.46487 90.8997
5.7559 0.549171 90.8997
5.7559 0.633471 90.8997
5.7559 0.717772 90.8997
5.7559 0.802071 90.8997
5.7559 0.886372 90.8997
5.6716 0.970671 90.8997
5.6716 1.05497 90.8997
5.6716 1.13927 90.8997
5.5873 1.22357 90.8997
5.5873 1.30787 90.8997
5.503 1.39217 90.8997
5.503 1.47647 90.8997
5.4187 1.56077 90.8997
5.4187 1.64507 90.8997
5.4187 1.72937 90.8997
5.3344 1.81367 90.8997
5.3344 1.89797 90.8997
5.2501 1.98227 90.8997
5.1658 1.98227 90.8997
5.0815 2.06657 90.8997
4.9972 2.15087 90.8997
4.9129 2.23517 90.8997
4.8286 2.31947 90.8997
4.8286 2.40377 90.8997
4.8286 2.48807 90.8997
4.8286 2.57237 90.8997
4.8286 2.65667 90.8997
4.8286 2.74097 90.8997
4.8286 2.82527 90.8997
4.8286 2.90957 90.8997
4.8286 2.99387 90.8997
4.9129 3.07817 90.8997
4.9972 3.16247 90.8997
5.0815 3.16247 90.8997
5.1658 3.16247 90.8997
5.2501 3.16247 90.8997
5.3344 3.16247 90.8997
5.4187 3.16247 90.8997
5.503 3.16247 90.8997
5.5873 3.07817 90.8997
5.6716 3.07817 90.8997
5.7559 2.99387 90.8997
5.8402 2.99387 90.8997
5.9245 2.99387 90.8997
6.0088 2.99387 90.8997
6.0931 2.99387 90.8997
6.1774 2.99387 90.8997
6.2617 3.07817 90.8997
6.346 3.16247 90.8997
6.4303 3.24677 90.8997
6.5146 3.33107 90.8997
6.5989 3.41537 90.8997
6.6832 3.49967 90.8997
6.6832 3.58397 90.8997
6.7675 3.66827 90.8997
6.7675 3.75257 90.8997
6.8518 3.83687 90.8997
6.8518 3.92117 90.8997
6.9361 4.00547 90.8997
5.6716 4.00547 92.4997
5.7559 4.00547 92.4997
5.8402 4.00547 92.4997
5.9245 4.00547 92.4997
6.0088 4.00547 92.4997
6.0931 3.92117 92.4997
6.1774 3.92117 92.4997
6.2617 3.83687 92.4997
6.346 3.75257 92.4997
6.4303 3.66827 92.4997
6.4303 3.58397 92.4997
6.5146 3.49967 92.4997
6.5989 3.41537 92.4997
6.6832 3.33107 92.4997
6.6832 3.24677 92.4997
6.7675 3.16247 92.4997
6.7675 3.07817 92.4997
6.7675 2.99387 92.4997
6.8518 2.90957 92.4997
6.9361 2.82527 92.4997
6.9361 2.74097 92.4997
6.9361 2.65667 92.4997
7.0204 2.57237 92.4997
7.0204 2.48807 92.4997
7.0204 2.40377 92.4997
7.0204 2.31947 92.4997
7.1047 2.23517 92.4997
7.1047 2.15087 92.4997
7.1047 2.06657 92.4997
7.1047 1.98227 92.4997
7.189 1.89797 92.4997
7.189 1.81367 92.4997
7.2733 1.72937 92.4997
7.2733 1.64507 92.4997
7.3576 1.56077 92.4997
7.3576 1.47647 92.4997
7.3576 1.39217 92.4997
7.3576 1.30787 92.4997
7.3576 1.22357 92.4997
7.3576 1.13927 92.4997
7.3576 1.05497 92.4997
7.3576 0.970671 92.4997
7.3576 0.886372 92.4997
7.3576 0.802071 92.4997
7.3576 0.717772 92.4997
7.3576 0.633471 92.4997
7.2733 0.549171 92.4997
7.189 0.46487 92.4997
7.1047 0.380571 92.4997
7.0204 0.380571 92.4997
6.9361 0.380571 92.4997
6.8518 0.46487 92.4997
6.8518 0.549171 92.4997
6.7675 0.633471 92.4997
6.7675 0.717772 92.4997
6.6832 0.802071 92.4997
6.6832 0.886372 92.4997
6.5989 0.970671 92.4997
6.5146 1.05497 92.4997
6.4303 1.13927 92.4997
6.4303 1.22357 92.4997
6.346 1.30787 92.4997
6.2617 1.39217 92.4997
6.1774 1.30787 92.4997
6.0931 1.39217 92.4997
6.0088 1.39217 92.4997
5.9245 1.39217 92.4997
5.8402 1.30787 92.4997
5.7559 1.30787 92.4997
5.6716 1.30787 92.4997
5.5873 1.30787 92.4997
5.503 1.30787 92.4997
5.4187 1.39217 92.4997
5.3344 1.47647 92.4997
5.3344 1.56077 92.4997
5.2501 1.64507 92.4997
5.2501 1.72937 92.4997
5.2501 1.81367 92.4997
5.2501 1.89797 92.4997
5.2501 1.98227 92.4997
5.1658 2.06657 92.4997
5.1658 2.15087 92.4997
5.1658 2.23517 92.4997
5.1658 2.31947 92.4997
5.1658 2.40377 92.4997
5.1658 2.48807 92.4997
5.1658 2.57237 92.4997
5.1658 2.65667 92.4997
5.0815 2.74097 92.4997
5.0815 2.82527 92.4997
4.9972 2.90957 92.4997
4.9972 2.99387 92.4997
4.9972 3.07817 92.4997
4.9972 3.16247 92.4997
4.9972 3.24677 92.4997
4.9972 3.33107 92.4997
4.9972 3.41537 92.4997
4.9972 3.49967 92.4997
5.0815 3.58397 92.4997
5.1658 3.58397 92.4997
5.2501 3.66827 92.4997
5.3344 3.75257 92.4997
5.4187 3.75257 92.4997
5.503 3.83687 92.4997
5.5873 3.92117 92.4997
5.6716 4.00547 92.4997
5.0815 3.92117 92.8997
5.1658 3.92117 92.8997
5.2501 3.92117 92.8997
5.3344 3.83687 92.8997
5.4187 3.75257 92.8997
5.503 3.66827 92.8997
5.503 3.58397 92.8997
5.5873 3.49967 92.8997
5.6716 3.41537 92.8997
5.7559 3.33107 92.8997
5.8402 3.33107 92.8997
5.9245 3.24677 92.8997
6.0088 3.16247 92.8997
6.0931 3.07817 92.8997
6.1774 2.99387 92.8997
6.2617 2.90957 92.8997
6.346 2.82527 92.8997
6.346 2.74097 92.8997
6.4303 2.65667 92.8997
6.5146 2.57237 92.8997
6.5989 2.48807 92.8997
6.6832 2.40377 92.8997
6.7675 2.31947 92.8997
6.8518 2.23517 92.8997
6.9361 2.15087 92.8997
6.9361 2.06657 92.8997
7.0204 1.98227 92.8997
7.0204 1.89797 92.8997
7.1047 1.81367 92.8997
7.189 1.72937 92.8997
7.189 1.64507 92.8997
7.189 1.56077 92.8997
7.189 1.47647 92.8997
7.189 1.39217 92.8997
7.189 1.30787 92.8997
7.189 1.22357 92.8997
7.189 1.13927 92.8997
7.189 1.05497 92.8997
7.189 0.970671 92.8997
7.189 0.886372 92.8997
7.189 0.802071 92.8997
7.189 0.717772 92.8997
7.189 0.633471 92.8997
7.1047 0.549171 92.8997
7.0204 0.549171 92.8997
6.9361 0.549171 92.8997
6.8518 0.549171 92.8997
6.7675 0.549171 92.8997
6.6832 0.633471 92.8997
6.5989 0.717772 92.8997
6.5989 0.802071 92.8997
6.5146 0.886372 92.8997
6.5146 0.970671 92.8997
6.4303 1.05497 92.8997
6.4303 1.13927 92.8997
6.346 1.22357 92.8997
6.346 1.30787 92.8997
6.2617 1.39217 92.8997
6.1774 1.47647 92.8997
6.1774 1.56077 92.8997
6.0931 1.64507 92.8997
6.0088 1.72937 92.8997
5.9245 1.72937 92.8997
5.8402 1.72937 92.8997
5.7559 1.64507 92.8997
5.6716 1.64507 92.8997
5.5873 1.64507 92.8997
5.503 1.64507 92.8997
5.4187 1.64507 92.8997
5.3344 1.72937 92.8997
5.3344 1.81367 92.8997
5.2501 1.89797 92.8997
5.2501 1.98227 92.8997
5.1658 2.06657 92.8997
5.1658 2.15087 92.8997
5.0815 2.23517 92.8997
4.9972 2.31947 92.8997
4.9972 2.40377 92.8997
4.9972 2.48807 92.8997
4.9129 2.57237 92.8997
4.9129 2.65667 92.8997
4.9129 2.74097 92.8997
4.9129 2.82527 92.8997
4.9129 2.90957 92.8997
4.8286 2.99387 92.8997
4.7443 3.07817 92.8997
4.66 3.16247 92.8997
4.66 3.24677 92.8997
4.66 3.33107 92.8997
4.66 3.41537 92.8997
4.66 3.49967 92.8997
4.66 3.58397 92.8997
4.66 3.66827 92.8997
4.7443 3.75257 92.8997
4.8286 3.83687 92.8997
4.9129 3.83687 92.8997
4.9972 3.83687 92.8997
5.0815 3.92117 92.8997
4.66 4.00547 93.2997
4.7443 4.00547 93.2997
4.8286 4.00547 93.2997
4.9129 4.00547 93.2997
4.9972 3.92117 93.2997
5.0815 3.83687 93.2997
5.1658 3.83687 93.2997
5.2501 3.75257 93.2997
5.3344 3.66827 93.2997
5.4187 3.58397 93.2997
5.503 3.49967 93.2997
5.503 3.41537 93.2997
5.5873 3.33107 93.2997
5.6716 3.33107 93.2997
5.7559 3.24677 93.2997
5.7559 3.16247 93.2997
5.8402 3.07817 93.2997
5.9245 2.99387 93.2997
6.0088 2.90957 93.2997
6.0931 2.90957 93.2997
6.1774 2.82527 93.2997
6.1774 2.74097 93.2997
6.2617 2.65667 93.2997
6.346 2.57237 93.2997
6.4303 2.48807 93.2997
6.4303 2.40377 93.2997
6.5146 2.31947 93.2997
6.5989 2.23517 93.2997
6.5989 2.15087 93.2997
6.6832 2.06657 93.2997
6.6832 1.98227 93.2997
6.7675 1.89797 93.2997
6.7675 1.81367 93.2997
6.7675 1.72937 93.2997
6.8518 1.64507 93.2997
6.8518 1.56077 93.2997
6.8518 1.47647 93.2997
6.9361 1.39217 93.2997
6.9361 1.30787 93.2997
6.9361 1.22357 93.2997
6.9361 1.13927 93.2997
6.9361 1.05497 93.2997
6.9361 0.970671 93.2997
6.9361 0.886372 93.2997
6.9361 0.802071 93.2997
6.9361 0.717772 93.2997
6.8518 0.633471 93.2997
6.7675 0.633471 93.2997
6.6832 0.633471 93.2997
6.5989 0.717772 93.2997
6.5989 0.802071 93.2997
6.5146 0.886372 93.2997
6.5146 0.970671 93.2997
6.5146 1.05497 93.2997
6.5146 1.13927 93.2997
6.5146 1.22357 93.2997
6.5146 1.30787 93.2997
6.5146 1.39217 93.2997
6.4303 1.47647 93.2997
6.4303 1.56077 93.2997
6.4303 1.64507 93.2997
6.346 1.72937 93.2997
6.2617 1.81367 93.2997
6.1774 1.81367 93.2997
6.0931 1.81367 93.2997
6.0088 1.89797 93.2997
6.0088 1.98227 93.2997
5.9245 2.06657 93.2997
5.8402 2.15087 93.2997
5.7559 2.23517 93.2997
5.6716 2.31947 93.2997
5.5873 2.40377 93.2997
5.503 2.48807 93.2997
5.4187 2.57237 93.2997
5.3344 2.57237 93.2997
5.2501 2.65667 93.2997
5.1658 2.65667 93.2997
5.0815 2.74097 93.2997
4.9972 2.82527 93.2997
4.9129 2.82527 93.2997
4.8286 2.90957 93.2997
4.7443 2.99387 93.2997
4.66 3.07817 93.2997
4.5757 3.16247 93.2997
4.4914 3.24677 93.2997
4.4071 3.33107 93.2997
4.4071 3.41537 93.2997
4.4071 3.49967 93.2997
4.4071 3.58397 93.2997
4.4071 3.66827 93.2997
4.4071 3.75257 93.2997
4.4914 3.83687 93.2997
4.5757 3.92117 93.2997
4.66 4.00547 93.2997
5.0815 3.75257 93.4997
5.1658 3.75257 93.4997
5.2501 3.75257 93.4997
5.3344 3.75257 93.4997
5.4187 3.66827 93.4997
5.503 3.58397 93.4997
5.5873 3.49967 93.4997
5.5873 3.41537 93.4997
5.6716 3.33107 93.4997
5.7559 3.24677 93.4997
5.8402 3.16247 93.4997
5.9245 3.07817 93.4997
5.9245 2.99387 93.4997
6.0088 2.90957 93.4997
6.0088 2.82527 93.4997
6.0931 2.74097 93.4997
6.0931 2.65667 93.4997
6.1774 2.57237 93.4997
6.2617 2.48807 93.4997
6.346 2.40377 93.4997
6.346 2.31947 93.4997
6.4303 2.23517 93.4997
6.4303 2.15087 93.4997
6.5146 2.06657 93.4997
6.5989 1.98227 93.4997
6.5989 1.89797 93.4997
6.6832 1.81367 93.4997
6.7675 1.72937 93.4997
6.7675 1.64507 93.4997
6.7675 1.56077 93.4997
6.7675 1.47647 93.4997
6.6832 1.39217 93.4997
6.5989 1.39217 93.4997
6.5146 1.39217 93.4997
6.4303 1.47647 93.4997
6.346 1.56077 93.4997
6.2617 1.64507 93.4997
6.2617 1.72937 93.4997
6.1774 1.81367 93.4997
6.0931 1.89797 93.4997
6.0931 1.98227 93.4997
6.0088 2.06657 93.4997
6.0088 2.15087 93.4997
5.9245 2.23517 93.4997
5.8402 2.31947 93.4997
5.7559 2.40377 93.4997
5.6716 2.48807 93.4997
5.5873 2.57237 93.4997
5.503 2.65667 93.4997
5.4187 2.74097 93.4997
5.3344 2.82527 93.4997
5.2501 2.90957 93.4997
5.1658 2.90957 93.4997
5.0815 2.99387 93.4997
4.9972 2.99387 93.4997
4.9129 3.07817 93.4997
4.8286 3.16247 93.4997
4.7443 3.24677 93.4997
4.7443 3.33107 93.4997
4.7443 3.41537 93.4997
4.7443 3.49967 93.4997
4.7443 3.58397 93.4997
4.8286 3.66827 93.4997
4.9129 3.66827 93.4997
4.9972 3.66827 93.4997
5.0815 3.75257 93.4997
4.9129 3.83687 93.8997
4.9972 3.83687 93.8997
5.0815 3.83687 93.8997
5.1658 3.83687 93.8997
5.2501 3.83687 93.8997
5.3344 3.75257 93.8997
5.4187 3.66827 93.8997
5.503 3.58397 93.8997
5.503 3.49967 93.8997
5.5873 3.41537 93.8997
5.6716 3.33107 93.8997
5.7559 3.33107 93.8997
5.8402 3.24677 93.8997
5.8402 3.16247 93.8997
5.8402 3.07817 93.8997
5.8402 2.99387 93.8997
5.8402 2.90957 93.8997
5.8402 2.82527 93.8997
5.9245 2.74097 93.8997
5.9245 2.65667 93.8997
5.9245 2.57237 93.8997
5.8402 2.48807 93.8997
5.7559 2.57237 93.8997
5.6716 2.57237 93.8997
5.5873 2.65667 93.8997
5.5873 2.74097 93.8997
5.503 2.82527 93.8997
5.4187 2.90957 93.8997
5.3344 2.90957 93.8997
5.2501 2.99387 93.8997
5.1658 2.99387 93.8997
5.0815 2.99387 93.8997
4.9972 3.07817 93.8997
4.9129 3.16247 93.8997
4.8286 3.24677 93.8997
4.7443 3.33107 93.8997
4.7443 3.41537 93.8997
4.7443 3.49967 93.8997
4.7443 3.58397 93.8997
4.8286 3.66827 93.8997
4.8286 3.75257 93.8997
4.9129 3.83687 93.8997
4.8286 3.75257 94.0997
4.9129 3.75257 94.0997
4.9972 3.75257 94.0997
5.0815 3.75257 94.0997
5.1658 3.75257 94.0997
5.2501 3.75257 94.0997
5.3344 3.66827 94.0997
5.4187 3.58397 94.0997
5.503 3.49967 94.0997
5.503 3.41537 94.0997
5.5873 3.33107 94.0997
5.6716 3.33107 94.0997
5.7559 3.24677 94.0997
5.8402 3.16247 94.0997
5.8402 3.07817 94.0997
5.8402 2.99387 94.0997
5.7559 2.90957 94.0997
5.6716 2.90957 94.0997
5.5873 2.90957 94.0997
5.503 2.90957 94.0997
5.4187 2.99387 94.0997
5.3344 2.99387 94.0997
5.2501 2.99387 94.0997
5.1658 3.07817 94.0997
5.0815 3.07817 94.0997
4.9972 3.16247 94.0997
4.9129 3.24677 94.0997
4.8286 3.24677 94.0997
4.7443 3.33107 94.0997
4.7443 3.41537 94.0997
4.7443 3.49967 94.0997
4.7443 3.58397 94.0997
4.7443 3.66827 94.0997
4.8286 3.75257 94.0997
4.8286 3.75257 93.6997
4.9129 3.75257 93.6997
4.9972 3.75257 93.6997
5.0815 3.75257 93.6997
5.1658 3.75257 93.6997
5.2501 3.75257 93.6997
5.3344 3.75257 93.6997
5.4187 3.66827 93.6997
5.503 3.58397 93.6997
5.5873 3.49967 93.6997
5.5873 3.41537 93.6997
5.6716 3.33107 93.6997
5.7559 3.33107 93.6997
5.8402 3.24677 93.6997
5.8402 3.16247 93.6997
5.9245 3.07817 93.6997
5.9245 2.99387 93.6997
6.0088 2.90957 93.6997
6.0088 2.82527 93.6997
6.0931 2.74097 93.6997
6.0931 2.65667 93.6997
6.1774 2.57237 93.6997
6.2617 2.48807 93.6997
6.346 2.40377 93.6997
6.346 2.31947 93.6997
6.346 2.23517 93.6997
6.346 2.15087 93.6997
6.2617 2.06657 93.6997
6.1774 1.98227 93.6997
6.0931 1.89797 93.6997
6.0931 1.98227 93.6997
6.0088 2.06657 93.6997
6.0088 2.15087 93.6997
5.9245 2.23517 93.6997
5.8402 2.31947 93.6997
5.7559 2.40377 93.6997
5.6716 2.48807 93.6997
5.5873 2.57237 93.6997
5.503 2.65667 93.6997
5.4187 2.74097 93.6997
5.3344 2.82527 93.6997
5.2501 2.90957 93.6997
5.1658 2.90957 93.6997
5.0815 2.99387 93.6997
4.9972 2.99387 93.6997
4.9129 3.07817 93.6997
4.8286 3.16247 93.6997
4.7443 3.24677 93.6997
4.7443 3.33107 93.6997
4.7443 3.41537 93.6997
4.7443 3.49967 93.6997
4.7443 3.58397 93.6997
4.8286 3.66827 93.6997
4.8286 3.75257 93.6997
4.66 3.92117 93.0997
4.7443 3.92117 93.0997
4.8286 3.92117 93.0997
4.9129 3.92117 93.0997
4.9972 3.92117 93.0997
5.0815 3.92117 93.0997
5.1658 3.92117 93.0997
5.2501 3.92117 93.0997
5.3344 3.83687 93.0997
5.4187 3.75257 93.0997
5.503 3.66827 93.0997
5.503 3.58397 93.0997
5.5873 3.49967 93.0997
5.6716 3.41537 93.0997
5.7559 3.33107 93.0997
5.8402 3.33107 93.0997
5.9245 3.24677 93.0997
6.0088 3.16247 93.0997
6.0931 3.07817 93.0997
6.1774 2.99387 93.0997
6.2617 2.90957 93.0997
6.346 2.82527 93.0997
6.346 2.74097 93.0997
6.4303 2.65667 93.0997
6.5146 2.57237 93.0997
6.5989 2.48807 93.0997
6.6832 2.40377 93.0997
6.7675 2.31947 93.0997
6.7675 2.23517 93.0997
6.8518 2.15087 93.0997
6.8518 2.06657 93.0997
6.9361 1.98227 93.0997
6.9361 1.89797 93.0997
6.9361 1.81367 93.0997
7.0204 1.72937 93.0997
7.0204 1.64507 93.0997
7.0204 1.56077 93.0997
7.0204 1.47647 93.0997
7.0204 1.39217 93.0997
7.0204 1.30787 93.0997
7.0204 1.22357 93.0997
7.0204 1.13927 93.0997
7.0204 1.05497 93.0997
7.0204 0.970671 93.0997
7.0204 0.886372 93.0997
7.0204 0.802071 93.0997
7.0204 0.717772 93.0997
7.0204 0.633471 93.0997
6.9361 0.633471 93.0997
6.8518 0.633471 93.0997
6.7675 0.633471 93.0997
6.6832 0.633471 93.0997
6.5989 0.717772 93.0997
6.5989 0.802071 93.0997
6.5146 0.886372 93.0997
6.5146 0.970671 93.0997
6.4303 1.05497 93.0997
6.4303 1.13927 93.0997
6.346 1.22357 93.0997
6.346 1.30787 93.0997
6.346 1.39217 93.0997
6.2617 1.47647 93.0997
6.2617 1.56077 93.0997
6.2617 1.64507 93.0997
6.1774 1.72937 93.0997
6.0931 1.72937 93.0997
6.0088 1.72937 93.0997
5.9245 1.81367 93.0997
5.8402 1.89797 93.0997
5.8402 1.98227 93.0997
5.7559 2.06657 93.0997
5.6716 2.15087 93.0997
5.5873 2.23517 93.0997
5.503 2.31947 93.0997
5.4187 2.40377 93.0997
5.3344 2.48807 93.0997
5.2501 2.48807 93.0997
5.1658 2.57237 93.0997
5.0815 2.57237 93.0997
4.9972 2.65667 93.0997
4.9129 2.74097 93.0997
4.9129 2.82527 93.0997
4.8286 2.90957 93.0997
4.7443 2.99387 93.0997
4.66 3.07817 93.0997
4.5757 3.16247 93.0997
4.5757 3.24677 93.0997
4.5757 3.33107 93.0997
4.5757 3.41537 93.0997
4.5757 3.49967 93.0997
4.5757 3.58397 93.0997
4.5757 3.66827 93.0997
4.5757 3.75257 93.0997
4.5757 3.83687 93.0997
4.66 3.92117 93.0997
5.1658 3.83687 92.6997
5.2501 3.83687 92.6997
5.3344 3.83687 92.6997
5.4187 3.75257 92.6997
5.503 3.83687 92.6997
5.5873 3.83687 92.6997
5.5873 3.75257 92.6997
5.6716 3.66827 92.6997
5.7559 3.58397 92.6997
5.8402 3.49967 92.6997
5.9245 3.49967 92.6997
6.0088 3.41537 92.6997
6.0931 3.33107 92.6997
6.1774 3.24677 92.6997
6.2617 3.16247 92.6997
6.346 3.07817 92.6997
6.4303 2.99387 92.6997
6.4303 2.90957 92.6997
6.5146 2.82527 92.6997
6.5989 2.74097 92.6997
6.6832 2.65667 92.6997
6.7675 2.57237 92.6997
6.8518 2.48807 92.6997
6.9361 2.40377 92.6997
7.0204 2.31947 92.6997
7.0204 2.23517 92.6997
7.1047 2.15087 92.6997
7.1047 2.06657 92.6997
7.1047 1.98227 92.6997
7.189 1.89797 92.6997
7.189 1.81367 92.6997
7.2733 1.72937 92.6997
7.2733 1.64507 92.6997
7.2733 1.56077 92.6997
7.2733 1.47647 92.6997
7.2733 1.39217 92.6997
7.2733 1.30787 92.6997
7.2733 1.22357 92.6997
7.2733 1.13927 92.6997
7.2733 1.05497 92.6997
7.2733 0.970671 92.6997
7.2733 0.886372 92.6997
7.2733 0.802071 92.6997
7.2733 0.717772 92.6997
7.2733 0.633471 92.6997
7.2733 0.549171 92.6997
7.189 0.46487 92.6997
7.1047 0.46487 92.6997
7.0204 0.46487 92.6997
6.9361 0.46487 92.6997
6.8518 0.46487 92.6997
6.7675 0.549171 92.6997
6.6832 0.633471 92.6997
6.5989 0.717772 92.6997
6.5989 0.802071 92.6997
6.5146 0.886372 92.6997
6.5146 0.970671 92.6997
6.4303 1.05497 92.6997
6.4303 1.13927 92.6997
6.346 1.22357 92.6997
6.346 1.30787 92.6997
6.2617 1.39217 92.6997
6.1774 1.30787 92.6997
6.0931 1.39217 92.6997
6.0088 1.39217 92.6997
6.0088 1.47647 92.6997
5.9245 1.56077 92.6997
5.8402 1.56077 92.6997
5.7559 1.56077 92.6997
5.6716 1.56077 92.6997
5.5873 1.56077 92.6997
5.503 1.56077 92.6997
5.4187 1.56077 92.6997
5.3344 1.56077 92.6997
5.2501 1.64507 92.6997
5.2501 1.72937 92.6997
5.2501 1.81367 92.6997
5.2501 1.89797 92.6997
5.2501 1.98227 92.6997
5.1658 2.06657 92.6997
5.1658 2.15087 92.6997
5.0815 2.23517 92.6997
4.9972 2.31947 92.6997
4.9972 2.40377 92.6997
4.9972 2.48807 92.6997
4.9972 2.57237 92.6997
4.9129 2.65667 92.6997
4.9129 2.74097 92.6997
4.9129 2.82527 92.6997
4.9129 2.90957 92.6997
4.8286 2.99387 92.6997
4.8286 3.07817 92.6997
4.8286 3.16247 92.6997
4.8286 3.24677 92.6997
4.8286 3.33107 92.6997
4.8286 3.41537 92.6997
4.8286 3.49967 92.6997
4.8286 3.58397 92.6997
4.9129 3.66827 92.6997
4.9972 3.75257 92.6997
5.0815 3.75257 92.6997
5.1658 3.83687 92.6997
5.3344 3.75257 92.2997
5.4187 3.75257 92.2997
5.503 3.75257 92.2997
5.5873 3.75257 92.2997
5.6716 3.75257 92.2997
5.7559 3.75257 92.2997
5.8402 3.75257 92.2997
5.9245 3.75257 92.2997
6.0088 3.75257 92.2997
6.0931 3.75257 92.2997
6.1774 3.75257 92.2997
6.2617 3.75257 92.2997
6.346 3.75257 92.2997
6.4303 3.66827 92.2997
6.4303 3.58397 92.2997
6.5146 3.49967 92.2997
6.5989 3.41537 92.2997
6.6832 3.33107 92.2997
6.6832 3.24677 92.2997
6.7675 3.16247 92.2997
6.7675 3.07817 92.2997
6.8518 2.99387 92.2997
6.9361 2.90957 92.2997
6.9361 2.82527 92.2997
6.9361 2.74097 92.2997
7.0204 2.65667 92.2997
7.0204 2.57237 92.2997
7.1047 2.48807 92.2997
7.189 2.40377 92.2997
7.189 2.31947 92.2997
7.189 2.23517 92.2997
7.2733 2.15087 92.2997
7.2733 2.06657 92.2997
7.3576 1.98227 92.2997
7.3576 1.89797 92.2997
7.4419 1.81367 92.2997
7.4419 1.72937 92.2997
7.4419 1.64507 92.2997
7.4419 1.56077 92.2997
7.4419 1.47647 92.2997
7.4419 1.39217 92.2997
7.4419 1.30787 92.2997
7.4419 1.22357 92.2997
7.4419 1.13927 92.2997
7.4419 1.05497 92.2997
7.4419 0.970671 92.2997
7.4419 0.886372 92.2997
7.4419 0.802071 92.2997
7.4419 0.717772 92.2997
7.4419 0.633471 92.2997
7.3576 0.549171 92.2997
7.2733 0.46487 92.2997
7.189 0.380571 92.2997
7.1047 0.380571 92.2997
7.0204 0.380571 92.2997
6.9361 0.380571 92.2997
6.8518 0.380571 92.2997
6.7675 0.46487 92.2997
6.7675 0.549171 92.2997
6.6832 0.633471 92.2997
6.6832 0.717772 92.2997
6.5989 0.802071 92.2997
6.5989 0.886372 92.2997
6.5146 0.970671 92.2997
6.4303 1.05497 92.2997
6.346 1.13927 92.2997
6.346 1.22357 92.2997
6.2617 1.30787 92.2997
6.1774 1.30787 92.2997
6.0931 1.30787 92.2997
6.0088 1.39217 92.2997
5.9245 1.30787 92.2997
5.8402 1.30787 92.2997
5.7559 1.30787 92.2997
5.6716 1.30787 92.2997
5.5873 1.30787 92.2997
5.503 1.30787 92.2997
5.503 1.39217 92.2997
5.503 1.47647 92.2997
5.503 1.56077 92.2997
5.503 1.64507 92.2997
5.503 1.72937 92.2997
5.503 1.81367 92.2997
5.4187 1.89797 92.2997
5.4187 1.98227 92.2997
5.4187 2.06657 92.2997
5.3344 2.15087 92.2997
5.3344 2.23517 92.2997
5.2501 2.31947 92.2997
5.2501 2.40377 92.2997
5.1658 2.48807 92.2997
5.1658 2.57237 92.2997
5.1658 2.65667 92.2997
5.1658 2.74097 92.2997
5.0815 2.82527 92.2997
5.0815 2.90957 92.2997
5.0815 2.99387 92.2997
5.0815 3.07817 92.2997
5.0815 3.16247 92.2997
5.0815 3.24677 92.2997
5.0815 3.33107 92.2997
5.0815 3.41537 92.2997
5.0815 3.49967 92.2997
5.0815 3.58397 92.2997
5.1658 3.58397 92.2997
5.2501 3.66827 92.2997
5.3344 3.75257 92.2997
6.7675 4.08977 91.0997
6.8518 4.08977 91.0997
6.9361 4.08977 91.0997
7.0204 4.08977 91.0997
7.1047 4.08977 91.0997
7.189 4.00547 91.0997
7.189 3.92117 91.0997
7.189 3.83687 91.0997
7.189 3.75257 91.0997
7.189 3.66827 91.0997
7.189 3.58397 91.0997
7.2733 3.49967 91.0997
7.2733 3.41537 91.0997
7.3576 3.33107 91.0997
7.3576 3.24677 91.0997
7.3576 3.16247 91.0997
7.4419 3.07817 91.0997
7.4419 2.99387 91.0997
7.4419 2.90957 91.0997
7.5262 2.82527 91.0997
7.5262 2.74097 91.0997
7.6105 2.65667 91.0997
7.6105 2.57237 91.0997
7.6948 2.48807 91.0997
7.6948 2.40377 91.0997
7.6948 2.31947 91.0997
7.7791 2.23517 91.0997
7.7791 2.15087 91.0997
7.7791 2.06657 91.0997
7.7791 1.98227 91.0997
7.7791 1.89797 91.0997
7.7791 1.81367 91.0997
7.7791 1.72937 91.0997
7.7791 1.64507 91.0997
7.7791 1.56077 91.0997
7.7791 1.47647 91.0997
7.6948 1.39217 91.0997
7.6948 1.30787 91.0997
7.6948 1.22357 91.0997
7.6948 1.13927 91.0997
7.6105 1.05497 91.0997
7.6105 0.970671 91.0997
7.6105 0.886372 91.0997
7.5262 0.802071 91.0997
7.5262 0.717772 91.0997
7.5262 0.633471 91.0997
7.4419 0.549171 91.0997
7.4419 0.46487 91.0997
7.3576 0.380571 91.0997
7.3576 0.29627 91.0997
7.3576 0.211971 91.0997
7.2733 0.12767 91.0997
7.189 0.12767 91.0997
7.1047 0.12767 91.0997
7.0204 0.211971 91.0997
6.9361 0.29627 91.0997
6.8518 0.380571 91.0997
6.8518 0.46487 91.0997
6.7675 0.549171 91.0997
6.7675 0.633471 91.0997
6.6832 0.717772 91.0997
6.5989 0.802071 91.0997
6.5146 0.886372 91.0997
6.4303 0.802071 91.0997
6.346 0.717772 91.0997
6.346 0.633471 91.0997
6.346 0.549171 91.0997
6.346 0.46487 91.0997
6.2617 0.380571 91.0997
6.1774 0.380571 91.0997
6.0931 0.380571 91.0997
6.0088 0.380571 91.0997
5.9245 0.380571 91.0997
5.8402 0.380571 91.0997
5.7559 0.46487 91.0997
5.7559 0.549171 91.0997
5.7559 0.633471 91.0997
5.7559 0.717772 91.0997
5.7559 0.802071 91.0997
5.7559 0.886372 91.0997
5.6716 0.970671 91.0997
5.6716 1.05497 91.0997
5.6716 1.13927 91.0997
5.5873 1.22357 91.0997
5.5873 1.30787 91.0997
5.503 1.39217 91.0997
5.503 1.47647 91.0997
5.4187 1.56077 91.0997
5.4187 1.64507 91.0997
5.4187 1.72937 91.0997
5.3344 1.81367 91.0997
5.3344 1.89797 91.0997
5.2501 1.98227 91.0997
5.1658 1.98227 91.0997
5.1658 2.06657 91.0997
5.0815 2.15087 91.0997
5.0815 2.23517 91.0997
4.9972 2.31947 91.0997
4.9972 2.40377 91.0997
4.9129 2.48807 91.0997
4.9129 2.57237 91.0997
4.9129 2.65667 91.0997
4.9129 2.74097 91.0997
4.9129 2.82527 91.0997
4.9129 2.90957 91.0997
4.9129 2.99387 91.0997
4.9129 3.07817 91.0997
4.9972 3.16247 91.0997
5.0815 3.16247 91.0997
5.1658 3.24677 91.0997
5.2501 3.33107 91.0997
5.3344 3.33107 91.0997
5.4187 3.33107 91.0997
5.503 3.33107 91.0997
5.5873 3.24677 91.0997
5.6716 3.24677 91.0997
5.7559 3.16247 91.0997
5.8402 3.16247 91.0997
5.9245 3.16247 91.0997
6.0088 3.16247 91.0997
6.0931 3.16247 91.0997
6.1774 3.16247 91.0997
6.2617 3.16247 91.0997
6.346 3.16247 91.0997
6.4303 3.24677 91.0997
6.5146 3.33107 91.0997
6.5989 3.41537 91.0997
6.6832 3.49967 91.0997
6.6832 3.58397 91.0997
6.6832 3.66827 91.0997
6.7675 3.75257 91.0997
6.7675 3.83687 91.0997
6.7675 3.92117 91.0997
6.7675 4.00547 91.0997
6.7675 4.08977 91.0997
6.9361 4.76417 90.2997
7.0204 4.76417 90.2997
7.1047 4.76417 90.2997
7.189 4.67987 90.2997
7.189 4.59557 90.2997
7.189 4.51127 90.2997
7.189 4.42697 90.2997
7.189 4.34267 90.2997
7.2733 4.25837 90.2997
7.2733 4.17407 90.2997
7.2733 4.08977 90.2997
7.2733 4.00547 90.2997
7.3576 3.92117 90.2997
7.4419 3.83687 90.2997
7.4419 3.75257 90.2997
7.4419 3.66827 90.2997
7.4419 3.58397 90.2997
7.5262 3.49967 90.2997
7.5262 3.41537 90.2997
7.5262 3.33107 90.2997
7.6105 3.24677 90.2997
7.6105 3.16247 90.2997
7.6105 3.07817 90.2997
7.6948 2.99387 90.2997
7.6948 2.90957 90.2997
7.6948 2.82527 90.2997
7.6948 2.74097 90.2997
7.6948 2.65667 90.2997
7.6948 2.57237 90.2997
7.6948 2.48807 90.2997
7.6948 2.40377 90.2997
7.6948 2.31947 90.2997
7.6948 2.23517 90.2997
7.6948 2.15087 90.2997
7.6948 2.06657 90.2997
7.6948 1.98227 90.2997
7.6948 1.89797 90.2997
7.6948 1.81367 90.2997
7.6948 1.72937 90.2997
7.6948 1.64507 90.2997
7.6105 1.56077 90.2997
7.6105 1.47647 90.2997
7.5262 1.39217 90.2997
7.5262 1.30787 90.2997
7.5262 1.22357 90.2997
7.4419 1.13927 90.2997
7.4419 1.05497 90.2997
7.3576 0.970671 90.2997
7.2733 0.886372 90.2997
7.189 0.802071 90.2997
7.1047 0.802071 90.2997
7.0204 0.802071 90.2997
6.9361 0.802071 90.2997
6.8518 0.802071 90.2997
6.7675 0.802071 90.2997
6.6832 0.802071 90.2997
6.5989 0.802071 90.2997
6.5146 0.802071 90.2997
6.4303 0.717772 90.2997
6.346 0.633471 90.2997
6.2617 0.549171 90.2997
6.1774 0.549171 90.2997
6.0931 0.549171 90.2997
6.0088 0.549171 90.2997
5.9245 0.549171 90.2997
5.8402 0.549171 90.2997
5.7559 0.633471 90.2997
5.6716 0.717772 90.2997
5.5873 0.802071 90.2997
5.5873 0.886372 90.2997
5.503 0.970671 90.2997
5.503 1.05497 90.2997
5.503 1.13927 90.2997
5.4187 1.22357 90.2997
5.4187 1.30787 90.2997
5.3344 1.39217 90.2997
5.3344 1.47647 90.2997
5.3344 1.56077 90.2997
5.2501 1.64507 90.2997
5.2501 1.72937 90.2997
5.2501 1.81367 90.2997
5.1658 1.89797 90.2997
5.1658 1.98227 90.2997
5.0815 2.06657 90.2997
5.0815 2.15087 90.2997
5.0815 2.23517 90.2997
5.0815 2.31947 90.2997
5.0815 2.40377 90.2997
5.0815 2.48807 90.2997
5.0815 2.57237 90.2997
5.0815 2.65667 90.2997
5.0815 2.74097 90.2997
5.0815 2.82527 90.2997
5.0815 2.90957 90.2997
5.0815 2.99387 90.2997
5.1658 3.07817 90.2997
5.2501 3.07817 90.2997
5.3344 3.07817 90.2997
5.4187 3.07817 90.2997
5.503 2.99387 90.2997
5.5873 2.90957 90.2997
5.6716 2.90957 90.2997
5.7559 2.82527 90.2997
5.8402 2.82527 90.2997
5.9245 2.74097 90.2997
6.0088 2.74097 90.2997
6.0931 2.74097 90.2997
6.1774 2.74097 90.2997
6.2617 2.74097 90.2997
6.346 2.82527 90.2997
6.4303 2.90957 90.2997
6.5146 2.99387 90.2997
6.5989 3.07817 90.2997
6.5989 3.16247 90.2997
6.5989 3.24677 90.2997
6.5989 3.33107 90.2997
6.6832 3.41537 90.2997
6.6832 3.49967 90.2997
6.6832 3.58397 90.2997
6.6832 3.66827 90.2997
6.7675 3.75257 90.2997
6.7675 3.83687 90.2997
6.7675 3.92117 90.2997
6.7675 4.00547 90.2997
6.7675 4.08977 90.2997
6.7675 4.17407 90.2997
6.7675 4.25837 90.2997
6.7675 4.34267 90.2997
6.7675 4.42697 90.2997
6.7675 4.51127 90.2997
6.7675 4.59557 90.2997
6.8518 4.67987 90.2997
6.9361 4.76417 90.2997
6.7675 5.01707 89.8997
6.8518 5.01707 89.8997
6.9361 5.01707 89.8997
7.0204 4.93277 89.8997
7.0204 4.84847 89.8997
7.0204 4.76417 89.8997
7.1047 4.67987 89.8997
7.1047 4.59557 89.8997
7.1047 4.51127 89.8997
7.189 4.42697 89.8997
7.189 4.34267 89.8997
7.189 4.25837 89.8997
7.2733 4.17407 89.8997
7.2733 4.08977 89.8997
7.3576 4.00547 89.8997
7.3576 3.92117 89.8997
7.3576 3.83687 89.8997
7.4419 3.75257 89.8997
7.5262 3.66827 89.8997
7.5262 3.58397 89.8997
7.6105 3.49967 89.8997
7.6105 3.41537 89.8997
7.6948 3.33107 89.8997
7.6948 3.24677 89.8997
7.6948 3.16247 89.8997
7.7791 3.07817 89.8997
7.7791 2.99387 89.8997
7.7791 2.90957 89.8997
7.7791 2.82527 89.8997
7.7791 2.74097 89.8997
7.7791 2.65667 89.8997
7.7791 2.57237 89.8997
7.7791 2.48807 89.8997
7.7791 2.40377 89.8997
7.7791 2.31947 89.8997
7.7791 2.23517 89.8997
7.7791 2.15087 89.8997
7.7791 2.06657 89.8997
7.6948 1.98227 89.8997
7.6948 1.89797 89.8997
7.6105 1.81367 89.8997
7.6105 1.72937 89.8997
7.5262 1.64507 89.8997
7.4419 1.56077 89.8997
7.3576 1.47647 89.8997
7.3576 1.39217 89.8997
7.2733 1.30787 89.8997
7.189 1.22357 89.8997
7.1047 1.13927 89.8997
7.0204 1.05497 89.8997
7.0204 0.970671 89.8997
7.0204 0.886372 89.8997
6.9361 0.802071 89.8997
6.8518 0.717772 89.8997
6.7675 0.717772 89.8997
6.6832 0.717772 89.8997
6.5989 0.717772 89.8997
6.5146 0.717772 89.8997
6.4303 0.717772 89.8997
6.346 0.802071 89.8997
6.2617 0.886372 89.8997
6.1774 0.886372 89.8997
6.0931 0.970671 89.8997
6.0088 1.05497 89.8997
5.9245 1.05497 89.8997
5.8402 1.13927 89.8997
5.7559 1.22357 89.8997
5.6716 1.30787 89.8997
5.5873 1.39217 89.8997
5.503 1.47647 89.8997
5.503 1.56077 89.8997
5.4187 1.64507 89.8997
5.4187 1.72937 89.8997
5.3344 1.81367 89.8997
5.2501 1.89797 89.8997
5.2501 1.98227 89.8997
5.2501 2.06657 89.8997
5.2501 2.15087 89.8997
5.2501 2.23517 89.8997
5.2501 2.31947 89.8997
5.3344 2.40377 89.8997
5.4187 2.40377 89.8997
5.503 2.40377 89.8997
5.5873 2.40377 89.8997
5.6716 2.40377 89.8997
5.7559 2.40377 89.8997
5.8402 2.31947 89.8997
5.9245 2.40377 89.8997
6.0088 2.40377 89.8997
6.0931 2.48807 89.8997
6.0931 2.57237 89.8997
6.1774 2.65667 89.8997
6.2617 2.74097 89.8997
6.346 2.82527 89.8997
6.4303 2.90957 89.8997
6.5146 2.99387 89.8997
6.5146 3.07817 89.8997
6.5146 3.16247 89.8997
6.5989 3.24677 89.8997
6.5989 3.33107 89.8997
6.5989 3.41537 89.8997
6.5989 3.49967 89.8997
6.5989 3.58397 89.8997
6.5989 3.66827 89.8997
6.5989 3.75257 89.8997
6.5989 3.83687 89.8997
6.5989 3.92117 89.8997
6.5989 4.00547 89.8997
6.5989 4.08977 89.8997
6.5989 4.17407 89.8997
6.5989 4.25837 89.8997
6.6832 4.34267 89.8997
6.6832 4.42697 89.8997
6.6832 4.51127 89.8997
6.6832 4.59557 89.8997
6.6832 4.67987 89.8997
6.6832 4.76417 89.8997
6.6832 4.84847 89.8997
6.6832 4.93277 89.8997
6.7675 5.01707 89.8997
6.7675 4.84847 89.4998
6.8518 4.84847 89.4998
6.9361 4.84847 89.4998
7.0204 4.84847 89.4998
7.0204 4.76417 89.4998
7.1047 4.67987 89.4998
7.1047 4.59557 89.4998
7.1047 4.51127 89.4998
7.189 4.42697 89.4998
7.189 4.34267 89.4998
7.189 4.25837 89.4998
7.189 4.17407 89.4998
7.189 4.08977 89.4998
7.2733 4.00547 89.4998
7.2733 3.92117 89.4998
7.2733 3.83687 89.4998
7.2733 3.75257 89.4998
7.2733 3.66827 89.4998
7.3576 3.58397 89.4998
7.3576 3.49967 89.4998
7.3576 3.41537 89.4998
7.4419 3.33107 89.4998
7.4419 3.24677 89.4998
7.5262 3.16247 89.4998
7.6105 3.07817 89.4998
7.6105 2.99387 89.4998
7.6948 2.90957 89.4998
7.6948 2.82527 89.4998
7.6948 2.74097 89.4998
7.6948 2.65667 89.4998
7.6948 2.57237 89.4998
7.6948 2.48807 89.4998
7.6948 2.40377 89.4998
7.6948 2.31947 89.4998
7.6948 2.23517 89.4998
7.6948 2.15087 89.4998
7.6105 2.06657 89.4998
7.6105 1.98227 89.4998
7.5262 1.89797 89.4998
7.4419 1.81367 89.4998
7.4419 1.72937 89.4998
7.3576 1.64507 89.4998
7.3576 1.56077 89.4998
7.3576 1.47647 89.4998
7.2733 1.39217 89.4998
7.189 1.30787 89.4998
7.1047 1.22357 89.4998
7.1047 1.13927 89.4998
7.0204 1.05497 89.4998
6.9361 1.05497 89.4998
6.8518 1.05497 89.4998
6.7675 1.05497 89.4998
6.6832 1.05497 89.4998
6.5989 1.05497 89.4998
6.5146 1.05497 89.4998
6.4303 1.13927 89.4998
6.346 1.13927 89.4998
6.2617 1.13927 89.4998
6.1774 1.22357 89.4998
6.0931 1.22357 89.4998
6.0088 1.30787 89.4998
5.9245 1.39217 89.4998
5.8402 1.47647 89.4998
5.7559 1.56077 89.4998
5.6716 1.64507 89.4998
5.5873 1.72937 89.4998
5.5873 1.81367 89.4998
5.503 1.89797 89.4998
5.503 1.98227 89.4998
5.503 2.06657 89.4998
5.503 2.15087 89.4998
5.503 2.23517 89.4998
5.5873 2.23517 89.4998
5.6716 2.23517 89.4998
5.7559 2.23517 89.4998
5.8402 2.23517 89.4998
5.9245 2.23517 89.4998
6.0088 2.23517 89.4998
6.0931 2.23517 89.4998
6.1774 2.31947 89.4998
6.2617 2.40377 89.4998
6.346 2.48807 89.4998
6.4303 2.57237 89.4998
6.5146 2.65667 89.4998
6.5146 2.74097 89.4998
6.5989 2.82527 89.4998
6.5989 2.90957 89.4998
6.5989 2.99387 89.4998
6.6832 3.07817 89.4998
6.6832 3.16247 89.4998
6.6832 3.24677 89.4998
6.6832 3.33107 89.4998
6.6832 3.41537 89.4998
6.6832 3.49967 89.4998
6.6832 3.58397 89.4998
6.6832 3.66827 89.4998
6.6832 3.75257 89.4998
6.6832 3.83687 89.4998
6.6832 3.92117 89.4998
6.5989 4.00547 89.4998
6.5989 4.08977 89.4998
6.5989 4.17407 89.4998
6.5989 4.25837 89.4998
6.6832 4.34267 89.4998
6.6832 4.42697 89.4998
6.6832 4.51127 89.4998
6.6832 4.59557 89.4998
6.6832 4.67987 89.4998
6.6832 4.76417 89.4998
6.7675 4.84847 89.4998
6.6832 4.42697 89.0998
6.7675 4.42697 89.0998
6.8518 4.42697 89.0998
6.9361 4.42697 89.0998
7.0204 4.42697 89.0998
7.1047 4.42697 89.0998
7.1047 4.34267 89.0998
7.1047 4.25837 89.0998
7.1047 4.17407 89.0998
7.189 4.08977 89.0998
7.189 4.00547 89.0998
7.189 3.92117 89.0998
7.189 3.83687 89.0998
7.189 3.75257 89.0998
7.189 3.66827 89.0998
7.2733 3.58397 89.0998
7.2733 3.49967 89.0998
7.2733 3.41537 89.0998
7.2733 3.33107 89.0998
7.3576 3.24677 89.0998
7.3576 3.16247 89.0998
7.3576 3.07817 89.0998
7.4419 2.99387 89.0998
7.5262 2.90957 89.0998
7.5262 2.82527 89.0998
7.5262 2.74097 89.0998
7.5262 2.65667 89.0998
7.5262 2.57237 89.0998
7.5262 2.48807 89.0998
7.5262 2.40377 89.0998
7.5262 2.31947 89.0998
7.5262 2.23517 89.0998
7.5262 2.15087 89.0998
7.4419 2.06657 89.0998
7.4419 1.98227 89.0998
7.3576 1.89797 89.0998
7.2733 1.81367 89.0998
7.189 1.72937 89.0998
7.1047 1.64507 89.0998
7.1047 1.56077 89.0998
7.0204 1.47647 89.0998
6.9361 1.39217 89.0998
6.8518 1.30787 89.0998
6.7675 1.22357 89.0998
6.6832 1.13927 89.0998
6.5989 1.13927 89.0998
6.5146 1.13927 89.0998
6.4303 1.13927 89.0998
6.346 1.13927 89.0998
6.2617 1.13927 89.0998
6.1774 1.13927 89.0998
6.0931 1.13927 89.0998
6.0088 1.13927 89.0998
5.9245 1.13927 89.0998
5.8402 1.22357 89.0998
5.7559 1.30787 89.0998
5.6716 1.39217 89.0998
5.6716 1.47647 89.0998
5.5873 1.56077 89.0998
5.5873 1.64507 89.0998
5.5873 1.72937 89.0998
5.5873 1.81367 89.0998
5.5873 1.89797 89.0998
5.6716 1.98227 89.0998
5.7559 1.98227 89.0998
5.8402 2.06657 89.0998
5.9245 2.06657 89.0998
6.0088 2.06657 89.0998
6.0931 2.06657 89.0998
6.1774 2.15087 89.0998
6.2617 2.15087 89.0998
6.346 2.23517 89.0998
6.4303 2.31947 89.0998
6.5146 2.40377 89.0998
6.5989 2.48807 89.0998
6.5989 2.57237 89.0998
6.5989 2.65667 89.0998
6.6832 2.74097 89.0998
6.6832 2.82527 89.0998
6.6832 2.90957 89.0998
6.7675 2.99387 89.0998
6.7675 3.07817 89.0998
6.7675 3.16247 89.0998
6.7675 3.24677 89.0998
6.7675 3.33107 89.0998
6.7675 3.41537 89.0998
6.7675 3.49967 89.0998
6.7675 3.58397 89.0998
6.7675 3.66827 89.0998
6.7675 3.75257 89.0998
6.7675 3.83687 89.0998
6.7675 3.92117 89.0998
6.6832 4.00547 89.0998
6.6832 4.08977 89.0998
6.6832 4.17407 89.0998
6.6832 4.25837 89.0998
6.6832 4.34267 89.0998
6.6832 4.42697 89.0998
5.6716 3.58397 92.0997
5.7559 3.58397 92.0997
5.8402 3.58397 92.0997
5.9245 3.58397 92.0997
6.0088 3.58397 92.0997
6.0931 3.58397 92.0997
6.1774 3.58397 92.0997
6.2617 3.58397 92.0997
6.346 3.49967 92.0997
6.4303 3.41537 92.0997
6.5146 3.33107 92.0997
6.5989 3.24677 92.0997
6.6832 3.16247 92.0997
6.7675 3.07817 92.0997
6.8518 2.99387 92.0997
6.9361 2.90957 92.0997
6.9361 2.82527 92.0997
6.9361 2.74097 92.0997
7.0204 2.65667 92.0997
7.0204 2.57237 92.0997
7.1047 2.48807 92.0997
7.189 2.40377 92.0997
7.189 2.31947 92.0997
7.2733 2.23517 92.0997
7.2733 2.15087 92.0997
7.3576 2.06657 92.0997
7.3576 1.98227 92.0997
7.4419 1.89797 92.0997
7.4419 1.81367 92.0997
7.4419 1.72937 92.0997
7.4419 1.64507 92.0997
7.4419 1.56077 92.0997
7.4419 1.47647 92.0997
7.5262 1.39217 92.0997
7.5262 1.30787 92.0997
7.5262 1.22357 92.0997
7.5262 1.13927 92.0997
7.5262 1.05497 92.0997
7.5262 0.970671 92.0997
7.4419 0.886372 92.0997
7.4419 0.802071 92.0997
7.4419 0.717772 92.0997
7.4419 0.633471 92.0997
7.4419 0.549171 92.0997
7.4419 0.46487 92.0997
7.3576 0.380571 92.0997
7.2733 0.380571 92.0997
7.189 0.380571 92.0997
7.1047 0.380571 92.0997
7.0204 0.380571 92.0997
6.9361 0.380571 92.0997
6.8518 0.380571 92.0997
6.7675 0.46487 92.0997
6.6832 0.549171 92.0997
6.5989 0.633471 92.0997
6.5989 0.717772 92.0997
6.5989 0.802071 92.0997
6.5146 0.886372 92.0997
6.4303 0.970671 92.0997
6.4303 1.05497 92.0997
6.346 1.13927 92.0997
6.2617 1.13927 92.0997
6.1774 1.13927 92.0997
6.0931 1.05497 92.0997
6.0931 0.970671 92.0997
6.0931 0.886372 92.0997
6.0931 0.802071 92.0997
6.0931 0.717772 92.0997
6.0931 0.633471 92.0997
6.0931 0.549171 92.0997
6.0088 0.46487 92.0997
6.0088 0.549171 92.0997
6.0088 0.633471 92.0997
5.9245 0.717772 92.0997
5.9245 0.802071 92.0997
5.9245 0.886372 92.0997
5.8402 0.970671 92.0997
5.7559 1.05497 92.0997
5.7559 1.13927 92.0997
5.7559 1.22357 92.0997
5.7559 1.30787 92.0997
5.6716 1.39217 92.0997
5.6716 1.47647 92.0997
5.6716 1.56077 92.0997
5.6716 1.64507 92.0997
5.6716 1.72937 92.0997
5.6716 1.81367 92.0997
5.5873 1.89797 92.0997
5.5873 1.98227 92.0997
5.5873 2.06657 92.0997
5.5873 2.15087 92.0997
5.5873 2.23517 92.0997
5.5873 2.31947 92.0997
5.5873 2.40377 92.0997
5.5873 2.48807 92.0997
5.5873 2.57237 92.0997
5.503 2.65667 92.0997
5.503 2.74097 92.0997
5.503 2.82527 92.0997
5.503 2.90957 92.0997
5.503 2.99387 92.0997
5.503 3.07817 92.0997
5.4187 3.16247 92.0997
5.4187 3.24677 92.0997
5.503 3.33107 92.0997
5.503 3.41537 92.0997
5.5873 3.49967 92.0997
5.6716 3.58397 92.0997
6.6832 3.75257 91.8997
6.7675 3.66827 91.8997
6.8518 3.58397 91.8997
6.9361 3.49967 91.8997
7.0204 3.41537 91.8997
7.0204 3.33107 91.8997
7.0204 3.24677 91.8997
7.1047 3.16247 91.8997
7.1047 3.07817 91.8997
7.189 2.99387 91.8997
7.189 2.90957 91.8997
7.2733 2.82527 91.8997
7.3576 2.74097 91.8997
7.3576 2.65667 91.8997
7.3576 2.57237 91.8997
7.4419 2.48807 91.8997
7.4419 2.40377 91.8997
7.5262 2.31947 91.8997
7.5262 2.23517 91.8997
7.5262 2.15087 91.8997
7.5262 2.06657 91.8997
7.5262 1.98227 91.8997
7.6105 1.89797 91.8997
7.6105 1.81367 91.8997
7.6105 1.72937 91.8997
7.6105 1.64507 91.8997
7.6105 1.56077 91.8997
7.6105 1.47647 91.8997
7.6105 1.39217 91.8997
7.6105 1.30787 91.8997
7.6105 1.22357 91.8997
7.6105 1.13927 91.8997
7.6105 1.05497 91.8997
7.6105 0.970671 91.8997
7.6105 0.886372 91.8997
7.5262 0.802071 91.8997
7.5262 0.717772 91.8997
7.5262 0.633471 91.8997
7.5262 0.549171 91.8997
7.4419 0.46487 91.8997
7.3576 0.380571 91.8997
7.2733 0.29627 91.8997
7.189 0.29627 91.8997
7.1047 0.29627 91.8997
7.0204 0.29627 91.8997
6.9361 0.29627 91.8997
6.8518 0.380571 91.8997
6.7675 0.46487 91.8997
6.6832 0.549171 91.8997
6.5989 0.633471 91.8997
6.5989 0.717772 91.8997
6.5146 0.802071 91.8997
6.4303 0.886372 91.8997
6.4303 0.970671 91.8997
6.346 1.05497 91.8997
6.2617 1.05497 91.8997
6.1774 0.970671 91.8997
6.1774 0.886372 91.8997
6.1774 0.802071 91.8997
6.1774 0.717772 91.8997
6.1774 0.633471 91.8997
6.1774 0.549171 91.8997
6.1774 0.46487 91.8997
6.0931 0.380571 91.8997
6.0088 0.380571 91.8997
6.0088 0.46487 91.8997
5.9245 0.549171 91.8997
5.9245 0.633471 91.8997
5.8402 0.717772 91.8997
5.7559 0.802071 91.8997
5.7559 0.886372 91.8997
5.6716 0.970671 91.8997
5.6716 1.05497 91.8997
5.6716 1.13927 91.8997
5.6716 1.22357 91.8997
5.6716 1.30787 91.8997
5.5873 1.39217 91.8997
5.5873 1.47647 91.8997
5.5873 1.56077 91.8997
5.5873 1.64507 91.8997
5.5873 1.72937 91.8997
5.5873 1.81367 91.8997
5.5873 1.89797 91.8997
5.5873 1.98227 91.8997
5.5873 2.06657 91.8997
5.5873 2.15087 91.8997
5.503 2.23517 91.8997
5.503 2.31947 91.8997
5.503 2.40377 91.8997
5.503 2.48807 91.8997
5.503 2.57237 91.8997
5.503 2.65667 91.8997
5.503 2.74097 91.8997
5.503 2.82527 91.8997
5.503 2.90957 91.8997
5.503 2.99387 91.8997
5.503 3.07817 91.8997
5.503 3.16247 91.8997
5.503 3.24677 91.8997
5.503 3.33107 91.8997
5.503 3.41537 91.8997
5.503 3.49967 91.8997
5.5873 3.58397 91.8997
5.6716 3.58397 91.8997
5.7559 3.58397 91.8997
5.8402 3.58397 91.8997
5.9245 3.58397 91.8997
6.0088 3.58397 91.8997
6.0931 3.58397 91.8997
6.1774 3.58397 91.8997
6.2617 3.58397 91.8997
6.346 3.49967 91.8997
6.4303 3.41537 91.8997
6.5146 3.49967 91.8997
6.5989 3.58397 91.8997
6.5989 3.66827 91.8997
6.6832 3.75257 91.8997
6.7675 4.34267 91.6997
6.8518 4.34267 91.6997
6.9361 4.34267 91.6997
7.0204 4.25837 91.6997
7.0204 4.17407 91.6997
7.0204 4.08977 91.6997
7.0204 4.00547 91.6997
7.0204 3.92117 91.6997
7.0204 3.83687 91.6997
7.0204 3.75257 91.6997
7.0204 3.66827 91.6997
7.0204 3.58397 91.6997
7.1047 3.49967 91.6997
7.1047 3.41537 91.6997
7.1047 3.33107 91.6997
7.1047 3.24677 91.6997
7.1047 3.16247 91.6997
7.189 3.07817 91.6997
7.189 2.99387 91.6997
7.189 2.90957 91.6997
7.2733 2.82527 91.6997
7.3576 2.74097 91.6997
7.3576 2.65667 91.6997
7.3576 2.57237 91.6997
7.4419 2.48807 91.6997
7.4419 2.40377 91.6997
7.5262 2.31947 91.6997
7.6105 2.23517 91.6997
7.6105 2.15087 91.6997
7.6105 2.06657 91.6997
7.6105 1.98227 91.6997
7.6105 1.89797 91.6997
7.6948 1.81367 91.6997
7.6948 1.72937 91.6997
7.6948 1.64507 91.6997
7.6948 1.56077 91.6997
7.6948 1.47647 91.6997
7.6948 1.39217 91.6997
7.6948 1.30787 91.6997
7.6948 1.22357 91.6997
7.6948 1.13927 91.6997
7.6948 1.05497 91.6997
7.6948 0.970671 91.6997
7.6105 0.886372 91.6997
7.6105 0.802071 91.6997
7.6105 0.717772 91.6997
7.5262 0.633471 91.6997
7.5262 0.549171 91.6997
7.4419 0.46487 91.6997
7.3576 0.380571 91.6997
7.2733 0.29627 91.6997
7.189 0.29627 91.6997
7.1047 0.29627 91.6997
7.0204 0.29627 91.6997
6.9361 0.29627 91.6997
6.8518 0.380571 91.6997
6.7675 0.46487 91.6997
6.6832 0.549171 91.6997
6.6832 0.633471 91.6997
6.5989 0.717772 91.6997
6.5146 0.802071 91.6997
6.4303 0.717772 91.6997
6.346 0.633471 91.6997
6.346 0.549171 91.6997
6.346 0.46487 91.6997
6.2617 0.380571 91.6997
6.2617 0.29627 91.6997
6.1774 0.211971 91.6997
6.0931 0.211971 91.6997
6.0088 0.211971 91.6997
5.9245 0.211971 91.6997
5.8402 0.29627 91.6997
5.7559 0.380571 91.6997
5.7559 0.46487 91.6997
5.6716 0.549171 91.6997
5.7559 0.633471 91.6997
5.7559 0.717772 91.6997
5.7559 0.802071 91.6997
5.7559 0.886372 91.6997
5.7559 0.970671 91.6997
5.7559 1.05497 91.6997
5.7559 1.13927 91.6997
5.7559 1.22357 91.6997
5.7559 1.30787 91.6997
5.7559 1.39217 91.6997
5.7559 1.47647 91.6997
5.7559 1.56077 91.6997
5.6716 1.64507 91.6997
5.6716 1.72937 91.6997
5.6716 1.81367 91.6997
5.6716 1.89797 91.6997
5.6716 1.98227 91.6997
5.6716 2.06657 91.6997
5.5873 2.15087 91.6997
5.5873 2.23517 91.6997
5.5873 2.31947 91.6997
5.5873 2.40377 91.6997
5.5873 2.48807 91.6997
5.5873 2.57237 91.6997
5.503 2.65667 91.6997
5.503 2.74097 91.6997
5.503 2.82527 91.6997
5.503 2.90957 91.6997
5.503 2.99387 91.6997
5.4187 3.07817 91.6997
5.4187 3.16247 91.6997
5.4187 3.24677 91.6997
5.503 3.24677 91.6997
5.5873 3.24677 91.6997
5.6716 3.24677 91.6997
5.7559 3.24677 91.6997
5.8402 3.24677 91.6997
5.9245 3.33107 91.6997
6.0088 3.33107 91.6997
6.0931 3.33107 91.6997
6.1774 3.33107 91.6997
6.2617 3.41537 91.6997
6.346 3.41537 91.6997
6.4303 3.41537 91.6997
6.5146 3.49967 91.6997
6.5989 3.58397 91.6997
6.5989 3.66827 91.6997
6.6832 3.75257 91.6997
6.6832 3.83687 91.6997
6.6832 3.92117 91.6997
6.6832 4.00547 91.6997
6.6832 4.08977 91.6997
6.6832 4.17407 91.6997
6.6832 4.25837 91.6997
6.7675 4.34267 91.6997
6.6832 4.25837 91.4997
6.7675 4.25837 91.4997
6.8518 4.25837 91.4997
6.9361 4.25837 91.4997
7.0204 4.25837 91.4997
7.1047 4.17407 91.4997
7.1047 4.08977 91.4997
7.1047 4.00547 91.4997
7.1047 3.92117 91.4997
7.1047 3.83687 91.4997
7.1047 3.75257 91.4997
7.1047 3.66827 91.4997
7.1047 3.58397 91.4997
7.189 3.49967 91.4997
7.189 3.41537 91.4997
7.189 3.33107 91.4997
7.189 3.24677 91.4997
7.189 3.16247 91.4997
7.2733 3.07817 91.4997
7.2733 2.99387 91.4997
7.2733 2.90957 91.4997
7.3576 2.82527 91.4997
7.4419 2.74097 91.4997
7.4419 2.65667 91.4997
7.4419 2.57237 91.4997
7.5262 2.48807 91.4997
7.5262 2.40377 91.4997
7.6105 2.31947 91.4997
7.6948 2.23517 91.4997
7.6948 2.15087 91.4997
7.6948 2.06657 91.4997
7.6948 1.98227 91.4997
7.6948 1.89797 91.4997
7.6948 1.81367 91.4997
7.6948 1.72937 91.4997
7.6948 1.64507 91.4997
7.6948 1.56077 91.4997
7.6948 1.47647 91.4997
7.6948 1.39217 91.4997
7.6948 1.30787 91.4997
7.6948 1.22357 91.4997
7.6948 1.13927 91.4997
7.6948 1.05497 91.4997
7.6948 0.970671 91.4997
7.6948 0.886372 91.4997
7.6105 0.802071 91.4997
7.6105 0.717772 91.4997
7.5262 0.633471 91.4997
7.5262 0.549171 91.4997
7.4419 0.46487 91.4997
7.4419 0.380571 91.4997
7.3576 0.29627 91.4997
7.3576 0.211971 91.4997
7.2733 0.211971 91.4997
7.189 0.211971 91.4997
7.1047 0.211971 91.4997
7.0204 0.211971 91.4997
6.9361 0.29627 91.4997
6.8518 0.380571 91.4997
6.7675 0.46487 91.4997
6.6832 0.549171 91.4997
6.6832 0.633471 91.4997
6.5989 0.717772 91.4997
6.5146 0.802071 91.4997
6.4303 0.717772 91.4997
6.346 0.633471 91.4997
6.346 0.549171 91.4997
6.346 0.46487 91.4997
6.2617 0.380571 91.4997
6.2617 0.29627 91.4997
6.1774 0.211971 91.4997
6.0931 0.211971 91.4997
6.0088 0.211971 91.4997
5.9245 0.211971 91.4997
5.8402 0.29627 91.4997
5.7559 0.380571 91.4997
5.7559 0.46487 91.4997
5.7559 0.549171 91.4997
5.7559 0.633471 91.4997
5.7559 0.717772 91.4997
5.6716 0.802071 91.4997
5.6716 0.886372 91.4997
5.6716 0.970671 91.4997
5.6716 1.05497 91.4997
5.6716 1.13927 91.4997
5.6716 1.22357 91.4997
5.6716 1.30787 91.4997
5.6716 1.39217 91.4997
5.6716 1.47647 91.4997
5.6716 1.56077 91.4997
5.5873 1.64507 91.4997
5.503 1.72937 91.4997
5.503 1.81367 91.4997
5.503 1.89797 91.4997
5.4187 1.98227 91.4997
5.4187 2.06657 91.4997
5.3344 2.15087 91.4997
5.2501 2.23517 91.4997
5.2501 2.31947 91.4997
5.2501 2.40377 91.4997
5.2501 2.48807 91.4997
5.2501 2.57237 91.4997
5.3344 2.65667 91.4997
5.3344 2.74097 91.4997
5.3344 2.82527 91.4997
5.4187 2.90957 91.4997
5.503 2.90957 91.4997
5.5873 2.99387 91.4997
5.6716 3.07817 91.4997
5.7559 3.16247 91.4997
5.7559 3.24677 91.4997
5.7559 3.33107 91.4997
5.8402 3.24677 91.4997
5.9245 3.33107 91.4997
6.0088 3.24677 91.4997
6.0931 3.24677 91.4997
6.1774 3.24677 91.4997
6.2617 3.24677 91.4997
6.346 3.33107 91.4997
6.4303 3.41537 91.4997
6.5146 3.49967 91.4997
6.5989 3.58397 91.4997
6.5989 3.66827 91.4997
6.6832 3.75257 91.4997
6.6832 3.83687 91.4997
6.6832 3.92117 91.4997
6.6832 4.00547 91.4997
6.6832 4.08977 91.4997
6.6832 4.17407 91.4997
6.6832 4.25837 91.4997
6.8518 4.25837 90.6997
6.9361 4.25837 90.6997
7.0204 4.25837 90.6997
7.1047 4.25837 90.6997
7.189 4.17407 90.6997
7.189 4.08977 90.6997
7.189 4.00547 90.6997
7.189 3.92117 90.6997
7.189 3.83687 90.6997
7.2733 3.75257 90.6997
7.3576 3.66827 90.6997
7.3576 3.58397 90.6997
7.3576 3.49967 90.6997
7.3576 3.41537 90.6997
7.4419 3.33107 90.6997
7.4419 3.24677 90.6997
7.4419 3.16247 90.6997
7.5262 3.07817 90.6997
7.5262 2.99387 90.6997
7.5262 2.90957 90.6997
7.6105 2.82527 90.6997
7.6105 2.74097 90.6997
7.6105 2.65667 90.6997
7.6105 2.57237 90.6997
7.6948 2.48807 90.6997
7.6948 2.40377 90.6997
7.6948 2.31947 90.6997
7.6948 2.23517 90.6997
7.6948 2.15087 90.6997
7.6948 2.06657 90.6997
7.6948 1.98227 90.6997
7.6948 1.89797 90.6997
7.6948 1.81367 90.6997
7.6948 1.72937 90.6997
7.6948 1.64507 90.6997
7.6948 1.56077 90.6997
7.6948 1.47647 90.6997
7.6948 1.39217 90.6997
7.6948 1.30787 90.6997
7.6948 1.22357 90.6997
7.6948 1.13927 90.6997
7.6105 1.05497 90.6997
7.6105 0.970671 90.6997
7.6105 0.886372 90.6997
7.5262 0.802071 90.6997
7.5262 0.717772 90.6997
7.4419 0.633471 90.6997
7.3576 0.633471 90.6997
7.2733 0.633471 90.6997
7.189 0.633471 90.6997
7.1047 0.633471 90.6997
7.0204 0.633471 90.6997
6.9361 0.633471 90.6997
6.8518 0.633471 90.6997
6.7675 0.717772 90.6997
6.6832 0.802071 90.6997
6.5989 0.886372 90.6997
6.5146 0.886372 90.6997
6.4303 0.802071 90.6997
6.346 0.717772 90.6997
6.346 0.633471 90.6997
6.346 0.549171 90.6997
6.346 0.46487 90.6997
6.2617 0.380571 90.6997
6.1774 0.380571 90.6997
6.0931 0.380571 90.6997
6.0088 0.380571 90.6997
5.9245 0.380571 90.6997
5.8402 0.46487 90.6997
5.7559 0.549171 90.6997
5.7559 0.633471 90.6997
5.7559 0.717772 90.6997
5.6716 0.802071 90.6997
5.6716 0.886372 90.6997
5.5873 0.970671 90.6997
5.5873 1.05497 90.6997
5.5873 1.13927 90.6997
5.503 1.22357 90.6997
5.503 1.30787 90.6997
5.4187 1.39217 90.6997
5.4187 1.47647 90.6997
5.4187 1.56077 90.6997
5.4187 1.64507 90.6997
5.4187 1.72937 90.6997
5.3344 1.81367 90.6997
5.3344 1.89797 90.6997
5.3344 1.98227 90.6997
5.3344 2.06657 90.6997
5.2501 2.15087 90.6997
5.2501 2.23517 90.6997
5.2501 2.31947 90.6997
5.2501 2.40377 90.6997
5.1658 2.48807 90.6997
5.1658 2.57237 90.6997
5.0815 2.65667 90.6997
5.0815 2.74097 90.6997
5.0815 2.82527 90.6997
5.0815 2.90957 90.6997
5.0815 2.99387 90.6997
5.0815 3.07817 90.6997
5.1658 3.16247 90.6997
5.2501 3.16247 90.6997
5.3344 3.16247 90.6997
5.4187 3.16247 90.6997
5.503 3.16247 90.6997
5.5873 3.07817 90.6997
5.6716 3.07817 90.6997
5.7559 2.99387 90.6997
5.8402 2.99387 90.6997
5.9245 2.99387 90.6997
6.0088 2.99387 90.6997
6.0931 2.99387 90.6997
6.1774 2.99387 90.6997
6.2617 3.07817 90.6997
6.346 3.16247 90.6997
6.4303 3.24677 90.6997
6.5146 3.33107 90.6997
6.5989 3.41537 90.6997
6.6832 3.49967 90.6997
6.6832 3.58397 90.6997
6.6832 3.66827 90.6997
6.7675 3.75257 90.6997
6.7675 3.83687 90.6997
6.7675 3.92117 90.6997
6.7675 4.00547 90.6997
6.7675 4.08977 90.6997
6.7675 4.17407 90.6997
6.8518 4.25837 90.6997
