# Output from PinnacleROI.cpp
# First line is number of curves
# Second line is space-separated number of points in each curve
# Remainder are the points themselves
48
72 67 57 52 49 47 46 45 42 39 43 39 44 44 44 45 43 44 41 43 40 41 40 40 36 41 41 39 42 42 41 44 44 43 45 44 47 46 46 44 44 42 41 44 47 48 51 51 
-0.398003 3.75257 99.6996
-0.313702 3.75257 99.6996
-0.229403 3.75257 99.6996
-0.145102 3.66827 99.6996
-0.0608025 3.66827 99.6996
0.0234985 3.58397 99.6996
0.107798 3.49967 99.6996
0.192099 3.49967 99.6996
0.276398 3.41537 99.6996
0.360699 3.41537 99.6996
0.444998 3.41537 99.6996
0.529299 3.33107 99.6996
0.613598 3.33107 99.6996
0.697899 3.33107 99.6996
0.782198 3.33107 99.6996
0.866499 3.33107 99.6996
0.950798 3.33107 99.6996
1.0351 3.33107 99.6996
1.1194 3.33107 99.6996
1.2037 3.33107 99.6996
1.288 3.33107 99.6996
1.3723 3.41537 99.6996
1.4566 3.41537 99.6996
1.5409 3.49967 99.6996
1.6252 3.49967 99.6996
1.7095 3.49967 99.6996
1.7938 3.58397 99.6996
1.8781 3.66827 99.6996
1.9624 3.66827 99.6996
2.0467 3.66827 99.6996
2.131 3.58397 99.6996
2.131 3.49967 99.6996
2.131 3.41537 99.6996
2.131 3.33107 99.6996
2.131 3.24677 99.6996
2.0467 3.16247 99.6996
1.9624 3.07817 99.6996
1.8781 2.99387 99.6996
1.7938 2.99387 99.6996
1.7095 2.90957 99.6996
1.6252 2.90957 99.6996
1.5409 2.82527 99.6996
1.4566 2.82527 99.6996
1.3723 2.82527 99.6996
1.288 2.82527 99.6996
1.2037 2.82527 99.6996
1.1194 2.82527 99.6996
1.0351 2.74097 99.6996
0.950798 2.74097 99.6996
0.866499 2.74097 99.6996
0.782198 2.74097 99.6996
0.697899 2.74097 99.6996
0.613598 2.74097 99.6996
0.529299 2.74097 99.6996
0.444998 2.74097 99.6996
0.360699 2.74097 99.6996
0.276398 2.74097 99.6996
0.192099 2.74097 99.6996
0.107798 2.82527 99.6996
0.0234985 2.82527 99.6996
-0.0608025 2.82527 99.6996
-0.145102 2.90957 99.6996
-0.229403 2.99387 99.6996
-0.313702 3.07817 99.6996
-0.313702 3.16247 99.6996
-0.313702 3.24677 99.6996
-0.398003 3.33107 99.6996
-0.482302 3.41537 99.6996
-0.482302 3.49967 99.6996
-0.482302 3.58397 99.6996
-0.482302 3.66827 99.6996
-0.398003 3.75257 99.6996
-0.313702 3.66827 99.8996
-0.229403 3.66827 99.8996
-0.145102 3.66827 99.8996
-0.0608025 3.66827 99.8996
0.0234985 3.66827 99.8996
0.107798 3.58397 99.8996
0.192099 3.58397 99.8996
0.276398 3.58397 99.8996
0.360699 3.58397 99.8996
0.444998 3.58397 99.8996
0.529299 3.58397 99.8996
0.613598 3.58397 99.8996
0.697899 3.58397 99.8996
0.782198 3.58397 99.8996
0.866499 3.58397 99.8996
0.950798 3.58397 99.8996
1.0351 3.58397 99.8996
1.1194 3.58397 99.8996
1.2037 3.58397 99.8996
1.288 3.58397 99.8996
1.3723 3.58397 99.8996
1.4566 3.58397 99.8996
1.5409 3.58397 99.8996
1.6252 3.58397 99.8996
1.7095 3.58397 99.8996
1.7938 3.58397 99.8996
1.8781 3.58397 99.8996
1.9624 3.58397 99.8996
2.0467 3.49967 99.8996
2.0467 3.41537 99.8996
2.0467 3.33107 99.8996
2.0467 3.24677 99.8996
1.9624 3.16247 99.8996
1.8781 3.07817 99.8996
1.7938 2.99387 99.8996
1.7095 2.90957 99.8996
1.6252 2.82527 99.8996
1.5409 2.74097 99.8996
1.4566 2.74097 99.8996
1.3723 2.65667 99.8996
1.288 2.65667 99.8996
1.2037 2.57237 99.8996
1.1194 2.57237 99.8996
1.0351 2.57237 99.8996
0.950798 2.57237 99.8996
0.866499 2.57237 99.8996
0.782198 2.57237 99.8996
0.697899 2.57237 99.8996
0.613598 2.57237 99.8996
0.529299 2.57237 99.8996
0.444998 2.65667 99.8996
0.360699 2.65667 99.8996
0.276398 2.65667 99.8996
0.192099 2.65667 99.8996
0.107798 2.74097 99.8996
0.0234985 2.82527 99.8996
-0.0608025 2.82527 99.8996
-0.145102 2.90957 99.8996
-0.229403 2.99387 99.8996
-0.229403 3.07817 99.8996
-0.313702 3.16247 99.8996
-0.313702 3.24677 99.8996
-0.398003 3.33107 99.8996
-0.398003 3.41537 99.8996
-0.398003 3.49967 99.8996
-0.398003 3.58397 99.8996
-0.313702 3.66827 99.8996
0.192099 3.66827 100.1
0.276398 3.66827 100.1
0.360699 3.66827 100.1
0.444998 3.66827 100.1
0.529299 3.66827 100.1
0.613598 3.58397 100.1
0.697899 3.58397 100.1
0.782198 3.58397 100.1
0.866499 3.58397 100.1
0.950798 3.58397 100.1
1.0351 3.58397 100.1
1.1194 3.66827 100.1
1.2037 3.66827 100.1
1.288 3.66827 100.1
1.3723 3.66827 100.1
1.4566 3.66827 100.1
1.5409 3.66827 100.1
1.6252 3.66827 100.1
1.7095 3.66827 100.1
1.7938 3.58397 100.1
1.8781 3.49967 100.1
1.8781 3.41537 100.1
1.8781 3.33107 100.1
1.8781 3.24677 100.1
1.8781 3.16247 100.1
1.8781 3.07817 100.1
1.7938 2.99387 100.1
1.7095 2.90957 100.1
1.6252 2.82527 100.1
1.5409 2.82527 100.1
1.4566 2.74097 100.1
1.3723 2.65667 100.1
1.288 2.65667 100.1
1.2037 2.65667 100.1
1.1194 2.65667 100.1
1.0351 2.65667 100.1
0.950798 2.57237 100.1
0.866499 2.57237 100.1
0.782198 2.57237 100.1
0.697899 2.57237 100.1
0.613598 2.65667 100.1
0.529299 2.65667 100.1
0.444998 2.65667 100.1
0.360699 2.65667 100.1
0.276398 2.74097 100.1
0.192099 2.82527 100.1
0.107798 2.90957 100.1
0.0234985 2.99387 100.1
-0.0608025 3.07817 100.1
-0.0608025 3.16247 100.1
-0.0608025 3.24677 100.1
-0.0608025 3.33107 100.1
-0.0608025 3.41537 100.1
-0.0608025 3.49967 100.1
0.0234985 3.58397 100.1
0.107798 3.58397 100.1
0.192099 3.66827 100.1
0.192099 3.58397 100.3
0.276398 3.58397 100.3
0.360699 3.58397 100.3
0.444998 3.58397 100.3
0.529299 3.58397 100.3
0.613598 3.58397 100.3
0.697899 3.58397 100.3
0.782198 3.58397 100.3
0.866499 3.58397 100.3
0.950798 3.58397 100.3
1.0351 3.58397 100.3
1.1194 3.58397 100.3
1.2037 3.58397 100.3
1.288 3.58397 100.3
1.3723 3.49967 100.3
1.4566 3.49967 100.3
1.5409 3.41537 100.3
1.6252 3.33107 100.3
1.6252 3.24677 100.3
1.6252 3.16247 100.3
1.6252 3.07817 100.3
1.6252 2.99387 100.3
1.6252 2.90957 100.3
1.6252 2.82527 100.3
1.6252 2.74097 100.3
1.5409 2.65667 100.3
1.4566 2.65667 100.3
1.3723 2.57237 100.3
1.288 2.57237 100.3
1.2037 2.48807 100.3
1.1194 2.48807 100.3
1.0351 2.48807 100.3
0.950798 2.48807 100.3
0.866499 2.48807 100.3
0.782198 2.48807 100.3
0.697899 2.48807 100.3
0.613598 2.48807 100.3
0.529299 2.48807 100.3
0.444998 2.57237 100.3
0.360699 2.57237 100.3
0.276398 2.65667 100.3
0.192099 2.74097 100.3
0.107798 2.82527 100.3
0.0234985 2.90957 100.3
0.0234985 2.99387 100.3
-0.0608025 3.07817 100.3
-0.0608025 3.16247 100.3
-0.0608025 3.24677 100.3
-0.0608025 3.33107 100.3
0.0234985 3.41537 100.3
0.107798 3.49967 100.3
0.192099 3.58397 100.3
0.360699 3.49967 100.7
0.444998 3.49967 100.7
0.529299 3.49967 100.7
0.613598 3.49967 100.7
0.697899 3.49967 100.7
0.782198 3.49967 100.7
0.866499 3.49967 100.7
0.950798 3.49967 100.7
1.0351 3.41537 100.7
1.1194 3.41537 100.7
1.2037 3.41537 100.7
1.288 3.33107 100.7
1.3723 3.24677 100.7
1.4566 3.16247 100.7
1.4566 3.07817 100.7
1.4566 2.99387 100.7
1.4566 2.90957 100.7
1.4566 2.82527 100.7
1.4566 2.74097 100.7
1.4566 2.65667 100.7
1.3723 2.57237 100.7
1.3723 2.48807 100.7
1.288 2.40377 100.7
1.2037 2.40377 100.7
1.1194 2.31947 100.7
1.0351 2.31947 100.7
0.950798 2.31947 100.7
0.866499 2.31947 100.7
0.782198 2.31947 100.7
0.697899 2.23517 100.7
0.613598 2.23517 100.7
0.529299 2.23517 100.7
0.444998 2.23517 100.7
0.360699 2.31947 100.7
0.276398 2.31947 100.7
0.192099 2.40377 100.7
0.107798 2.48807 100.7
0.0234985 2.57237 100.7
0.0234985 2.65667 100.7
-0.0608025 2.74097 100.7
-0.0608025 2.82527 100.7
-0.0608025 2.90957 100.7
-0.0608025 2.99387 100.7
-0.0608025 3.07817 100.7
0.0234985 3.16247 100.7
0.107798 3.24677 100.7
0.192099 3.33107 100.7
0.276398 3.41537 100.7
0.360699 3.49967 100.7
0.529299 3.33107 101.1
0.613598 3.33107 101.1
0.697899 3.33107 101.1
0.782198 3.33107 101.1
0.866499 3.33107 101.1
0.950798 3.33107 101.1
1.0351 3.24677 101.1
1.1194 3.16247 101.1
1.2037 3.16247 101.1
1.288 3.07817 101.1
1.288 2.99387 101.1
1.3723 2.90957 101.1
1.3723 2.82527 101.1
1.3723 2.74097 101.1
1.3723 2.65667 101.1
1.3723 2.57237 101.1
1.3723 2.48807 101.1
1.3723 2.40377 101.1
1.288 2.31947 101.1
1.2037 2.23517 101.1
1.1194 2.15087 101.1
1.0351 2.15087 101.1
0.950798 2.06657 101.1
0.866499 2.06657 101.1
0.782198 2.06657 101.1
0.697899 2.06657 101.1
0.613598 2.06657 101.1
0.529299 2.06657 101.1
0.444998 2.06657 101.1
0.360699 2.15087 101.1
0.276398 2.23517 101.1
0.192099 2.31947 101.1
0.107798 2.31947 101.1
0.0234985 2.40377 101.1
0.0234985 2.48807 101.1
0.0234985 2.57237 101.1
0.0234985 2.65667 101.1
0.0234985 2.74097 101.1
0.0234985 2.82527 101.1
0.0234985 2.90957 101.1
0.0234985 2.99387 101.1
0.107798 3.07817 101.1
0.192099 3.16247 101.1
0.276398 3.16247 101.1
0.360699 3.24677 101.1
0.444998 3.24677 101.1
0.529299 3.33107 101.1
0.276398 3.07817 101.5
0.360699 3.07817 101.5
0.444998 3.07817 101.5
0.529299 3.07817 101.5
0.613598 3.07817 101.5
0.697899 3.07817 101.5
0.782198 3.07817 101.5
0.866499 3.07817 101.5
0.950798 2.99387 101.5
1.0351 2.90957 101.5
1.1194 2.90957 101.5
1.2037 2.82527 101.5
1.2037 2.74097 101.5
1.2037 2.65667 101.5
1.288 2.57237 101.5
1.288 2.48807 101.5
1.288 2.40377 101.5
1.288 2.31947 101.5
1.288 2.23517 101.5
1.2037 2.15087 101.5
1.1194 2.06657 101.5
1.0351 1.98227 101.5
0.950798 1.89797 101.5
0.866499 1.81367 101.5
0.782198 1.81367 101.5
0.697899 1.81367 101.5
0.613598 1.81367 101.5
0.529299 1.81367 101.5
0.444998 1.89797 101.5
0.360699 1.89797 101.5
0.276398 1.89797 101.5
0.192099 1.98227 101.5
0.107798 2.06657 101.5
0.0234985 2.06657 101.5
-0.0608025 2.15087 101.5
-0.0608025 2.23517 101.5
-0.0608025 2.31947 101.5
-0.0608025 2.40377 101.5
-0.0608025 2.48807 101.5
-0.0608025 2.57237 101.5
-0.0608025 2.65667 101.5
0.0234985 2.74097 101.5
0.0234985 2.82527 101.5
0.107798 2.90957 101.5
0.192099 2.99387 101.5
0.276398 3.07817 101.5
0.276398 2.74097 101.9
0.360699 2.74097 101.9
0.444998 2.74097 101.9
0.529299 2.74097 101.9
0.613598 2.74097 101.9
0.697899 2.74097 101.9
0.782198 2.74097 101.9
0.866499 2.74097 101.9
0.950798 2.65667 101.9
1.0351 2.57237 101.9
1.0351 2.48807 101.9
1.1194 2.40377 101.9
1.1194 2.31947 101.9
1.1194 2.23517 101.9
1.1194 2.15087 101.9
1.1194 2.06657 101.9
1.1194 1.98227 101.9
1.1194 1.89797 101.9
1.0351 1.81367 101.9
0.950798 1.72937 101.9
0.950798 1.64507 101.9
0.866499 1.56077 101.9
0.782198 1.47647 101.9
0.697899 1.47647 101.9
0.613598 1.47647 101.9
0.529299 1.47647 101.9
0.444998 1.47647 101.9
0.360699 1.47647 101.9
0.276398 1.47647 101.9
0.192099 1.47647 101.9
0.107798 1.56077 101.9
0.0234985 1.64507 101.9
-0.0608025 1.72937 101.9
-0.0608025 1.81367 101.9
-0.0608025 1.89797 101.9
-0.0608025 1.98227 101.9
-0.0608025 2.06657 101.9
-0.0608025 2.15087 101.9
-0.0608025 2.23517 101.9
0.0234985 2.31947 101.9
0.0234985 2.40377 101.9
0.0234985 2.48807 101.9
0.107798 2.57237 101.9
0.192099 2.65667 101.9
0.276398 2.74097 101.9
0.276398 2.57237 102.3
0.360699 2.57237 102.3
0.444998 2.57237 102.3
0.529299 2.57237 102.3
0.613598 2.57237 102.3
0.697899 2.48807 102.3
0.782198 2.48807 102.3
0.866499 2.48807 102.3
0.950798 2.48807 102.3
1.0351 2.40377 102.3
1.1194 2.31947 102.3
1.1194 2.23517 102.3
1.1194 2.15087 102.3
1.1194 2.06657 102.3
1.1194 1.98227 102.3
1.1194 1.89797 102.3
1.0351 1.81367 102.3
1.0351 1.72937 102.3
0.950798 1.64507 102.3
0.866499 1.56077 102.3
0.782198 1.47647 102.3
0.697899 1.47647 102.3
0.613598 1.39217 102.3
0.529299 1.30787 102.3
0.444998 1.30787 102.3
0.360699 1.30787 102.3
0.276398 1.39217 102.3
0.192099 1.39217 102.3
0.107798 1.47647 102.3
0.0234985 1.56077 102.3
-0.0608025 1.64507 102.3
-0.0608025 1.72937 102.3
-0.0608025 1.81367 102.3
-0.0608025 1.89797 102.3
-0.0608025 1.98227 102.3
-0.0608025 2.06657 102.3
-0.0608025 2.15087 102.3
0.0234985 2.23517 102.3
0.0234985 2.31947 102.3
0.107798 2.40377 102.3
0.192099 2.48807 102.3
0.276398 2.57237 102.3
0.529299 2.23517 102.7
0.613598 2.23517 102.7
0.697899 2.23517 102.7
0.782198 2.23517 102.7
0.866499 2.23517 102.7
0.950798 2.23517 102.7
1.0351 2.15087 102.7
1.1194 2.06657 102.7
1.1194 1.98227 102.7
1.1194 1.89797 102.7
1.1194 1.81367 102.7
1.1194 1.72937 102.7
1.0351 1.64507 102.7
0.950798 1.56077 102.7
0.866499 1.47647 102.7
0.782198 1.39217 102.7
0.697899 1.30787 102.7
0.613598 1.22357 102.7
0.529299 1.22357 102.7
0.444998 1.13927 102.7
0.360699 1.13927 102.7
0.276398 1.13927 102.7
0.192099 1.13927 102.7
0.107798 1.13927 102.7
0.0234985 1.13927 102.7
-0.0608025 1.22357 102.7
-0.145102 1.30787 102.7
-0.145102 1.39217 102.7
-0.0608025 1.39217 102.7
0.0234985 1.47647 102.7
0.107798 1.56077 102.7
0.192099 1.64507 102.7
0.276398 1.72937 102.7
0.276398 1.81367 102.7
0.360699 1.89797 102.7
0.360699 1.98227 102.7
0.444998 2.06657 102.7
0.444998 2.15087 102.7
0.529299 2.23517 102.7
0.697899 2.23517 103.1
0.782198 2.23517 103.1
0.866499 2.23517 103.1
0.950798 2.23517 103.1
1.0351 2.23517 103.1
1.1194 2.15087 103.1
1.2037 2.06657 103.1
1.2037 1.98227 103.1
1.2037 1.89797 103.1
1.1194 1.81367 103.1
1.0351 1.72937 103.1
1.0351 1.64507 103.1
0.950798 1.56077 103.1
0.866499 1.47647 103.1
0.782198 1.39217 103.1
0.697899 1.30787 103.1
0.613598 1.22357 103.1
0.529299 1.13927 103.1
0.444998 1.05497 103.1
0.360699 0.970671 103.1
0.276398 0.886372 103.1
0.192099 0.886372 103.1
0.107798 0.886372 103.1
0.0234985 0.886372 103.1
-0.0608025 0.970671 103.1
-0.145102 1.05497 103.1
-0.229403 1.13927 103.1
-0.229403 1.22357 103.1
-0.229403 1.30787 103.1
-0.145102 1.39217 103.1
-0.0608025 1.39217 103.1
0.0234985 1.39217 103.1
0.107798 1.47647 103.1
0.192099 1.56077 103.1
0.276398 1.56077 103.1
0.360699 1.64507 103.1
0.444998 1.72937 103.1
0.444998 1.81367 103.1
0.529299 1.89797 103.1
0.529299 1.98227 103.1
0.613598 2.06657 103.1
0.613598 2.15087 103.1
0.697899 2.23517 103.1
0.613598 1.98227 103.5
0.697899 1.98227 103.5
0.782198 1.98227 103.5
0.866499 1.98227 103.5
0.950798 1.98227 103.5
1.0351 1.89797 103.5
1.0351 1.81367 103.5
1.0351 1.72937 103.5
1.0351 1.64507 103.5
0.950798 1.56077 103.5
0.950798 1.47647 103.5
0.866499 1.39217 103.5
0.782198 1.30787 103.5
0.697899 1.22357 103.5
0.613598 1.13927 103.5
0.613598 1.05497 103.5
0.529299 0.970671 103.5
0.444998 0.886372 103.5
0.360699 0.802071 103.5
0.276398 0.802071 103.5
0.192099 0.802071 103.5
0.107798 0.802071 103.5
0.0234985 0.802071 103.5
-0.0608025 0.802071 103.5
-0.145102 0.886372 103.5
-0.145102 0.970671 103.5
-0.145102 1.05497 103.5
-0.145102 1.13927 103.5
-0.145102 1.22357 103.5
-0.0608025 1.30787 103.5
0.0234985 1.39217 103.5
0.107798 1.47647 103.5
0.192099 1.56077 103.5
0.192099 1.64507 103.5
0.276398 1.72937 103.5
0.360699 1.72937 103.5
0.444998 1.81367 103.5
0.529299 1.89797 103.5
0.613598 1.98227 103.5
0.107798 1.81367 103.9
0.192099 1.81367 103.9
0.276398 1.81367 103.9
0.360699 1.81367 103.9
0.444998 1.81367 103.9
0.529299 1.81367 103.9
0.613598 1.81367 103.9
0.697899 1.81367 103.9
0.782198 1.72937 103.9
0.866499 1.64507 103.9
0.866499 1.56077 103.9
0.866499 1.47647 103.9
0.866499 1.39217 103.9
0.866499 1.30787 103.9
0.866499 1.22357 103.9
0.866499 1.13927 103.9
0.782198 1.05497 103.9
0.697899 0.970671 103.9
0.613598 0.886372 103.9
0.529299 0.802071 103.9
0.444998 0.717772 103.9
0.360699 0.633471 103.9
0.276398 0.633471 103.9
0.192099 0.549171 103.9
0.107798 0.549171 103.9
0.0234985 0.549171 103.9
-0.0608025 0.549171 103.9
-0.145102 0.549171 103.9
-0.229403 0.549171 103.9
-0.313702 0.633471 103.9
-0.398003 0.717772 103.9
-0.398003 0.802071 103.9
-0.398003 0.886372 103.9
-0.398003 0.970671 103.9
-0.398003 1.05497 103.9
-0.313702 1.13927 103.9
-0.229403 1.22357 103.9
-0.145102 1.30787 103.9
-0.145102 1.39217 103.9
-0.145102 1.47647 103.9
-0.0608025 1.56077 103.9
-0.0608025 1.64507 103.9
0.0234985 1.72937 103.9
0.107798 1.81367 103.9
0.107798 1.56077 104.3
0.192099 1.56077 104.3
0.276398 1.56077 104.3
0.360699 1.56077 104.3
0.444998 1.56077 104.3
0.529299 1.56077 104.3
0.613598 1.56077 104.3
0.697899 1.47647 104.3
0.782198 1.39217 104.3
0.782198 1.30787 104.3
0.782198 1.22357 104.3
0.782198 1.13927 104.3
0.782198 1.05497 104.3
0.782198 0.970671 104.3
0.697899 0.886372 104.3
0.613598 0.802071 104.3
0.613598 0.717772 104.3
0.529299 0.633471 104.3
0.444998 0.633471 104.3
0.360699 0.549171 104.3
0.360699 0.46487 104.3
0.276398 0.380571 104.3
0.276398 0.29627 104.3
0.192099 0.211971 104.3
0.107798 0.211971 104.3
0.0234985 0.211971 104.3
-0.0608025 0.211971 104.3
-0.145102 0.211971 104.3
-0.229403 0.29627 104.3
-0.313702 0.380571 104.3
-0.398003 0.46487 104.3
-0.398003 0.549171 104.3
-0.398003 0.633471 104.3
-0.398003 0.717772 104.3
-0.313702 0.802071 104.3
-0.313702 0.886372 104.3
-0.313702 0.970671 104.3
-0.229403 1.05497 104.3
-0.229403 1.13927 104.3
-0.145102 1.22357 104.3
-0.0608025 1.30787 104.3
-0.0608025 1.39217 104.3
0.0234985 1.47647 104.3
0.107798 1.56077 104.3
0.0234985 1.39217 104.7
0.107798 1.39217 104.7
0.192099 1.39217 104.7
0.276398 1.39217 104.7
0.360699 1.39217 104.7
0.444998 1.39217 104.7
0.529299 1.39217 104.7
0.613598 1.30787 104.7
0.697899 1.22357 104.7
0.697899 1.13927 104.7
0.697899 1.05497 104.7
0.697899 0.970671 104.7
0.697899 0.886372 104.7
0.697899 0.802071 104.7
0.697899 0.717772 104.7
0.697899 0.633471 104.7
0.697899 0.549171 104.7
0.613598 0.46487 104.7
0.613598 0.380571 104.7
0.529299 0.29627 104.7
0.444998 0.211971 104.7
0.360699 0.12767 104.7
0.276398 0.0433712 104.7
0.192099 0.0433712 104.7
0.107798 0.0433712 104.7
0.0234985 0.0433712 104.7
-0.0608025 0.12767 104.7
-0.145102 0.12767 104.7
-0.229403 0.211971 104.7
-0.313702 0.29627 104.7
-0.313702 0.380571 104.7
-0.398003 0.46487 104.7
-0.398003 0.549171 104.7
-0.398003 0.633471 104.7
-0.398003 0.717772 104.7
-0.398003 0.802071 104.7
-0.398003 0.886372 104.7
-0.398003 0.970671 104.7
-0.313702 1.05497 104.7
-0.229403 1.13927 104.7
-0.229403 1.22357 104.7
-0.145102 1.30787 104.7
-0.0608025 1.30787 104.7
0.0234985 1.39217 104.7
0.0234985 1.30787 105.1
0.107798 1.30787 105.1
0.192099 1.30787 105.1
0.276398 1.30787 105.1
0.360699 1.22357 105.1
0.444998 1.22357 105.1
0.529299 1.13927 105.1
0.529299 1.05497 105.1
0.529299 0.970671 105.1
0.529299 0.886372 105.1
0.529299 0.802071 105.1
0.529299 0.717772 105.1
0.529299 0.633471 105.1
0.529299 0.549171 105.1
0.529299 0.46487 105.1
0.529299 0.380571 105.1
0.529299 0.29627 105.1
0.444998 0.211971 105.1
0.444998 0.12767 105.1
0.444998 0.0433712 105.1
0.360699 -0.0409298 105.1
0.360699 -0.125229 105.1
0.276398 -0.20953 105.1
0.192099 -0.20953 105.1
0.107798 -0.20953 105.1
0.0234985 -0.20953 105.1
-0.0608025 -0.125229 105.1
-0.145102 -0.0409298 105.1
-0.229403 0.0433712 105.1
-0.313702 0.12767 105.1
-0.398003 0.211971 105.1
-0.482302 0.29627 105.1
-0.566601 0.380571 105.1
-0.566601 0.46487 105.1
-0.566601 0.549171 105.1
-0.566601 0.633471 105.1
-0.566601 0.717772 105.1
-0.482302 0.802071 105.1
-0.482302 0.886372 105.1
-0.398003 0.970671 105.1
-0.313702 1.05497 105.1
-0.229403 1.13927 105.1
-0.145102 1.22357 105.1
-0.0608025 1.22357 105.1
0.0234985 1.30787 105.1
-0.313702 0.970671 105.5
-0.229403 0.970671 105.5
-0.145102 0.970671 105.5
-0.0608025 0.970671 105.5
0.0234985 0.970671 105.5
0.107798 0.970671 105.5
0.192099 0.970671 105.5
0.276398 0.970671 105.5
0.360699 0.886372 105.5
0.444998 0.802071 105.5
0.529299 0.717772 105.5
0.529299 0.633471 105.5
0.529299 0.549171 105.5
0.529299 0.46487 105.5
0.529299 0.380571 105.5
0.529299 0.29627 105.5
0.529299 0.211971 105.5
0.529299 0.12767 105.5
0.529299 0.0433712 105.5
0.444998 -0.0409298 105.5
0.444998 -0.125229 105.5
0.360699 -0.20953 105.5
0.276398 -0.293829 105.5
0.192099 -0.293829 105.5
0.107798 -0.293829 105.5
0.0234985 -0.293829 105.5
-0.0608025 -0.293829 105.5
-0.145102 -0.293829 105.5
-0.229403 -0.20953 105.5
-0.313702 -0.125229 105.5
-0.398003 -0.0409298 105.5
-0.482302 0.0433712 105.5
-0.482302 0.12767 105.5
-0.566601 0.211971 105.5
-0.566601 0.29627 105.5
-0.566601 0.380571 105.5
-0.566601 0.46487 105.5
-0.566601 0.549171 105.5
-0.482302 0.633471 105.5
-0.482302 0.717772 105.5
-0.398003 0.802071 105.5
-0.398003 0.886372 105.5
-0.313702 0.970671 105.5
-0.145102 0.886372 105.9
-0.0608025 0.886372 105.9
0.0234985 0.886372 105.9
0.107798 0.886372 105.9
0.192099 0.802071 105.9
0.276398 0.802071 105.9
0.360699 0.717772 105.9
0.444998 0.633471 105.9
0.444998 0.549171 105.9
0.444998 0.46487 105.9
0.444998 0.380571 105.9
0.444998 0.29627 105.9
0.444998 0.211971 105.9
0.444998 0.12767 105.9
0.444998 0.0433712 105.9
0.444998 -0.0409298 105.9
0.444998 -0.125229 105.9
0.444998 -0.20953 105.9
0.444998 -0.293829 105.9
0.360699 -0.37813 105.9
0.276398 -0.37813 105.9
0.192099 -0.462429 105.9
0.107798 -0.462429 105.9
0.0234985 -0.462429 105.9
-0.0608025 -0.462429 105.9
-0.145102 -0.37813 105.9
-0.229403 -0.37813 105.9
-0.313702 -0.293829 105.9
-0.398003 -0.20953 105.9
-0.482302 -0.125229 105.9
-0.482302 -0.0409298 105.9
-0.482302 0.0433712 105.9
-0.566601 0.12767 105.9
-0.566601 0.211971 105.9
-0.566601 0.29627 105.9
-0.566601 0.380571 105.9
-0.566601 0.46487 105.9
-0.566601 0.549171 105.9
-0.482302 0.633471 105.9
-0.482302 0.717772 105.9
-0.398003 0.802071 105.9
-0.313702 0.802071 105.9
-0.229403 0.802071 105.9
-0.145102 0.886372 105.9
-0.229403 0.717772 106.3
-0.145102 0.717772 106.3
-0.0608025 0.717772 106.3
0.0234985 0.717772 106.3
0.107798 0.717772 106.3
0.192099 0.633471 106.3
0.276398 0.549171 106.3
0.360699 0.46487 106.3
0.360699 0.380571 106.3
0.360699 0.29627 106.3
0.360699 0.211971 106.3
0.360699 0.12767 106.3
0.360699 0.0433712 106.3
0.360699 -0.0409298 106.3
0.360699 -0.125229 106.3
0.360699 -0.20953 106.3
0.360699 -0.293829 106.3
0.360699 -0.37813 106.3
0.276398 -0.462429 106.3
0.192099 -0.54673 106.3
0.192099 -0.631029 106.3
0.107798 -0.71533 106.3
0.0234985 -0.71533 106.3
-0.0608025 -0.71533 106.3
-0.145102 -0.631029 106.3
-0.229403 -0.54673 106.3
-0.313702 -0.462429 106.3
-0.398003 -0.37813 106.3
-0.482302 -0.293829 106.3
-0.566601 -0.20953 106.3
-0.566601 -0.125229 106.3
-0.566601 -0.0409298 106.3
-0.566601 0.0433712 106.3
-0.566601 0.12767 106.3
-0.566601 0.211971 106.3
-0.566601 0.29627 106.3
-0.566601 0.380571 106.3
-0.482302 0.46487 106.3
-0.398003 0.549171 106.3
-0.313702 0.633471 106.3
-0.229403 0.717772 106.3
-0.229403 0.549171 106.7
-0.145102 0.549171 106.7
-0.0608025 0.549171 106.7
0.0234985 0.549171 106.7
0.107798 0.46487 106.7
0.192099 0.380571 106.7
0.276398 0.29627 106.7
0.276398 0.211971 106.7
0.360699 0.12767 106.7
0.360699 0.0433712 106.7
0.444998 -0.0409298 106.7
0.444998 -0.125229 106.7
0.444998 -0.20953 106.7
0.444998 -0.293829 106.7
0.444998 -0.37813 106.7
0.444998 -0.462429 106.7
0.444998 -0.54673 106.7
0.444998 -0.631029 106.7
0.360699 -0.71533 106.7
0.276398 -0.799629 106.7
0.192099 -0.799629 106.7
0.107798 -0.88393 106.7
0.0234985 -0.88393 106.7
-0.0608025 -0.88393 106.7
-0.145102 -0.88393 106.7
-0.229403 -0.799629 106.7
-0.313702 -0.71533 106.7
-0.398003 -0.631029 106.7
-0.482302 -0.54673 106.7
-0.482302 -0.462429 106.7
-0.566601 -0.37813 106.7
-0.650902 -0.293829 106.7
-0.650902 -0.20953 106.7
-0.650902 -0.125229 106.7
-0.650902 -0.0409298 106.7
-0.650902 0.0433712 106.7
-0.566601 0.12767 106.7
-0.566601 0.211971 106.7
-0.566601 0.29627 106.7
-0.482302 0.380571 106.7
-0.398003 0.46487 106.7
-0.313702 0.46487 106.7
-0.229403 0.549171 106.7
-0.398003 0.29627 107.099
-0.313702 0.29627 107.099
-0.229403 0.29627 107.099
-0.145102 0.29627 107.099
-0.0608025 0.29627 107.099
0.0234985 0.29627 107.099
0.107798 0.29627 107.099
0.192099 0.211971 107.099
0.276398 0.12767 107.099
0.360699 0.0433712 107.099
0.444998 -0.0409298 107.099
0.444998 -0.125229 107.099
0.444998 -0.20953 107.099
0.444998 -0.293829 107.099
0.444998 -0.37813 107.099
0.444998 -0.462429 107.099
0.444998 -0.54673 107.099
0.444998 -0.631029 107.099
0.360699 -0.71533 107.099
0.276398 -0.799629 107.099
0.192099 -0.88393 107.099
0.107798 -0.968229 107.099
0.0234985 -0.968229 107.099
-0.0608025 -0.968229 107.099
-0.145102 -0.968229 107.099
-0.229403 -0.88393 107.099
-0.313702 -0.799629 107.099
-0.398003 -0.71533 107.099
-0.482302 -0.631029 107.099
-0.566601 -0.54673 107.099
-0.566601 -0.462429 107.099
-0.566601 -0.37813 107.099
-0.566601 -0.293829 107.099
-0.566601 -0.20953 107.099
-0.566601 -0.125229 107.099
-0.566601 -0.0409298 107.099
-0.566601 0.0433712 107.099
-0.482302 0.12767 107.099
-0.482302 0.211971 107.099
-0.398003 0.29627 107.099
-0.313702 0.12767 107.499
-0.229403 0.12767 107.499
-0.145102 0.12767 107.499
-0.0608025 0.12767 107.499
0.0234985 0.0433712 107.499
0.107798 0.0433712 107.499
0.192099 0.0433712 107.499
0.276398 0.0433712 107.499
0.360699 -0.0409298 107.499
0.360699 -0.125229 107.499
0.444998 -0.20953 107.499
0.444998 -0.293829 107.499
0.444998 -0.37813 107.499
0.444998 -0.462429 107.499
0.444998 -0.54673 107.499
0.444998 -0.631029 107.499
0.444998 -0.71533 107.499
0.444998 -0.799629 107.499
0.360699 -0.88393 107.499
0.276398 -0.88393 107.499
0.192099 -0.968229 107.499
0.107798 -1.05253 107.499
0.0234985 -1.05253 107.499
-0.0608025 -1.05253 107.499
-0.145102 -1.05253 107.499
-0.229403 -0.968229 107.499
-0.313702 -0.968229 107.499
-0.398003 -0.88393 107.499
-0.482302 -0.799629 107.499
-0.482302 -0.71533 107.499
-0.566601 -0.631029 107.499
-0.566601 -0.54673 107.499
-0.566601 -0.462429 107.499
-0.566601 -0.37813 107.499
-0.566601 -0.293829 107.499
-0.566601 -0.20953 107.499
-0.566601 -0.125229 107.499
-0.566601 -0.0409298 107.499
-0.482302 0.0433712 107.499
-0.398003 0.0433712 107.499
-0.313702 0.12767 107.499
-0.313702 -0.125229 107.899
-0.229403 -0.125229 107.899
-0.145102 -0.125229 107.899
-0.0608025 -0.125229 107.899
0.0234985 -0.125229 107.899
0.107798 -0.20953 107.899
0.192099 -0.20953 107.899
0.276398 -0.20953 107.899
0.360699 -0.293829 107.899
0.360699 -0.37813 107.899
0.444998 -0.462429 107.899
0.444998 -0.54673 107.899
0.444998 -0.631029 107.899
0.444998 -0.71533 107.899
0.444998 -0.799629 107.899
0.444998 -0.88393 107.899
0.444998 -0.968229 107.899
0.444998 -1.05253 107.899
0.360699 -1.13683 107.899
0.276398 -1.22113 107.899
0.192099 -1.22113 107.899
0.107798 -1.22113 107.899
0.0234985 -1.22113 107.899
-0.0608025 -1.22113 107.899
-0.145102 -1.22113 107.899
-0.229403 -1.22113 107.899
-0.313702 -1.13683 107.899
-0.398003 -1.05253 107.899
-0.482302 -0.968229 107.899
-0.566601 -0.88393 107.899
-0.650902 -0.799629 107.899
-0.650902 -0.71533 107.899
-0.650902 -0.631029 107.899
-0.650902 -0.54673 107.899
-0.650902 -0.462429 107.899
-0.650902 -0.37813 107.899
-0.566601 -0.293829 107.899
-0.482302 -0.20953 107.899
-0.398003 -0.20953 107.899
-0.313702 -0.125229 107.899
-0.313702 -0.293829 108.299
-0.229403 -0.293829 108.299
-0.145102 -0.293829 108.299
-0.0608025 -0.293829 108.299
0.0234985 -0.293829 108.299
0.107798 -0.293829 108.299
0.192099 -0.293829 108.299
0.276398 -0.37813 108.299
0.360699 -0.462429 108.299
0.444998 -0.54673 108.299
0.444998 -0.631029 108.299
0.529299 -0.71533 108.299
0.529299 -0.799629 108.299
0.529299 -0.88393 108.299
0.529299 -0.968229 108.299
0.529299 -1.05253 108.299
0.529299 -1.13683 108.299
0.444998 -1.22113 108.299
0.360699 -1.30543 108.299
0.360699 -1.38973 108.299
0.276398 -1.47403 108.299
0.192099 -1.47403 108.299
0.107798 -1.47403 108.299
0.0234985 -1.47403 108.299
-0.0608025 -1.38973 108.299
-0.145102 -1.30543 108.299
-0.229403 -1.22113 108.299
-0.313702 -1.22113 108.299
-0.398003 -1.13683 108.299
-0.482302 -1.05253 108.299
-0.566601 -0.968229 108.299
-0.650902 -0.88393 108.299
-0.650902 -0.799629 108.299
-0.650902 -0.71533 108.299
-0.650902 -0.631029 108.299
-0.650902 -0.54673 108.299
-0.566601 -0.462429 108.299
-0.482302 -0.462429 108.299
-0.398003 -0.37813 108.299
-0.313702 -0.293829 108.299
-0.145102 -0.54673 108.699
-0.0608025 -0.54673 108.699
0.0234985 -0.54673 108.699
0.107798 -0.54673 108.699
0.192099 -0.54673 108.699
0.276398 -0.631029 108.699
0.360699 -0.71533 108.699
0.444998 -0.799629 108.699
0.444998 -0.88393 108.699
0.444998 -0.968229 108.699
0.444998 -1.05253 108.699
0.444998 -1.13683 108.699
0.529299 -1.22113 108.699
0.529299 -1.30543 108.699
0.529299 -1.38973 108.699
0.529299 -1.47403 108.699
0.444998 -1.55833 108.699
0.360699 -1.55833 108.699
0.276398 -1.55833 108.699
0.192099 -1.55833 108.699
0.107798 -1.55833 108.699
0.0234985 -1.55833 108.699
-0.0608025 -1.55833 108.699
-0.145102 -1.47403 108.699
-0.229403 -1.38973 108.699
-0.313702 -1.30543 108.699
-0.398003 -1.22113 108.699
-0.398003 -1.13683 108.699
-0.482302 -1.05253 108.699
-0.482302 -0.968229 108.699
-0.482302 -0.88393 108.699
-0.482302 -0.799629 108.699
-0.398003 -0.71533 108.699
-0.313702 -0.631029 108.699
-0.229403 -0.631029 108.699
-0.145102 -0.54673 108.699
0.276398 -0.54673 109.099
0.360699 -0.54673 109.099
0.444998 -0.54673 109.099
0.529299 -0.631029 109.099
0.613598 -0.71533 109.099
0.613598 -0.799629 109.099
0.697899 -0.88393 109.099
0.697899 -0.968229 109.099
0.697899 -1.05253 109.099
0.697899 -1.13683 109.099
0.697899 -1.22113 109.099
0.697899 -1.30543 109.099
0.697899 -1.38973 109.099
0.697899 -1.47403 109.099
0.697899 -1.55833 109.099
0.697899 -1.64263 109.099
0.613598 -1.72693 109.099
0.529299 -1.81123 109.099
0.444998 -1.89553 109.099
0.360699 -1.89553 109.099
0.276398 -1.89553 109.099
0.192099 -1.89553 109.099
0.107798 -1.81123 109.099
0.0234985 -1.72693 109.099
-0.0608025 -1.64263 109.099
-0.0608025 -1.55833 109.099
-0.145102 -1.47403 109.099
-0.229403 -1.38973 109.099
-0.313702 -1.30543 109.099
-0.313702 -1.22113 109.099
-0.313702 -1.13683 109.099
-0.313702 -1.05253 109.099
-0.313702 -0.968229 109.099
-0.313702 -0.88393 109.099
-0.229403 -0.799629 109.099
-0.145102 -0.71533 109.099
-0.0608025 -0.71533 109.099
0.0234985 -0.631029 109.099
0.107798 -0.631029 109.099
0.192099 -0.631029 109.099
0.276398 -0.54673 109.099
-0.229403 -0.631029 108.899
-0.145102 -0.631029 108.899
-0.0608025 -0.631029 108.899
0.0234985 -0.631029 108.899
0.107798 -0.631029 108.899
0.192099 -0.631029 108.899
0.276398 -0.631029 108.899
0.360699 -0.631029 108.899
0.444998 -0.631029 108.899
0.529299 -0.71533 108.899
0.529299 -0.799629 108.899
0.529299 -0.88393 108.899
0.529299 -0.968229 108.899
0.529299 -1.05253 108.899
0.613598 -1.13683 108.899
0.613598 -1.22113 108.899
0.613598 -1.30543 108.899
0.613598 -1.38973 108.899
0.613598 -1.47403 108.899
0.613598 -1.55833 108.899
0.613598 -1.64263 108.899
0.529299 -1.72693 108.899
0.444998 -1.72693 108.899
0.360699 -1.72693 108.899
0.276398 -1.72693 108.899
0.192099 -1.72693 108.899
0.107798 -1.72693 108.899
0.0234985 -1.72693 108.899
-0.0608025 -1.64263 108.899
-0.0608025 -1.55833 108.899
-0.145102 -1.47403 108.899
-0.229403 -1.38973 108.899
-0.313702 -1.30543 108.899
-0.398003 -1.22113 108.899
-0.398003 -1.13683 108.899
-0.398003 -1.05253 108.899
-0.398003 -0.968229 108.899
-0.398003 -0.88393 108.899
-0.398003 -0.799629 108.899
-0.313702 -0.71533 108.899
-0.229403 -0.631029 108.899
-0.398003 -0.462429 108.499
-0.313702 -0.462429 108.499
-0.229403 -0.462429 108.499
-0.145102 -0.462429 108.499
-0.0608025 -0.462429 108.499
0.0234985 -0.462429 108.499
0.107798 -0.462429 108.499
0.192099 -0.462429 108.499
0.276398 -0.462429 108.499
0.360699 -0.54673 108.499
0.444998 -0.631029 108.499
0.444998 -0.71533 108.499
0.444998 -0.799629 108.499
0.444998 -0.88393 108.499
0.444998 -0.968229 108.499
0.444998 -1.05253 108.499
0.444998 -1.13683 108.499
0.444998 -1.22113 108.499
0.444998 -1.30543 108.499
0.444998 -1.38973 108.499
0.360699 -1.47403 108.499
0.276398 -1.47403 108.499
0.192099 -1.47403 108.499
0.107798 -1.47403 108.499
0.0234985 -1.47403 108.499
-0.0608025 -1.47403 108.499
-0.145102 -1.47403 108.499
-0.229403 -1.38973 108.499
-0.313702 -1.30543 108.499
-0.398003 -1.22113 108.499
-0.398003 -1.13683 108.499
-0.482302 -1.05253 108.499
-0.566601 -0.968229 108.499
-0.566601 -0.88393 108.499
-0.566601 -0.799629 108.499
-0.566601 -0.71533 108.499
-0.566601 -0.631029 108.499
-0.482302 -0.54673 108.499
-0.398003 -0.462429 108.499
-0.313702 -0.20953 108.099
-0.229403 -0.20953 108.099
-0.145102 -0.20953 108.099
-0.0608025 -0.20953 108.099
0.0234985 -0.20953 108.099
0.107798 -0.20953 108.099
0.192099 -0.20953 108.099
0.276398 -0.20953 108.099
0.360699 -0.293829 108.099
0.360699 -0.37813 108.099
0.444998 -0.462429 108.099
0.444998 -0.54673 108.099
0.444998 -0.631029 108.099
0.444998 -0.71533 108.099
0.444998 -0.799629 108.099
0.444998 -0.88393 108.099
0.444998 -0.968229 108.099
0.444998 -1.05253 108.099
0.444998 -1.13683 108.099
0.444998 -1.22113 108.099
0.360699 -1.30543 108.099
0.276398 -1.30543 108.099
0.192099 -1.30543 108.099
0.107798 -1.30543 108.099
0.0234985 -1.30543 108.099
-0.0608025 -1.30543 108.099
-0.145102 -1.30543 108.099
-0.229403 -1.22113 108.099
-0.313702 -1.22113 108.099
-0.398003 -1.13683 108.099
-0.482302 -1.05253 108.099
-0.566601 -0.968229 108.099
-0.650902 -0.88393 108.099
-0.650902 -0.799629 108.099
-0.650902 -0.71533 108.099
-0.650902 -0.631029 108.099
-0.650902 -0.54673 108.099
-0.650902 -0.462429 108.099
-0.566601 -0.37813 108.099
-0.482302 -0.37813 108.099
-0.398003 -0.293829 108.099
-0.313702 -0.20953 108.099
-0.482302 -0.0409298 107.699
-0.398003 -0.0409298 107.699
-0.313702 -0.0409298 107.699
-0.229403 -0.0409298 107.699
-0.145102 -0.0409298 107.699
-0.0608025 -0.0409298 107.699
0.0234985 -0.0409298 107.699
0.107798 -0.0409298 107.699
0.192099 -0.0409298 107.699
0.276398 -0.0409298 107.699
0.360699 -0.125229 107.699
0.360699 -0.20953 107.699
0.444998 -0.293829 107.699
0.444998 -0.37813 107.699
0.444998 -0.462429 107.699
0.444998 -0.54673 107.699
0.444998 -0.631029 107.699
0.444998 -0.71533 107.699
0.444998 -0.799629 107.699
0.444998 -0.88393 107.699
0.360699 -0.968229 107.699
0.276398 -0.968229 107.699
0.192099 -1.05253 107.699
0.107798 -1.13683 107.699
0.0234985 -1.13683 107.699
-0.0608025 -1.13683 107.699
-0.145102 -1.13683 107.699
-0.229403 -1.13683 107.699
-0.313702 -1.05253 107.699
-0.398003 -1.05253 107.699
-0.482302 -0.968229 107.699
-0.566601 -0.88393 107.699
-0.566601 -0.799629 107.699
-0.566601 -0.71533 107.699
-0.566601 -0.631029 107.699
-0.566601 -0.54673 107.699
-0.566601 -0.462429 107.699
-0.566601 -0.37813 107.699
-0.566601 -0.293829 107.699
-0.566601 -0.20953 107.699
-0.566601 -0.125229 107.699
-0.482302 -0.0409298 107.699
-0.313702 0.211971 107.299
-0.229403 0.211971 107.299
-0.145102 0.211971 107.299
-0.0608025 0.211971 107.299
0.0234985 0.12767 107.299
0.107798 0.12767 107.299
0.192099 0.12767 107.299
0.276398 0.12767 107.299
0.360699 0.0433712 107.299
0.360699 -0.0409298 107.299
0.444998 -0.125229 107.299
0.444998 -0.20953 107.299
0.444998 -0.293829 107.299
0.444998 -0.37813 107.299
0.444998 -0.462429 107.299
0.444998 -0.54673 107.299
0.444998 -0.631029 107.299
0.444998 -0.71533 107.299
0.360699 -0.799629 107.299
0.276398 -0.88393 107.299
0.192099 -0.968229 107.299
0.107798 -0.968229 107.299
0.0234985 -0.968229 107.299
-0.0608025 -0.968229 107.299
-0.145102 -0.968229 107.299
-0.229403 -0.968229 107.299
-0.313702 -0.88393 107.299
-0.398003 -0.799629 107.299
-0.482302 -0.71533 107.299
-0.566601 -0.631029 107.299
-0.566601 -0.54673 107.299
-0.566601 -0.462429 107.299
-0.566601 -0.37813 107.299
-0.566601 -0.293829 107.299
-0.566601 -0.20953 107.299
-0.566601 -0.125229 107.299
-0.566601 -0.0409298 107.299
-0.566601 0.0433712 107.299
-0.482302 0.12767 107.299
-0.398003 0.12767 107.299
-0.313702 0.211971 107.299
-0.482302 0.380571 106.899
-0.398003 0.380571 106.899
-0.313702 0.380571 106.899
-0.229403 0.380571 106.899
-0.145102 0.380571 106.899
-0.0608025 0.380571 106.899
0.0234985 0.380571 106.899
0.107798 0.380571 106.899
0.192099 0.380571 106.899
0.276398 0.29627 106.899
0.276398 0.211971 106.899
0.360699 0.12767 106.899
0.360699 0.0433712 106.899
0.444998 -0.0409298 106.899
0.444998 -0.125229 106.899
0.444998 -0.20953 106.899
0.444998 -0.293829 106.899
0.444998 -0.37813 106.899
0.444998 -0.462429 106.899
0.444998 -0.54673 106.899
0.444998 -0.631029 106.899
0.360699 -0.71533 106.899
0.276398 -0.799629 106.899
0.192099 -0.88393 106.899
0.107798 -0.88393 106.899
0.0234985 -0.88393 106.899
-0.0608025 -0.88393 106.899
-0.145102 -0.88393 106.899
-0.229403 -0.88393 106.899
-0.313702 -0.799629 106.899
-0.398003 -0.71533 106.899
-0.482302 -0.631029 106.899
-0.566601 -0.54673 106.899
-0.566601 -0.462429 106.899
-0.566601 -0.37813 106.899
-0.566601 -0.293829 106.899
-0.566601 -0.20953 106.899
-0.566601 -0.125229 106.899
-0.566601 -0.0409298 106.899
-0.566601 0.0433712 106.899
-0.566601 0.12767 106.899
-0.566601 0.211971 106.899
-0.566601 0.29627 106.899
-0.482302 0.380571 106.899
-0.313702 0.633471 106.5
-0.229403 0.633471 106.5
-0.145102 0.633471 106.5
-0.0608025 0.633471 106.5
0.0234985 0.633471 106.5
0.107798 0.633471 106.5
0.192099 0.549171 106.5
0.276398 0.46487 106.5
0.360699 0.380571 106.5
0.360699 0.29627 106.5
0.360699 0.211971 106.5
0.360699 0.12767 106.5
0.360699 0.0433712 106.5
0.360699 -0.0409298 106.5
0.360699 -0.125229 106.5
0.360699 -0.20953 106.5
0.360699 -0.293829 106.5
0.360699 -0.37813 106.5
0.360699 -0.462429 106.5
0.360699 -0.54673 106.5
0.276398 -0.631029 106.5
0.276398 -0.71533 106.5
0.192099 -0.799629 106.5
0.107798 -0.799629 106.5
0.0234985 -0.799629 106.5
-0.0608025 -0.799629 106.5
-0.145102 -0.799629 106.5
-0.229403 -0.71533 106.5
-0.313702 -0.631029 106.5
-0.398003 -0.54673 106.5
-0.482302 -0.462429 106.5
-0.566601 -0.37813 106.5
-0.566601 -0.293829 106.5
-0.566601 -0.20953 106.5
-0.566601 -0.125229 106.5
-0.566601 -0.0409298 106.5
-0.566601 0.0433712 106.5
-0.566601 0.12767 106.5
-0.566601 0.211971 106.5
-0.566601 0.29627 106.5
-0.566601 0.380571 106.5
-0.482302 0.46487 106.5
-0.398003 0.549171 106.5
-0.313702 0.633471 106.5
-0.229403 0.802071 106.1
-0.145102 0.802071 106.1
-0.0608025 0.802071 106.1
0.0234985 0.802071 106.1
0.107798 0.802071 106.1
0.192099 0.802071 106.1
0.276398 0.717772 106.1
0.360699 0.633471 106.1
0.360699 0.549171 106.1
0.360699 0.46487 106.1
0.360699 0.380571 106.1
0.360699 0.29627 106.1
0.360699 0.211971 106.1
0.360699 0.12767 106.1
0.360699 0.0433712 106.1
0.360699 -0.0409298 106.1
0.360699 -0.125229 106.1
0.360699 -0.20953 106.1
0.360699 -0.293829 106.1
0.360699 -0.37813 106.1
0.276398 -0.462429 106.1
0.192099 -0.54673 106.1
0.107798 -0.54673 106.1
0.0234985 -0.54673 106.1
-0.0608025 -0.54673 106.1
-0.145102 -0.54673 106.1
-0.229403 -0.54673 106.1
-0.313702 -0.462429 106.1
-0.398003 -0.37813 106.1
-0.482302 -0.293829 106.1
-0.482302 -0.20953 106.1
-0.482302 -0.125229 106.1
-0.566601 -0.0409298 106.1
-0.566601 0.0433712 106.1
-0.566601 0.12767 106.1
-0.566601 0.211971 106.1
-0.566601 0.29627 106.1
-0.566601 0.380571 106.1
-0.566601 0.46487 106.1
-0.482302 0.549171 106.1
-0.398003 0.633471 106.1
-0.313702 0.717772 106.1
-0.229403 0.802071 106.1
-0.398003 0.886372 105.7
-0.313702 0.886372 105.7
-0.229403 0.886372 105.7
-0.145102 0.886372 105.7
-0.0608025 0.886372 105.7
0.0234985 0.886372 105.7
0.107798 0.886372 105.7
0.192099 0.886372 105.7
0.276398 0.886372 105.7
0.360699 0.802071 105.7
0.444998 0.717772 105.7
0.444998 0.633471 105.7
0.444998 0.549171 105.7
0.444998 0.46487 105.7
0.444998 0.380571 105.7
0.444998 0.29627 105.7
0.444998 0.211971 105.7
0.444998 0.12767 105.7
0.444998 0.0433712 105.7
0.444998 -0.0409298 105.7
0.444998 -0.125229 105.7
0.444998 -0.20953 105.7
0.444998 -0.293829 105.7
0.360699 -0.37813 105.7
0.276398 -0.37813 105.7
0.192099 -0.37813 105.7
0.107798 -0.37813 105.7
0.0234985 -0.37813 105.7
-0.0608025 -0.37813 105.7
-0.145102 -0.37813 105.7
-0.229403 -0.293829 105.7
-0.313702 -0.20953 105.7
-0.398003 -0.125229 105.7
-0.482302 -0.0409298 105.7
-0.482302 0.0433712 105.7
-0.566601 0.12767 105.7
-0.566601 0.211971 105.7
-0.566601 0.29627 105.7
-0.566601 0.380571 105.7
-0.566601 0.46487 105.7
-0.566601 0.549171 105.7
-0.482302 0.633471 105.7
-0.482302 0.717772 105.7
-0.398003 0.802071 105.7
-0.398003 0.886372 105.7
-0.229403 1.13927 105.3
-0.145102 1.13927 105.3
-0.0608025 1.13927 105.3
0.0234985 1.13927 105.3
0.107798 1.13927 105.3
0.192099 1.13927 105.3
0.276398 1.13927 105.3
0.360699 1.05497 105.3
0.444998 0.970671 105.3
0.529299 0.886372 105.3
0.529299 0.802071 105.3
0.529299 0.717772 105.3
0.529299 0.633471 105.3
0.529299 0.549171 105.3
0.529299 0.46487 105.3
0.529299 0.380571 105.3
0.529299 0.29627 105.3
0.529299 0.211971 105.3
0.444998 0.12767 105.3
0.444998 0.0433712 105.3
0.444998 -0.0409298 105.3
0.360699 -0.125229 105.3
0.360699 -0.20953 105.3
0.276398 -0.20953 105.3
0.192099 -0.20953 105.3
0.107798 -0.20953 105.3
0.0234985 -0.20953 105.3
-0.0608025 -0.20953 105.3
-0.145102 -0.125229 105.3
-0.229403 -0.0409298 105.3
-0.313702 0.0433712 105.3
-0.398003 0.12767 105.3
-0.482302 0.211971 105.3
-0.566601 0.29627 105.3
-0.566601 0.380571 105.3
-0.566601 0.46487 105.3
-0.566601 0.549171 105.3
-0.566601 0.633471 105.3
-0.566601 0.717772 105.3
-0.482302 0.802071 105.3
-0.482302 0.886372 105.3
-0.398003 0.970671 105.3
-0.313702 1.05497 105.3
-0.229403 1.13927 105.3
-0.145102 1.30787 104.9
-0.0608025 1.30787 104.9
0.0234985 1.30787 104.9
0.107798 1.30787 104.9
0.192099 1.30787 104.9
0.276398 1.30787 104.9
0.360699 1.30787 104.9
0.444998 1.30787 104.9
0.529299 1.30787 104.9
0.613598 1.22357 104.9
0.613598 1.13927 104.9
0.613598 1.05497 104.9
0.613598 0.970671 104.9
0.613598 0.886372 104.9
0.613598 0.802071 104.9
0.613598 0.717772 104.9
0.613598 0.633471 104.9
0.613598 0.549171 104.9
0.613598 0.46487 104.9
0.613598 0.380571 104.9
0.529299 0.29627 104.9
0.444998 0.211971 104.9
0.444998 0.12767 104.9
0.444998 0.0433712 104.9
0.360699 -0.0409298 104.9
0.276398 -0.0409298 104.9
0.192099 -0.0409298 104.9
0.107798 -0.0409298 104.9
0.0234985 -0.0409298 104.9
-0.0608025 -0.0409298 104.9
-0.145102 -0.0409298 104.9
-0.229403 0.0433712 104.9
-0.313702 0.12767 104.9
-0.398003 0.211971 104.9
-0.482302 0.29627 104.9
-0.482302 0.380571 104.9
-0.482302 0.46487 104.9
-0.482302 0.549171 104.9
-0.482302 0.633471 104.9
-0.482302 0.717772 104.9
-0.482302 0.802071 104.9
-0.482302 0.886372 104.9
-0.398003 0.970671 104.9
-0.313702 1.05497 104.9
-0.229403 1.13927 104.9
-0.229403 1.22357 104.9
-0.145102 1.30787 104.9
0.0234985 1.47647 104.5
0.107798 1.47647 104.5
0.192099 1.47647 104.5
0.276398 1.47647 104.5
0.360699 1.47647 104.5
0.444998 1.47647 104.5
0.529299 1.47647 104.5
0.613598 1.47647 104.5
0.697899 1.39217 104.5
0.697899 1.30787 104.5
0.697899 1.22357 104.5
0.697899 1.13927 104.5
0.697899 1.05497 104.5
0.697899 0.970671 104.5
0.697899 0.886372 104.5
0.697899 0.802071 104.5
0.697899 0.717772 104.5
0.697899 0.633471 104.5
0.613598 0.549171 104.5
0.529299 0.549171 104.5
0.444998 0.46487 104.5
0.444998 0.380571 104.5
0.360699 0.29627 104.5
0.360699 0.211971 104.5
0.276398 0.12767 104.5
0.192099 0.12767 104.5
0.107798 0.12767 104.5
0.0234985 0.12767 104.5
-0.0608025 0.12767 104.5
-0.145102 0.12767 104.5
-0.229403 0.211971 104.5
-0.313702 0.29627 104.5
-0.313702 0.380571 104.5
-0.398003 0.46487 104.5
-0.398003 0.549171 104.5
-0.398003 0.633471 104.5
-0.398003 0.717772 104.5
-0.398003 0.802071 104.5
-0.313702 0.886372 104.5
-0.313702 0.970671 104.5
-0.313702 1.05497 104.5
-0.229403 1.13927 104.5
-0.229403 1.22357 104.5
-0.145102 1.30787 104.5
-0.0608025 1.39217 104.5
0.0234985 1.47647 104.5
0.0234985 1.64507 104.1
0.107798 1.64507 104.1
0.192099 1.64507 104.1
0.276398 1.64507 104.1
0.360699 1.64507 104.1
0.444998 1.64507 104.1
0.529299 1.64507 104.1
0.613598 1.64507 104.1
0.697899 1.64507 104.1
0.782198 1.56077 104.1
0.782198 1.47647 104.1
0.782198 1.39217 104.1
0.782198 1.30787 104.1
0.782198 1.22357 104.1
0.782198 1.13927 104.1
0.782198 1.05497 104.1
0.782198 0.970671 104.1
0.697899 0.886372 104.1
0.613598 0.802071 104.1
0.613598 0.717772 104.1
0.529299 0.633471 104.1
0.444998 0.633471 104.1
0.360699 0.549171 104.1
0.360699 0.46487 104.1
0.276398 0.46487 104.1
0.192099 0.380571 104.1
0.107798 0.380571 104.1
0.0234985 0.380571 104.1
-0.0608025 0.380571 104.1
-0.145102 0.380571 104.1
-0.229403 0.380571 104.1
-0.313702 0.46487 104.1
-0.398003 0.549171 104.1
-0.398003 0.633471 104.1
-0.398003 0.717772 104.1
-0.398003 0.802071 104.1
-0.398003 0.886372 104.1
-0.313702 0.970671 104.1
-0.313702 1.05497 104.1
-0.313702 1.13927 104.1
-0.229403 1.22357 104.1
-0.145102 1.30787 104.1
-0.145102 1.39217 104.1
-0.0608025 1.47647 104.1
-0.0608025 1.56077 104.1
0.0234985 1.64507 104.1
0.529299 1.89797 103.7
0.613598 1.89797 103.7
0.697899 1.89797 103.7
0.782198 1.89797 103.7
0.866499 1.81367 103.7
0.950798 1.72937 103.7
0.950798 1.64507 103.7
0.950798 1.56077 103.7
0.950798 1.47647 103.7
0.866499 1.39217 103.7
0.866499 1.30787 103.7
0.866499 1.22357 103.7
0.866499 1.13927 103.7
0.782198 1.05497 103.7
0.697899 0.970671 103.7
0.613598 0.886372 103.7
0.529299 0.802071 103.7
0.444998 0.717772 103.7
0.360699 0.717772 103.7
0.276398 0.717772 103.7
0.192099 0.717772 103.7
0.107798 0.717772 103.7
0.0234985 0.717772 103.7
-0.0608025 0.717772 103.7
-0.145102 0.717772 103.7
-0.229403 0.717772 103.7
-0.229403 0.802071 103.7
-0.229403 0.886372 103.7
-0.229403 0.970671 103.7
-0.229403 1.05497 103.7
-0.229403 1.13927 103.7
-0.229403 1.22357 103.7
-0.145102 1.30787 103.7
-0.145102 1.39217 103.7
-0.145102 1.47647 103.7
-0.0608025 1.56077 103.7
0.0234985 1.64507 103.7
0.0234985 1.72937 103.7
0.107798 1.81367 103.7
0.192099 1.81367 103.7
0.276398 1.81367 103.7
0.360699 1.81367 103.7
0.444998 1.81367 103.7
0.529299 1.89797 103.7
0.613598 2.06657 103.3
0.697899 2.06657 103.3
0.782198 2.06657 103.3
0.866499 2.06657 103.3
0.950798 2.06657 103.3
1.0351 2.06657 103.3
1.1194 2.06657 103.3
1.1194 1.98227 103.3
1.1194 1.89797 103.3
1.1194 1.81367 103.3
1.0351 1.72937 103.3
1.0351 1.64507 103.3
0.950798 1.56077 103.3
0.950798 1.47647 103.3
0.866499 1.39217 103.3
0.782198 1.30787 103.3
0.697899 1.22357 103.3
0.613598 1.13927 103.3
0.613598 1.05497 103.3
0.529299 0.970671 103.3
0.444998 0.886372 103.3
0.360699 0.886372 103.3
0.276398 0.886372 103.3
0.192099 0.886372 103.3
0.107798 0.886372 103.3
0.0234985 0.886372 103.3
-0.0608025 0.886372 103.3
-0.145102 0.970671 103.3
-0.145102 1.05497 103.3
-0.145102 1.13927 103.3
-0.145102 1.22357 103.3
-0.145102 1.30787 103.3
-0.145102 1.39217 103.3
-0.0608025 1.39217 103.3
0.0234985 1.39217 103.3
0.107798 1.47647 103.3
0.192099 1.56077 103.3
0.192099 1.64507 103.3
0.276398 1.72937 103.3
0.360699 1.72937 103.3
0.444998 1.81367 103.3
0.529299 1.89797 103.3
0.529299 1.98227 103.3
0.613598 2.06657 103.3
0.613598 2.23517 102.9
0.697899 2.23517 102.9
0.782198 2.23517 102.9
0.866499 2.23517 102.9
0.950798 2.23517 102.9
1.0351 2.23517 102.9
1.1194 2.15087 102.9
1.1194 2.06657 102.9
1.1194 1.98227 102.9
1.1194 1.89797 102.9
1.1194 1.81367 102.9
1.1194 1.72937 102.9
1.0351 1.64507 102.9
0.950798 1.56077 102.9
0.866499 1.47647 102.9
0.782198 1.39217 102.9
0.697899 1.30787 102.9
0.613598 1.22357 102.9
0.529299 1.13927 102.9
0.444998 1.05497 102.9
0.360699 1.05497 102.9
0.276398 1.05497 102.9
0.192099 1.05497 102.9
0.107798 1.05497 102.9
0.0234985 1.05497 102.9
-0.0608025 1.05497 102.9
-0.145102 1.13927 102.9
-0.145102 1.22357 102.9
-0.145102 1.30787 102.9
-0.145102 1.39217 102.9
-0.0608025 1.39217 102.9
0.0234985 1.47647 102.9
0.107798 1.56077 102.9
0.192099 1.56077 102.9
0.276398 1.64507 102.9
0.360699 1.72937 102.9
0.360699 1.81367 102.9
0.444998 1.89797 102.9
0.444998 1.98227 102.9
0.529299 2.06657 102.9
0.529299 2.15087 102.9
0.613598 2.23517 102.9
0.444998 2.40377 102.5
0.529299 2.40377 102.5
0.613598 2.40377 102.5
0.697899 2.40377 102.5
0.782198 2.40377 102.5
0.866499 2.40377 102.5
0.950798 2.40377 102.5
1.0351 2.31947 102.5
1.1194 2.23517 102.5
1.1194 2.15087 102.5
1.1194 2.06657 102.5
1.1194 1.98227 102.5
1.1194 1.89797 102.5
1.1194 1.81367 102.5
1.0351 1.72937 102.5
1.0351 1.64507 102.5
0.950798 1.56077 102.5
0.866499 1.47647 102.5
0.782198 1.39217 102.5
0.697899 1.39217 102.5
0.613598 1.30787 102.5
0.529299 1.22357 102.5
0.444998 1.22357 102.5
0.360699 1.22357 102.5
0.276398 1.22357 102.5
0.192099 1.22357 102.5
0.107798 1.30787 102.5
0.0234985 1.30787 102.5
0.0234985 1.39217 102.5
0.0234985 1.47647 102.5
0.0234985 1.56077 102.5
0.0234985 1.64507 102.5
0.0234985 1.72937 102.5
0.107798 1.81367 102.5
0.107798 1.89797 102.5
0.192099 1.98227 102.5
0.192099 2.06657 102.5
0.276398 2.15087 102.5
0.276398 2.23517 102.5
0.360699 2.31947 102.5
0.444998 2.40377 102.5
0.276398 2.65667 102.1
0.360699 2.65667 102.1
0.444998 2.65667 102.1
0.529299 2.65667 102.1
0.613598 2.65667 102.1
0.697899 2.57237 102.1
0.782198 2.57237 102.1
0.866499 2.57237 102.1
0.950798 2.57237 102.1
1.0351 2.48807 102.1
1.1194 2.40377 102.1
1.1194 2.31947 102.1
1.1194 2.23517 102.1
1.1194 2.15087 102.1
1.1194 2.06657 102.1
1.1194 1.98227 102.1
1.1194 1.89797 102.1
1.0351 1.81367 102.1
1.0351 1.72937 102.1
0.950798 1.64507 102.1
0.866499 1.56077 102.1
0.782198 1.47647 102.1
0.697899 1.47647 102.1
0.613598 1.39217 102.1
0.529299 1.39217 102.1
0.444998 1.39217 102.1
0.360699 1.39217 102.1
0.276398 1.39217 102.1
0.192099 1.39217 102.1
0.107798 1.47647 102.1
0.0234985 1.56077 102.1
-0.0608025 1.64507 102.1
-0.0608025 1.72937 102.1
-0.0608025 1.81367 102.1
-0.0608025 1.89797 102.1
-0.0608025 1.98227 102.1
-0.0608025 2.06657 102.1
-0.0608025 2.15087 102.1
-0.0608025 2.23517 102.1
0.0234985 2.31947 102.1
0.0234985 2.40377 102.1
0.107798 2.48807 102.1
0.192099 2.57237 102.1
0.276398 2.65667 102.1
0.276398 2.90957 101.7
0.360699 2.90957 101.7
0.444998 2.90957 101.7
0.529299 2.90957 101.7
0.613598 2.90957 101.7
0.697899 2.90957 101.7
0.782198 2.90957 101.7
0.866499 2.90957 101.7
0.950798 2.90957 101.7
1.0351 2.82527 101.7
1.1194 2.74097 101.7
1.1194 2.65667 101.7
1.2037 2.57237 101.7
1.2037 2.48807 101.7
1.2037 2.40377 101.7
1.2037 2.31947 101.7
1.2037 2.23517 101.7
1.2037 2.15087 101.7
1.1194 2.06657 101.7
1.1194 1.98227 101.7
1.1194 1.89797 101.7
1.0351 1.81367 101.7
0.950798 1.72937 101.7
0.950798 1.64507 101.7
0.866499 1.64507 101.7
0.782198 1.64507 101.7
0.697899 1.64507 101.7
0.613598 1.64507 101.7
0.529299 1.64507 101.7
0.444998 1.72937 101.7
0.360699 1.72937 101.7
0.276398 1.72937 101.7
0.192099 1.81367 101.7
0.107798 1.89797 101.7
0.0234985 1.89797 101.7
-0.0608025 1.98227 101.7
-0.0608025 2.06657 101.7
-0.0608025 2.15087 101.7
-0.0608025 2.23517 101.7
-0.0608025 2.31947 101.7
-0.0608025 2.40377 101.7
0.0234985 2.48807 101.7
0.0234985 2.57237 101.7
0.0234985 2.65667 101.7
0.107798 2.74097 101.7
0.192099 2.82527 101.7
0.276398 2.90957 101.7
0.192099 3.16247 101.3
0.276398 3.16247 101.3
0.360699 3.16247 101.3
0.444998 3.16247 101.3
0.529299 3.16247 101.3
0.613598 3.16247 101.3
0.697899 3.16247 101.3
0.782198 3.16247 101.3
0.866499 3.16247 101.3
0.950798 3.16247 101.3
1.0351 3.07817 101.3
1.1194 3.07817 101.3
1.2037 2.99387 101.3
1.288 2.90957 101.3
1.288 2.82527 101.3
1.288 2.74097 101.3
1.288 2.65667 101.3
1.288 2.57237 101.3
1.288 2.48807 101.3
1.288 2.40377 101.3
1.288 2.31947 101.3
1.288 2.23517 101.3
1.2037 2.15087 101.3
1.1194 2.06657 101.3
1.0351 1.98227 101.3
0.950798 1.98227 101.3
0.866499 1.98227 101.3
0.782198 1.98227 101.3
0.697899 1.98227 101.3
0.613598 1.98227 101.3
0.529299 1.98227 101.3
0.444998 1.98227 101.3
0.360699 1.98227 101.3
0.276398 2.06657 101.3
0.192099 2.15087 101.3
0.107798 2.15087 101.3
0.0234985 2.23517 101.3
0.0234985 2.31947 101.3
0.0234985 2.40377 101.3
0.0234985 2.48807 101.3
0.0234985 2.57237 101.3
0.0234985 2.65667 101.3
0.0234985 2.74097 101.3
0.0234985 2.82527 101.3
0.0234985 2.90957 101.3
0.0234985 2.99387 101.3
0.107798 3.07817 101.3
0.192099 3.16247 101.3
0.444998 3.41537 100.9
0.529299 3.41537 100.9
0.613598 3.41537 100.9
0.697899 3.41537 100.9
0.782198 3.41537 100.9
0.866499 3.41537 100.9
0.950798 3.41537 100.9
1.0351 3.41537 100.9
1.1194 3.33107 100.9
1.2037 3.24677 100.9
1.288 3.24677 100.9
1.3723 3.16247 100.9
1.3723 3.07817 100.9
1.3723 2.99387 100.9
1.3723 2.90957 100.9
1.3723 2.82527 100.9
1.3723 2.74097 100.9
1.3723 2.65667 100.9
1.3723 2.57237 100.9
1.3723 2.48807 100.9
1.3723 2.40377 100.9
1.288 2.31947 100.9
1.2037 2.23517 100.9
1.1194 2.23517 100.9
1.0351 2.23517 100.9
0.950798 2.23517 100.9
0.866499 2.23517 100.9
0.782198 2.15087 100.9
0.697899 2.15087 100.9
0.613598 2.15087 100.9
0.529299 2.15087 100.9
0.444998 2.15087 100.9
0.360699 2.15087 100.9
0.276398 2.23517 100.9
0.192099 2.31947 100.9
0.107798 2.31947 100.9
0.0234985 2.40377 100.9
0.0234985 2.48807 100.9
0.0234985 2.57237 100.9
0.0234985 2.65667 100.9
0.0234985 2.74097 100.9
0.0234985 2.82527 100.9
0.0234985 2.90957 100.9
0.0234985 2.99387 100.9
0.0234985 3.07817 100.9
0.0234985 3.16247 100.9
0.107798 3.24677 100.9
0.192099 3.24677 100.9
0.276398 3.33107 100.9
0.360699 3.33107 100.9
0.444998 3.41537 100.9
0.276398 3.49967 100.5
0.360699 3.49967 100.5
0.444998 3.49967 100.5
0.529299 3.49967 100.5
0.613598 3.49967 100.5
0.697899 3.49967 100.5
0.782198 3.49967 100.5
0.866499 3.49967 100.5
0.950798 3.49967 100.5
1.0351 3.49967 100.5
1.1194 3.49967 100.5
1.2037 3.49967 100.5
1.288 3.49967 100.5
1.3723 3.41537 100.5
1.4566 3.33107 100.5
1.5409 3.24677 100.5
1.5409 3.16247 100.5
1.5409 3.07817 100.5
1.5409 2.99387 100.5
1.5409 2.90957 100.5
1.5409 2.82527 100.5
1.5409 2.74097 100.5
1.5409 2.65667 100.5
1.4566 2.65667 100.5
1.3723 2.57237 100.5
1.3723 2.48807 100.5
1.288 2.40377 100.5
1.2037 2.40377 100.5
1.1194 2.40377 100.5
1.0351 2.40377 100.5
0.950798 2.40377 100.5
0.866499 2.40377 100.5
0.782198 2.40377 100.5
0.697899 2.40377 100.5
0.613598 2.40377 100.5
0.529299 2.40377 100.5
0.444998 2.40377 100.5
0.360699 2.40377 100.5
0.276398 2.48807 100.5
0.192099 2.57237 100.5
0.107798 2.65667 100.5
0.0234985 2.74097 100.5
0.0234985 2.82527 100.5
-0.0608025 2.90957 100.5
-0.0608025 2.99387 100.5
-0.0608025 3.07817 100.5
-0.0608025 3.16247 100.5
0.0234985 3.24677 100.5
0.107798 3.33107 100.5
0.192099 3.41537 100.5
0.276398 3.49967 100.5
