# Output from PinnacleROI.cpp
# First line is number of curves
# Second line is space-separated number of points in each curve
# Remainder are the points themselves
6
114 143 153 167 145 145 
-0.0608025 12.1826 91.0997
0.0234985 12.1826 91.0997
0.107798 12.1826 91.0997
0.192099 12.1826 91.0997
0.276398 12.1826 91.0997
0.360699 12.1826 91.0997
0.444998 12.1826 91.0997
0.529299 12.1826 91.0997
0.613598 12.1826 91.0997
0.697899 12.1826 91.0997
0.782198 12.1826 91.0997
0.866499 12.1826 91.0997
0.950798 12.1826 91.0997
1.0351 12.1826 91.0997
1.1194 12.1826 91.0997
1.2037 12.1826 91.0997
1.288 12.0983 91.0997
1.3723 12.0983 91.0997
1.4566 12.0983 91.0997
1.5409 12.014 91.0997
1.6252 12.014 91.0997
1.7095 11.9297 91.0997
1.7938 11.8454 91.0997
1.8781 11.8454 91.0997
1.9624 11.7611 91.0997
2.0467 11.6768 91.0997
2.131 11.6768 91.0997
2.2153 11.5925 91.0997
2.2996 11.5082 91.0997
2.3839 11.5082 91.0997
2.4682 11.5082 91.0997
2.5525 11.4239 91.0997
2.6368 11.3396 91.0997
2.7211 11.3396 91.0997
2.8054 11.2553 91.0997
2.8897 11.171 91.0997
2.974 11.0867 91.0997
2.974 11.0024 91.0997
2.974 10.9181 91.0997
2.974 10.8338 91.0997
2.974 10.7495 91.0997
2.8897 10.6652 91.0997
2.8054 10.6652 91.0997
2.7211 10.6652 91.0997
2.6368 10.6652 91.0997
2.5525 10.6652 91.0997
2.4682 10.6652 91.0997
2.3839 10.7495 91.0997
2.2996 10.8338 91.0997
2.2153 10.8338 91.0997
2.131 10.8338 91.0997
2.0467 10.9181 91.0997
1.9624 11.0024 91.0997
1.8781 11.0024 91.0997
1.7938 11.0867 91.0997
1.7095 11.0867 91.0997
1.6252 11.171 91.0997
1.5409 11.171 91.0997
1.4566 11.2553 91.0997
1.3723 11.2553 91.0997
1.288 11.2553 91.0997
1.2037 11.3396 91.0997
1.1194 11.3396 91.0997
1.0351 11.3396 91.0997
0.950798 11.3396 91.0997
0.866499 11.3396 91.0997
0.782198 11.3396 91.0997
0.697899 11.3396 91.0997
0.613598 11.3396 91.0997
0.529299 11.3396 91.0997
0.444998 11.3396 91.0997
0.360699 11.3396 91.0997
0.276398 11.3396 91.0997
0.192099 11.2553 91.0997
0.107798 11.2553 91.0997
0.0234985 11.2553 91.0997
-0.0608025 11.2553 91.0997
-0.145102 11.2553 91.0997
-0.229403 11.2553 91.0997
-0.313702 11.171 91.0997
-0.398003 11.0867 91.0997
-0.482302 11.0024 91.0997
-0.566601 10.9181 91.0997
-0.650902 10.9181 91.0997
-0.735201 10.9181 91.0997
-0.819502 10.9181 91.0997
-0.903801 10.8338 91.0997
-0.988102 10.7495 91.0997
-1.0724 10.7495 91.0997
-1.1567 10.7495 91.0997
-1.241 10.7495 91.0997
-1.3253 10.7495 91.0997
-1.4096 10.8338 91.0997
-1.4096 10.9181 91.0997
-1.4096 11.0024 91.0997
-1.4096 11.0867 91.0997
-1.4096 11.171 91.0997
-1.3253 11.2553 91.0997
-1.3253 11.3396 91.0997
-1.241 11.4239 91.0997
-1.1567 11.5082 91.0997
-1.0724 11.5082 91.0997
-0.988102 11.5925 91.0997
-0.903801 11.6768 91.0997
-0.819502 11.7611 91.0997
-0.735201 11.7611 91.0997
-0.650902 11.8454 91.0997
-0.566601 11.9297 91.0997
-0.482302 11.9297 91.0997
-0.398003 12.014 91.0997
-0.313702 12.014 91.0997
-0.229403 12.0983 91.0997
-0.145102 12.0983 91.0997
-0.0608025 12.1826 91.0997
0.192099 12.1826 91.2997
0.276398 12.1826 91.2997
0.360699 12.1826 91.2997
0.444998 12.1826 91.2997
0.529299 12.1826 91.2997
0.613598 12.1826 91.2997
0.697899 12.1826 91.2997
0.782198 12.1826 91.2997
0.866499 12.1826 91.2997
0.950798 12.1826 91.2997
1.0351 12.1826 91.2997
1.1194 12.0983 91.2997
1.2037 12.014 91.2997
1.288 12.014 91.2997
1.3723 12.014 91.2997
1.4566 11.9297 91.2997
1.5409 11.9297 91.2997
1.6252 11.9297 91.2997
1.7095 11.8454 91.2997
1.7938 11.8454 91.2997
1.8781 11.8454 91.2997
1.9624 11.7611 91.2997
2.0467 11.7611 91.2997
2.131 11.7611 91.2997
2.2153 11.6768 91.2997
2.2996 11.5925 91.2997
2.3839 11.5082 91.2997
2.4682 11.5082 91.2997
2.5525 11.4239 91.2997
2.6368 11.3396 91.2997
2.7211 11.3396 91.2997
2.8054 11.2553 91.2997
2.8897 11.171 91.2997
2.974 11.0867 91.2997
3.0583 11.0867 91.2997
3.1426 11.0024 91.2997
3.2269 10.9181 91.2997
3.3112 10.9181 91.2997
3.3955 10.8338 91.2997
3.3955 10.7495 91.2997
3.3955 10.6652 91.2997
3.3955 10.5809 91.2997
3.3955 10.4966 91.2997
3.3112 10.4123 91.2997
3.2269 10.4123 91.2997
3.1426 10.4123 91.2997
3.0583 10.4123 91.2997
2.974 10.4123 91.2997
2.8897 10.4123 91.2997
2.8054 10.4123 91.2997
2.7211 10.4966 91.2997
2.6368 10.5809 91.2997
2.5525 10.6652 91.2997
2.4682 10.6652 91.2997
2.3839 10.7495 91.2997
2.2996 10.8338 91.2997
2.2153 10.8338 91.2997
2.131 10.8338 91.2997
2.0467 10.9181 91.2997
1.9624 10.9181 91.2997
1.8781 11.0024 91.2997
1.7938 11.0024 91.2997
1.7095 11.0024 91.2997
1.6252 11.0024 91.2997
1.5409 11.0867 91.2997
1.4566 11.0867 91.2997
1.3723 11.0867 91.2997
1.288 11.171 91.2997
1.2037 11.171 91.2997
1.1194 11.171 91.2997
1.0351 11.171 91.2997
0.950798 11.171 91.2997
0.866499 11.171 91.2997
0.782198 11.171 91.2997
0.697899 11.171 91.2997
0.613598 11.171 91.2997
0.529299 11.171 91.2997
0.444998 11.171 91.2997
0.360699 11.171 91.2997
0.276398 11.171 91.2997
0.192099 11.171 91.2997
0.107798 11.171 91.2997
0.0234985 11.0867 91.2997
-0.0608025 11.0867 91.2997
-0.145102 11.0867 91.2997
-0.229403 11.0867 91.2997
-0.313702 11.0024 91.2997
-0.398003 11.0024 91.2997
-0.482302 11.0024 91.2997
-0.566601 10.9181 91.2997
-0.650902 10.8338 91.2997
-0.735201 10.7495 91.2997
-0.819502 10.6652 91.2997
-0.903801 10.5809 91.2997
-0.988102 10.4966 91.2997
-0.988102 10.4123 91.2997
-1.0724 10.328 91.2997
-1.1567 10.2437 91.2997
-1.241 10.2437 91.2997
-1.3253 10.2437 91.2997
-1.4096 10.2437 91.2997
-1.4939 10.2437 91.2997
-1.5782 10.2437 91.2997
-1.6625 10.328 91.2997
-1.7468 10.2437 91.2997
-1.8311 10.2437 91.2997
-1.9154 10.2437 91.2997
-1.9997 10.2437 91.2997
-2.084 10.2437 91.2997
-2.1683 10.328 91.2997
-2.1683 10.4123 91.2997
-2.1683 10.4966 91.2997
-2.1683 10.5809 91.2997
-2.1683 10.6652 91.2997
-2.1683 10.7495 91.2997
-2.084 10.8338 91.2997
-1.9997 10.9181 91.2997
-1.9154 11.0024 91.2997
-1.8311 11.0867 91.2997
-1.7468 11.171 91.2997
-1.6625 11.171 91.2997
-1.5782 11.2553 91.2997
-1.4939 11.3396 91.2997
-1.4096 11.4239 91.2997
-1.3253 11.5082 91.2997
-1.241 11.5925 91.2997
-1.1567 11.5925 91.2997
-1.0724 11.6768 91.2997
-0.988102 11.7611 91.2997
-0.903801 11.7611 91.2997
-0.819502 11.7611 91.2997
-0.735201 11.8454 91.2997
-0.650902 11.9297 91.2997
-0.566601 11.9297 91.2997
-0.482302 11.9297 91.2997
-0.398003 12.014 91.2997
-0.313702 12.014 91.2997
-0.229403 12.014 91.2997
-0.145102 12.0983 91.2997
-0.0608025 12.0983 91.2997
0.0234985 12.0983 91.2997
0.107798 12.0983 91.2997
0.192099 12.1826 91.2997
-0.0608025 11.9297 91.4997
0.0234985 11.9297 91.4997
0.107798 11.9297 91.4997
0.192099 11.9297 91.4997
0.276398 11.9297 91.4997
0.360699 11.9297 91.4997
0.444998 11.9297 91.4997
0.529299 11.9297 91.4997
0.613598 11.9297 91.4997
0.697899 11.9297 91.4997
0.782198 11.9297 91.4997
0.866499 11.9297 91.4997
0.950798 11.9297 91.4997
1.0351 11.9297 91.4997
1.1194 11.9297 91.4997
1.2037 11.9297 91.4997
1.288 11.9297 91.4997
1.3723 11.9297 91.4997
1.4566 11.9297 91.4997
1.5409 11.9297 91.4997
1.6252 11.8454 91.4997
1.7095 11.8454 91.4997
1.7938 11.7611 91.4997
1.8781 11.7611 91.4997
1.9624 11.6768 91.4997
2.0467 11.6768 91.4997
2.131 11.5925 91.4997
2.2153 11.5925 91.4997
2.2996 11.5082 91.4997
2.3839 11.5082 91.4997
2.4682 11.4239 91.4997
2.5525 11.3396 91.4997
2.6368 11.3396 91.4997
2.7211 11.2553 91.4997
2.8054 11.2553 91.4997
2.8897 11.171 91.4997
2.974 11.0867 91.4997
3.0583 11.0867 91.4997
3.1426 11.0024 91.4997
3.2269 10.9181 91.4997
3.3112 10.9181 91.4997
3.3955 10.8338 91.4997
3.4798 10.7495 91.4997
3.5641 10.6652 91.4997
3.5641 10.5809 91.4997
3.6484 10.4966 91.4997
3.7327 10.4123 91.4997
3.7327 10.328 91.4997
3.7327 10.2437 91.4997
3.7327 10.1594 91.4997
3.7327 10.0751 91.4997
3.7327 9.99077 91.4997
3.6484 9.90647 91.4997
3.5641 9.90647 91.4997
3.4798 9.90647 91.4997
3.3955 9.90647 91.4997
3.3112 9.90647 91.4997
3.2269 9.90647 91.4997
3.1426 9.99077 91.4997
3.0583 10.0751 91.4997
2.974 10.0751 91.4997
2.8897 10.1594 91.4997
2.8054 10.1594 91.4997
2.7211 10.2437 91.4997
2.6368 10.328 91.4997
2.5525 10.328 91.4997
2.4682 10.4123 91.4997
2.3839 10.4966 91.4997
2.2996 10.4966 91.4997
2.2153 10.5809 91.4997
2.131 10.6652 91.4997
2.0467 10.6652 91.4997
1.9624 10.6652 91.4997
1.8781 10.7495 91.4997
1.7938 10.8338 91.4997
1.7095 10.9181 91.4997
1.6252 10.9181 91.4997
1.5409 10.9181 91.4997
1.4566 10.9181 91.4997
1.3723 10.9181 91.4997
1.288 10.9181 91.4997
1.2037 11.0024 91.4997
1.1194 11.0024 91.4997
1.0351 11.0024 91.4997
0.950798 11.0024 91.4997
0.866499 11.0024 91.4997
0.782198 11.0867 91.4997
0.697899 11.0867 91.4997
0.613598 11.0867 91.4997
0.529299 11.0867 91.4997
0.444998 11.0867 91.4997
0.360699 11.0867 91.4997
0.276398 11.0867 91.4997
0.192099 11.0867 91.4997
0.107798 11.0867 91.4997
0.0234985 11.0867 91.4997
-0.0608025 11.0867 91.4997
-0.145102 11.0867 91.4997
-0.229403 11.0867 91.4997
-0.313702 11.0024 91.4997
-0.398003 11.0024 91.4997
-0.482302 10.9181 91.4997
-0.566601 10.9181 91.4997
-0.650902 10.8338 91.4997
-0.735201 10.8338 91.4997
-0.819502 10.7495 91.4997
-0.903801 10.6652 91.4997
-0.988102 10.6652 91.4997
-1.0724 10.5809 91.4997
-1.1567 10.5809 91.4997
-1.241 10.4966 91.4997
-1.3253 10.4123 91.4997
-1.4096 10.328 91.4997
-1.4939 10.2437 91.4997
-1.5782 10.1594 91.4997
-1.6625 10.1594 91.4997
-1.7468 10.1594 91.4997
-1.8311 10.0751 91.4997
-1.9154 10.0751 91.4997
-1.9997 10.0751 91.4997
-2.084 10.0751 91.4997
-2.1683 10.0751 91.4997
-2.2526 10.1594 91.4997
-2.2526 10.2437 91.4997
-2.2526 10.328 91.4997
-2.2526 10.4123 91.4997
-2.2526 10.4966 91.4997
-2.1683 10.5809 91.4997
-2.084 10.6652 91.4997
-1.9997 10.6652 91.4997
-1.9154 10.7495 91.4997
-1.8311 10.8338 91.4997
-1.7468 10.9181 91.4997
-1.6625 11.0024 91.4997
-1.5782 11.0024 91.4997
-1.4939 11.0867 91.4997
-1.4096 11.171 91.4997
-1.3253 11.171 91.4997
-1.241 11.2553 91.4997
-1.1567 11.2553 91.4997
-1.0724 11.3396 91.4997
-0.988102 11.3396 91.4997
-0.903801 11.4239 91.4997
-0.819502 11.5082 91.4997
-0.735201 11.5082 91.4997
-0.650902 11.5925 91.4997
-0.566601 11.6768 91.4997
-0.482302 11.6768 91.4997
-0.398003 11.7611 91.4997
-0.313702 11.8454 91.4997
-0.229403 11.8454 91.4997
-0.145102 11.8454 91.4997
-0.0608025 11.9297 91.4997
-0.229403 11.6768 91.6997
-0.145102 11.6768 91.6997
-0.0608025 11.6768 91.6997
0.0234985 11.6768 91.6997
0.107798 11.6768 91.6997
0.192099 11.6768 91.6997
0.276398 11.6768 91.6997
0.360699 11.6768 91.6997
0.444998 11.6768 91.6997
0.529299 11.6768 91.6997
0.613598 11.6768 91.6997
0.697899 11.5925 91.6997
0.782198 11.5925 91.6997
0.866499 11.5925 91.6997
0.950798 11.5925 91.6997
1.0351 11.5925 91.6997
1.1194 11.5082 91.6997
1.2037 11.5082 91.6997
1.288 11.5082 91.6997
1.3723 11.5082 91.6997
1.4566 11.4239 91.6997
1.5409 11.4239 91.6997
1.6252 11.3396 91.6997
1.7095 11.3396 91.6997
1.7938 11.3396 91.6997
1.8781 11.2553 91.6997
1.9624 11.2553 91.6997
2.0467 11.2553 91.6997
2.131 11.171 91.6997
2.2153 11.171 91.6997
2.2996 11.0867 91.6997
2.3839 11.0024 91.6997
2.4682 11.0024 91.6997
2.5525 10.9181 91.6997
2.6368 10.9181 91.6997
2.7211 10.9181 91.6997
2.8054 10.8338 91.6997
2.8897 10.8338 91.6997
2.974 10.7495 91.6997
3.0583 10.7495 91.6997
3.1426 10.6652 91.6997
3.2269 10.6652 91.6997
3.3112 10.5809 91.6997
3.3955 10.4966 91.6997
3.4798 10.4123 91.6997
3.5641 10.328 91.6997
3.6484 10.2437 91.6997
3.7327 10.2437 91.6997
3.817 10.1594 91.6997
3.9013 10.0751 91.6997
3.9856 9.99077 91.6997
3.9856 9.90647 91.6997
3.9856 9.82217 91.6997
3.9856 9.73787 91.6997
3.9856 9.65357 91.6997
3.9856 9.56927 91.6997
3.9856 9.48497 91.6997
3.9013 9.40067 91.6997
3.817 9.40067 91.6997
3.7327 9.40067 91.6997
3.6484 9.40067 91.6997
3.5641 9.40067 91.6997
3.4798 9.40067 91.6997
3.3955 9.48497 91.6997
3.3112 9.56927 91.6997
3.2269 9.65357 91.6997
3.1426 9.73787 91.6997
3.0583 9.73787 91.6997
2.974 9.82217 91.6997
2.8897 9.90647 91.6997
2.8054 9.99077 91.6997
2.7211 10.0751 91.6997
2.6368 10.1594 91.6997
2.5525 10.1594 91.6997
2.4682 10.2437 91.6997
2.3839 10.2437 91.6997
2.2996 10.328 91.6997
2.2153 10.4123 91.6997
2.131 10.4123 91.6997
2.0467 10.4966 91.6997
1.9624 10.4966 91.6997
1.8781 10.5809 91.6997
1.7938 10.5809 91.6997
1.7095 10.5809 91.6997
1.6252 10.5809 91.6997
1.5409 10.6652 91.6997
1.4566 10.6652 91.6997
1.3723 10.6652 91.6997
1.288 10.6652 91.6997
1.2037 10.6652 91.6997
1.1194 10.6652 91.6997
1.0351 10.6652 91.6997
0.950798 10.6652 91.6997
0.866499 10.6652 91.6997
0.782198 10.6652 91.6997
0.697899 10.6652 91.6997
0.613598 10.6652 91.6997
0.529299 10.6652 91.6997
0.444998 10.6652 91.6997
0.360699 10.6652 91.6997
0.276398 10.6652 91.6997
0.192099 10.6652 91.6997
0.107798 10.6652 91.6997
0.0234985 10.6652 91.6997
-0.0608025 10.6652 91.6997
-0.145102 10.6652 91.6997
-0.229403 10.6652 91.6997
-0.313702 10.6652 91.6997
-0.398003 10.5809 91.6997
-0.482302 10.5809 91.6997
-0.566601 10.5809 91.6997
-0.650902 10.4966 91.6997
-0.735201 10.4123 91.6997
-0.819502 10.328 91.6997
-0.903801 10.328 91.6997
-0.988102 10.2437 91.6997
-1.0724 10.2437 91.6997
-1.1567 10.1594 91.6997
-1.241 10.1594 91.6997
-1.3253 10.1594 91.6997
-1.4096 10.1594 91.6997
-1.4939 10.1594 91.6997
-1.5782 10.0751 91.6997
-1.6625 9.99077 91.6997
-1.7468 9.90647 91.6997
-1.8311 9.82217 91.6997
-1.9154 9.73787 91.6997
-1.9997 9.65357 91.6997
-2.084 9.56927 91.6997
-2.1683 9.56927 91.6997
-2.2526 9.56927 91.6997
-2.3369 9.56927 91.6997
-2.4212 9.56927 91.6997
-2.5055 9.56927 91.6997
-2.5898 9.65357 91.6997
-2.5898 9.73787 91.6997
-2.5898 9.82217 91.6997
-2.5898 9.90647 91.6997
-2.5898 9.99077 91.6997
-2.5055 10.0751 91.6997
-2.4212 10.1594 91.6997
-2.3369 10.2437 91.6997
-2.2526 10.328 91.6997
-2.1683 10.4123 91.6997
-2.084 10.4966 91.6997
-1.9997 10.5809 91.6997
-1.9154 10.6652 91.6997
-1.8311 10.6652 91.6997
-1.7468 10.7495 91.6997
-1.6625 10.7495 91.6997
-1.5782 10.8338 91.6997
-1.4939 10.9181 91.6997
-1.4096 11.0024 91.6997
-1.3253 11.0867 91.6997
-1.241 11.0867 91.6997
-1.1567 11.171 91.6997
-1.0724 11.2553 91.6997
-0.988102 11.2553 91.6997
-0.903801 11.3396 91.6997
-0.819502 11.4239 91.6997
-0.735201 11.4239 91.6997
-0.650902 11.5082 91.6997
-0.566601 11.5925 91.6997
-0.482302 11.5925 91.6997
-0.398003 11.5925 91.6997
-0.313702 11.5925 91.6997
-0.229403 11.6768 91.6997
0.107798 12.014 91.8997
0.192099 12.014 91.8997
0.276398 12.014 91.8997
0.360699 12.014 91.8997
0.444998 12.014 91.8997
0.529299 12.014 91.8997
0.613598 12.014 91.8997
0.697899 12.014 91.8997
0.782198 12.014 91.8997
0.866499 12.014 91.8997
0.950798 12.014 91.8997
1.0351 12.014 91.8997
1.1194 12.014 91.8997
1.2037 12.014 91.8997
1.288 11.9297 91.8997
1.3723 11.9297 91.8997
1.4566 11.8454 91.8997
1.5409 11.8454 91.8997
1.6252 11.7611 91.8997
1.7095 11.7611 91.8997
1.7938 11.6768 91.8997
1.8781 11.6768 91.8997
1.9624 11.5925 91.8997
2.0467 11.5925 91.8997
2.131 11.5082 91.8997
2.2153 11.5082 91.8997
2.2996 11.4239 91.8997
2.3839 11.3396 91.8997
2.4682 11.2553 91.8997
2.5525 11.171 91.8997
2.6368 11.0867 91.8997
2.7211 11.0024 91.8997
2.8054 10.9181 91.8997
2.8897 10.8338 91.8997
2.974 10.7495 91.8997
3.0583 10.6652 91.8997
3.1426 10.6652 91.8997
3.2269 10.5809 91.8997
3.3112 10.4966 91.8997
3.3955 10.4123 91.8997
3.4798 10.328 91.8997
3.5641 10.2437 91.8997
3.6484 10.1594 91.8997
3.6484 10.0751 91.8997
3.6484 9.99077 91.8997
3.6484 9.90647 91.8997
3.6484 9.82217 91.8997
3.6484 9.73787 91.8997
3.5641 9.65357 91.8997
3.4798 9.65357 91.8997
3.3955 9.65357 91.8997
3.3112 9.65357 91.8997
3.2269 9.65357 91.8997
3.1426 9.65357 91.8997
3.0583 9.65357 91.8997
2.974 9.65357 91.8997
2.8897 9.65357 91.8997
2.8054 9.65357 91.8997
2.7211 9.73787 91.8997
2.6368 9.73787 91.8997
2.5525 9.82217 91.8997
2.4682 9.90647 91.8997
2.3839 9.90647 91.8997
2.2996 9.99077 91.8997
2.2153 10.0751 91.8997
2.131 10.1594 91.8997
2.0467 10.1594 91.8997
1.9624 10.1594 91.8997
1.8781 10.2437 91.8997
1.7938 10.2437 91.8997
1.7095 10.328 91.8997
1.6252 10.4123 91.8997
1.5409 10.4123 91.8997
1.4566 10.4966 91.8997
1.3723 10.4966 91.8997
1.288 10.4966 91.8997
1.2037 10.5809 91.8997
1.1194 10.5809 91.8997
1.0351 10.5809 91.8997
0.950798 10.6652 91.8997
0.866499 10.6652 91.8997
0.782198 10.6652 91.8997
0.697899 10.6652 91.8997
0.613598 10.6652 91.8997
0.529299 10.6652 91.8997
0.444998 10.6652 91.8997
0.360699 10.6652 91.8997
0.276398 10.5809 91.8997
0.192099 10.5809 91.8997
0.107798 10.5809 91.8997
0.0234985 10.4966 91.8997
-0.0608025 10.4123 91.8997
-0.145102 10.4123 91.8997
-0.229403 10.328 91.8997
-0.313702 10.2437 91.8997
-0.398003 10.1594 91.8997
-0.482302 10.0751 91.8997
-0.566601 9.99077 91.8997
-0.650902 9.99077 91.8997
-0.735201 9.90647 91.8997
-0.819502 9.82217 91.8997
-0.903801 9.73787 91.8997
-0.988102 9.73787 91.8997
-1.0724 9.65357 91.8997
-1.1567 9.65357 91.8997
-1.241 9.65357 91.8997
-1.3253 9.65357 91.8997
-1.4096 9.65357 91.8997
-1.4939 9.65357 91.8997
-1.5782 9.65357 91.8997
-1.6625 9.65357 91.8997
-1.7468 9.65357 91.8997
-1.8311 9.65357 91.8997
-1.9154 9.73787 91.8997
-1.9154 9.82217 91.8997
-1.9154 9.90647 91.8997
-1.9154 9.99077 91.8997
-1.9154 10.0751 91.8997
-1.9154 10.1594 91.8997
-1.8311 10.2437 91.8997
-1.7468 10.328 91.8997
-1.6625 10.4123 91.8997
-1.5782 10.4966 91.8997
-1.4939 10.5809 91.8997
-1.4096 10.6652 91.8997
-1.3253 10.7495 91.8997
-1.241 10.8338 91.8997
-1.241 10.9181 91.8997
-1.1567 11.0024 91.8997
-1.1567 11.0867 91.8997
-1.0724 11.171 91.8997
-0.988102 11.2553 91.8997
-0.903801 11.3396 91.8997
-0.819502 11.4239 91.8997
-0.735201 11.5082 91.8997
-0.650902 11.5925 91.8997
-0.566601 11.6768 91.8997
-0.482302 11.7611 91.8997
-0.398003 11.7611 91.8997
-0.313702 11.8454 91.8997
-0.229403 11.9297 91.8997
-0.145102 11.9297 91.8997
-0.0608025 11.9297 91.8997
0.0234985 11.9297 91.8997
0.107798 12.014 91.8997
-0.145102 12.0983 92.0997
-0.0608025 12.0983 92.0997
0.0234985 12.0983 92.0997
0.107798 12.0983 92.0997
0.192099 12.0983 92.0997
0.276398 12.0983 92.0997
0.360699 12.0983 92.0997
0.444998 12.0983 92.0997
0.529299 12.0983 92.0997
0.613598 12.0983 92.0997
0.697899 12.0983 92.0997
0.782198 12.0983 92.0997
0.866499 12.0983 92.0997
0.950798 12.0983 92.0997
1.0351 12.0983 92.0997
1.1194 12.0983 92.0997
1.2037 12.0983 92.0997
1.288 12.0983 92.0997
1.3723 12.0983 92.0997
1.4566 12.0983 92.0997
1.5409 12.0983 92.0997
1.6252 12.014 92.0997
1.7095 12.014 92.0997
1.7938 11.9297 92.0997
1.8781 11.9297 92.0997
1.9624 11.8454 92.0997
2.0467 11.7611 92.0997
2.131 11.7611 92.0997
2.2153 11.6768 92.0997
2.2996 11.5925 92.0997
2.3839 11.5925 92.0997
2.4682 11.5082 92.0997
2.5525 11.4239 92.0997
2.6368 11.3396 92.0997
2.7211 11.2553 92.0997
2.8054 11.171 92.0997
2.8897 11.0867 92.0997
2.974 11.0024 92.0997
3.0583 10.9181 92.0997
3.1426 10.8338 92.0997
3.2269 10.7495 92.0997
3.3112 10.6652 92.0997
3.3955 10.5809 92.0997
3.3955 10.4966 92.0997
3.4798 10.4123 92.0997
3.5641 10.328 92.0997
3.5641 10.2437 92.0997
3.5641 10.1594 92.0997
3.5641 10.0751 92.0997
3.5641 9.99077 92.0997
3.5641 9.90647 92.0997
3.4798 9.82217 92.0997
3.3955 9.82217 92.0997
3.3112 9.82217 92.0997
3.2269 9.82217 92.0997
3.1426 9.82217 92.0997
3.0583 9.82217 92.0997
2.974 9.90647 92.0997
2.8897 9.99077 92.0997
2.8054 10.0751 92.0997
2.7211 10.0751 92.0997
2.6368 10.1594 92.0997
2.5525 10.1594 92.0997
2.4682 10.2437 92.0997
2.3839 10.328 92.0997
2.2996 10.328 92.0997
2.2153 10.328 92.0997
2.131 10.4123 92.0997
2.0467 10.4123 92.0997
1.9624 10.4966 92.0997
1.8781 10.4966 92.0997
1.7938 10.4966 92.0997
1.7095 10.4966 92.0997
1.6252 10.5809 92.0997
1.5409 10.5809 92.0997
1.4566 10.5809 92.0997
1.3723 10.5809 92.0997
1.288 10.5809 92.0997
1.2037 10.5809 92.0997
1.1194 10.5809 92.0997
1.0351 10.6652 92.0997
0.950798 10.6652 92.0997
0.866499 10.6652 92.0997
0.782198 10.6652 92.0997
0.697899 10.6652 92.0997
0.613598 10.6652 92.0997
0.529299 10.6652 92.0997
0.444998 10.6652 92.0997
0.360699 10.6652 92.0997
0.276398 10.6652 92.0997
0.192099 10.6652 92.0997
0.107798 10.6652 92.0997
0.0234985 10.6652 92.0997
-0.0608025 10.6652 92.0997
-0.145102 10.6652 92.0997
-0.229403 10.5809 92.0997
-0.313702 10.5809 92.0997
-0.398003 10.5809 92.0997
-0.482302 10.4966 92.0997
-0.566601 10.4123 92.0997
-0.650902 10.328 92.0997
-0.735201 10.2437 92.0997
-0.819502 10.1594 92.0997
-0.819502 10.0751 92.0997
-0.903801 9.99077 92.0997
-0.988102 9.99077 92.0997
-1.0724 9.99077 92.0997
-1.1567 9.99077 92.0997
-1.241 9.99077 92.0997
-1.3253 9.99077 92.0997
-1.4096 9.99077 92.0997
-1.4939 9.99077 92.0997
-1.5782 9.99077 92.0997
-1.6625 9.99077 92.0997
-1.7468 9.99077 92.0997
-1.8311 10.0751 92.0997
-1.8311 10.1594 92.0997
-1.8311 10.2437 92.0997
-1.8311 10.328 92.0997
-1.8311 10.4123 92.0997
-1.8311 10.4966 92.0997
-1.8311 10.5809 92.0997
-1.7468 10.6652 92.0997
-1.7468 10.7495 92.0997
-1.6625 10.8338 92.0997
-1.6625 10.9181 92.0997
-1.5782 11.0024 92.0997
-1.4939 11.0867 92.0997
-1.4096 11.171 92.0997
-1.4096 11.2553 92.0997
-1.3253 11.3396 92.0997
-1.241 11.4239 92.0997
-1.1567 11.5082 92.0997
-1.0724 11.5925 92.0997
-0.988102 11.6768 92.0997
-0.903801 11.7611 92.0997
-0.819502 11.7611 92.0997
-0.735201 11.8454 92.0997
-0.650902 11.9297 92.0997
-0.566601 11.9297 92.0997
-0.482302 11.9297 92.0997
-0.398003 12.014 92.0997
-0.313702 12.014 92.0997
-0.229403 12.014 92.0997
-0.145102 12.0983 92.0997
