# Output from PinnacleROI.cpp
# First line is number of curves
# Second line is space-separated number of points in each curve
# Remainder are the points themselves
19
85 86 87 89 91 96 94 90 88 85 85 84 82 78 76 78 79 75 75 
-0.735201 3.16247 95.8997
-0.650902 3.16247 95.8997
-0.566601 3.16247 95.8997
-0.482302 3.16247 95.8997
-0.398003 3.07817 95.8997
-0.313702 2.99387 95.8997
-0.229403 2.99387 95.8997
-0.145102 2.99387 95.8997
-0.0608025 2.99387 95.8997
0.0234985 2.99387 95.8997
0.107798 2.99387 95.8997
0.192099 2.99387 95.8997
0.276398 2.90957 95.8997
0.360699 2.90957 95.8997
0.444998 2.90957 95.8997
0.529299 2.90957 95.8997
0.613598 2.90957 95.8997
0.697899 2.90957 95.8997
0.782198 2.90957 95.8997
0.866499 2.90957 95.8997
0.950798 2.82527 95.8997
1.0351 2.82527 95.8997
1.1194 2.82527 95.8997
1.2037 2.82527 95.8997
1.288 2.82527 95.8997
1.3723 2.82527 95.8997
1.4566 2.82527 95.8997
1.5409 2.82527 95.8997
1.6252 2.82527 95.8997
1.7095 2.82527 95.8997
1.7938 2.82527 95.8997
1.8781 2.82527 95.8997
1.9624 2.82527 95.8997
2.0467 2.82527 95.8997
2.131 2.82527 95.8997
2.2153 2.82527 95.8997
2.2996 2.82527 95.8997
2.3839 2.82527 95.8997
2.4682 2.82527 95.8997
2.5525 2.74097 95.8997
2.5525 2.65667 95.8997
2.5525 2.57237 95.8997
2.4682 2.48807 95.8997
2.3839 2.48807 95.8997
2.2996 2.48807 95.8997
2.2153 2.48807 95.8997
2.131 2.48807 95.8997
2.0467 2.48807 95.8997
1.9624 2.48807 95.8997
1.8781 2.48807 95.8997
1.7938 2.48807 95.8997
1.7095 2.48807 95.8997
1.6252 2.48807 95.8997
1.5409 2.48807 95.8997
1.4566 2.48807 95.8997
1.3723 2.48807 95.8997
1.288 2.48807 95.8997
1.2037 2.48807 95.8997
1.1194 2.48807 95.8997
1.0351 2.48807 95.8997
0.950798 2.48807 95.8997
0.866499 2.48807 95.8997
0.782198 2.48807 95.8997
0.697899 2.48807 95.8997
0.613598 2.57237 95.8997
0.529299 2.57237 95.8997
0.444998 2.57237 95.8997
0.360699 2.57237 95.8997
0.276398 2.57237 95.8997
0.192099 2.57237 95.8997
0.107798 2.57237 95.8997
0.0234985 2.57237 95.8997
-0.0608025 2.65667 95.8997
-0.145102 2.65667 95.8997
-0.229403 2.65667 95.8997
-0.313702 2.65667 95.8997
-0.398003 2.65667 95.8997
-0.482302 2.65667 95.8997
-0.566601 2.74097 95.8997
-0.650902 2.74097 95.8997
-0.735201 2.82527 95.8997
-0.819502 2.90957 95.8997
-0.819502 2.99387 95.8997
-0.819502 3.07817 95.8997
-0.735201 3.16247 95.8997
-0.735201 3.16247 96.0997
-0.650902 3.16247 96.0997
-0.566601 3.16247 96.0997
-0.482302 3.16247 96.0997
-0.398003 3.07817 96.0997
-0.313702 3.07817 96.0997
-0.229403 3.07817 96.0997
-0.145102 3.07817 96.0997
-0.0608025 2.99387 96.0997
0.0234985 2.99387 96.0997
0.107798 2.99387 96.0997
0.192099 2.90957 96.0997
0.276398 2.90957 96.0997
0.360699 2.90957 96.0997
0.444998 2.90957 96.0997
0.529299 2.90957 96.0997
0.613598 2.90957 96.0997
0.697899 2.90957 96.0997
0.782198 2.90957 96.0997
0.866499 2.90957 96.0997
0.950798 2.90957 96.0997
1.0351 2.90957 96.0997
1.1194 2.90957 96.0997
1.2037 2.90957 96.0997
1.288 2.90957 96.0997
1.3723 2.90957 96.0997
1.4566 2.90957 96.0997
1.5409 2.90957 96.0997
1.6252 2.90957 96.0997
1.7095 2.90957 96.0997
1.7938 2.90957 96.0997
1.8781 2.90957 96.0997
1.9624 2.90957 96.0997
2.0467 2.90957 96.0997
2.131 2.90957 96.0997
2.2153 2.90957 96.0997
2.2996 2.90957 96.0997
2.3839 2.90957 96.0997
2.4682 2.90957 96.0997
2.5525 2.82527 96.0997
2.5525 2.74097 96.0997
2.5525 2.65667 96.0997
2.5525 2.57237 96.0997
2.4682 2.48807 96.0997
2.3839 2.48807 96.0997
2.2996 2.48807 96.0997
2.2153 2.48807 96.0997
2.131 2.48807 96.0997
2.0467 2.48807 96.0997
1.9624 2.48807 96.0997
1.8781 2.48807 96.0997
1.7938 2.57237 96.0997
1.7095 2.57237 96.0997
1.6252 2.57237 96.0997
1.5409 2.57237 96.0997
1.4566 2.57237 96.0997
1.3723 2.57237 96.0997
1.288 2.57237 96.0997
1.2037 2.57237 96.0997
1.1194 2.57237 96.0997
1.0351 2.57237 96.0997
0.950798 2.57237 96.0997
0.866499 2.57237 96.0997
0.782198 2.57237 96.0997
0.697899 2.57237 96.0997
0.613598 2.57237 96.0997
0.529299 2.57237 96.0997
0.444998 2.57237 96.0997
0.360699 2.57237 96.0997
0.276398 2.57237 96.0997
0.192099 2.57237 96.0997
0.107798 2.57237 96.0997
0.0234985 2.57237 96.0997
-0.0608025 2.57237 96.0997
-0.145102 2.65667 96.0997
-0.229403 2.65667 96.0997
-0.313702 2.65667 96.0997
-0.398003 2.74097 96.0997
-0.482302 2.74097 96.0997
-0.566601 2.74097 96.0997
-0.650902 2.74097 96.0997
-0.735201 2.82527 96.0997
-0.819502 2.90957 96.0997
-0.819502 2.99387 96.0997
-0.819502 3.07817 96.0997
-0.735201 3.16247 96.0997
-0.735201 3.16247 96.2997
-0.650902 3.16247 96.2997
-0.566601 3.16247 96.2997
-0.482302 3.16247 96.2997
-0.398003 3.16247 96.2997
-0.313702 3.16247 96.2997
-0.229403 3.16247 96.2997
-0.145102 3.16247 96.2997
-0.0608025 3.07817 96.2997
0.0234985 3.07817 96.2997
0.107798 2.99387 96.2997
0.192099 2.99387 96.2997
0.276398 2.99387 96.2997
0.360699 2.90957 96.2997
0.444998 2.90957 96.2997
0.529299 2.90957 96.2997
0.613598 2.90957 96.2997
0.697899 2.90957 96.2997
0.782198 2.90957 96.2997
0.866499 2.90957 96.2997
0.950798 2.90957 96.2997
1.0351 2.90957 96.2997
1.1194 2.90957 96.2997
1.2037 2.90957 96.2997
1.288 2.90957 96.2997
1.3723 2.90957 96.2997
1.4566 2.90957 96.2997
1.5409 2.90957 96.2997
1.6252 2.90957 96.2997
1.7095 2.90957 96.2997
1.7938 2.90957 96.2997
1.8781 2.90957 96.2997
1.9624 2.90957 96.2997
2.0467 2.90957 96.2997
2.131 2.99387 96.2997
2.2153 2.99387 96.2997
2.2996 2.99387 96.2997
2.3839 2.99387 96.2997
2.4682 2.99387 96.2997
2.5525 2.99387 96.2997
2.6368 2.90957 96.2997
2.6368 2.82527 96.2997
2.6368 2.74097 96.2997
2.5525 2.65667 96.2997
2.4682 2.57237 96.2997
2.3839 2.57237 96.2997
2.2996 2.57237 96.2997
2.2153 2.57237 96.2997
2.131 2.57237 96.2997
2.0467 2.57237 96.2997
1.9624 2.57237 96.2997
1.8781 2.48807 96.2997
1.7938 2.48807 96.2997
1.7095 2.48807 96.2997
1.6252 2.48807 96.2997
1.5409 2.48807 96.2997
1.4566 2.48807 96.2997
1.3723 2.48807 96.2997
1.288 2.48807 96.2997
1.2037 2.48807 96.2997
1.1194 2.48807 96.2997
1.0351 2.48807 96.2997
0.950798 2.48807 96.2997
0.866499 2.48807 96.2997
0.782198 2.48807 96.2997
0.697899 2.57237 96.2997
0.613598 2.57237 96.2997
0.529299 2.57237 96.2997
0.444998 2.57237 96.2997
0.360699 2.57237 96.2997
0.276398 2.57237 96.2997
0.192099 2.57237 96.2997
0.107798 2.57237 96.2997
0.0234985 2.65667 96.2997
-0.0608025 2.65667 96.2997
-0.145102 2.65667 96.2997
-0.229403 2.74097 96.2997
-0.313702 2.74097 96.2997
-0.398003 2.82527 96.2997
-0.482302 2.82527 96.2997
-0.566601 2.82527 96.2997
-0.650902 2.82527 96.2997
-0.735201 2.82527 96.2997
-0.819502 2.90957 96.2997
-0.819502 2.99387 96.2997
-0.819502 3.07817 96.2997
-0.735201 3.16247 96.2997
-0.903801 3.16247 96.4997
-0.819502 3.16247 96.4997
-0.735201 3.16247 96.4997
-0.650902 3.16247 96.4997
-0.566601 3.16247 96.4997
-0.482302 3.16247 96.4997
-0.398003 3.16247 96.4997
-0.313702 3.16247 96.4997
-0.229403 3.16247 96.4997
-0.145102 3.16247 96.4997
-0.0608025 3.16247 96.4997
0.0234985 3.16247 96.4997
0.107798 3.16247 96.4997
0.192099 3.16247 96.4997
0.276398 3.16247 96.4997
0.360699 3.16247 96.4997
0.444998 3.16247 96.4997
0.529299 3.07817 96.4997
0.613598 3.07817 96.4997
0.697899 3.07817 96.4997
0.782198 3.07817 96.4997
0.866499 3.07817 96.4997
0.950798 3.07817 96.4997
1.0351 3.07817 96.4997
1.1194 3.07817 96.4997
1.2037 3.07817 96.4997
1.288 3.07817 96.4997
1.3723 3.07817 96.4997
1.4566 2.99387 96.4997
1.5409 2.99387 96.4997
1.6252 2.99387 96.4997
1.7095 2.90957 96.4997
1.7938 2.90957 96.4997
1.8781 2.90957 96.4997
1.9624 2.90957 96.4997
2.0467 2.90957 96.4997
2.131 2.90957 96.4997
2.2153 2.90957 96.4997
2.2996 2.90957 96.4997
2.3839 2.90957 96.4997
2.4682 2.90957 96.4997
2.5525 2.82527 96.4997
2.5525 2.74097 96.4997
2.5525 2.65667 96.4997
2.4682 2.57237 96.4997
2.3839 2.57237 96.4997
2.2996 2.57237 96.4997
2.2153 2.57237 96.4997
2.131 2.57237 96.4997
2.0467 2.57237 96.4997
1.9624 2.57237 96.4997
1.8781 2.57237 96.4997
1.7938 2.57237 96.4997
1.7095 2.57237 96.4997
1.6252 2.57237 96.4997
1.5409 2.57237 96.4997
1.4566 2.57237 96.4997
1.3723 2.65667 96.4997
1.288 2.65667 96.4997
1.2037 2.65667 96.4997
1.1194 2.74097 96.4997
1.0351 2.74097 96.4997
0.950798 2.74097 96.4997
0.866499 2.74097 96.4997
0.782198 2.74097 96.4997
0.697899 2.74097 96.4997
0.613598 2.74097 96.4997
0.529299 2.74097 96.4997
0.444998 2.74097 96.4997
0.360699 2.74097 96.4997
0.276398 2.82527 96.4997
0.192099 2.82527 96.4997
0.107798 2.82527 96.4997
0.0234985 2.82527 96.4997
-0.0608025 2.82527 96.4997
-0.145102 2.82527 96.4997
-0.229403 2.82527 96.4997
-0.313702 2.82527 96.4997
-0.398003 2.82527 96.4997
-0.482302 2.82527 96.4997
-0.566601 2.82527 96.4997
-0.650902 2.82527 96.4997
-0.735201 2.82527 96.4997
-0.819502 2.82527 96.4997
-0.903801 2.82527 96.4997
-0.988102 2.90957 96.4997
-0.988102 2.99387 96.4997
-0.988102 3.07817 96.4997
-0.903801 3.16247 96.4997
-0.819502 3.24677 96.6997
-0.735201 3.24677 96.6997
-0.650902 3.24677 96.6997
-0.566601 3.24677 96.6997
-0.482302 3.24677 96.6997
-0.398003 3.24677 96.6997
-0.313702 3.24677 96.6997
-0.229403 3.24677 96.6997
-0.145102 3.24677 96.6997
-0.0608025 3.24677 96.6997
0.0234985 3.16247 96.6997
0.107798 3.16247 96.6997
0.192099 3.16247 96.6997
0.276398 3.16247 96.6997
0.360699 3.16247 96.6997
0.444998 3.16247 96.6997
0.529299 3.16247 96.6997
0.613598 3.16247 96.6997
0.697899 3.16247 96.6997
0.782198 3.16247 96.6997
0.866499 3.16247 96.6997
0.950798 3.16247 96.6997
1.0351 3.16247 96.6997
1.1194 3.16247 96.6997
1.2037 3.16247 96.6997
1.288 3.16247 96.6997
1.3723 3.16247 96.6997
1.4566 3.16247 96.6997
1.5409 3.07817 96.6997
1.6252 3.07817 96.6997
1.7095 3.07817 96.6997
1.7938 2.99387 96.6997
1.8781 2.99387 96.6997
1.9624 2.99387 96.6997
2.0467 2.99387 96.6997
2.131 2.90957 96.6997
2.2153 2.90957 96.6997
2.2996 2.90957 96.6997
2.3839 2.90957 96.6997
2.4682 2.90957 96.6997
2.5525 2.90957 96.6997
2.6368 2.90957 96.6997
2.7211 2.82527 96.6997
2.7211 2.74097 96.6997
2.7211 2.65667 96.6997
2.6368 2.57237 96.6997
2.5525 2.57237 96.6997
2.4682 2.57237 96.6997
2.3839 2.57237 96.6997
2.2996 2.57237 96.6997
2.2153 2.57237 96.6997
2.131 2.57237 96.6997
2.0467 2.57237 96.6997
1.9624 2.57237 96.6997
1.8781 2.57237 96.6997
1.7938 2.65667 96.6997
1.7095 2.65667 96.6997
1.6252 2.65667 96.6997
1.5409 2.74097 96.6997
1.4566 2.74097 96.6997
1.3723 2.74097 96.6997
1.288 2.82527 96.6997
1.2037 2.82527 96.6997
1.1194 2.82527 96.6997
1.0351 2.82527 96.6997
0.950798 2.82527 96.6997
0.866499 2.82527 96.6997
0.782198 2.82527 96.6997
0.697899 2.82527 96.6997
0.613598 2.82527 96.6997
0.529299 2.82527 96.6997
0.444998 2.82527 96.6997
0.360699 2.82527 96.6997
0.276398 2.82527 96.6997
0.192099 2.82527 96.6997
0.107798 2.82527 96.6997
0.0234985 2.82527 96.6997
-0.0608025 2.82527 96.6997
-0.145102 2.82527 96.6997
-0.229403 2.90957 96.6997
-0.313702 2.90957 96.6997
-0.398003 2.90957 96.6997
-0.482302 2.90957 96.6997
-0.566601 2.90957 96.6997
-0.650902 2.90957 96.6997
-0.735201 2.90957 96.6997
-0.819502 2.90957 96.6997
-0.903801 2.99387 96.6997
-0.903801 3.07817 96.6997
-0.903801 3.16247 96.6997
-0.819502 3.24677 96.6997
-0.988102 3.24677 96.8997
-0.903801 3.24677 96.8997
-0.819502 3.24677 96.8997
-0.735201 3.24677 96.8997
-0.650902 3.24677 96.8997
-0.566601 3.24677 96.8997
-0.482302 3.24677 96.8997
-0.398003 3.24677 96.8997
-0.313702 3.24677 96.8997
-0.229403 3.16247 96.8997
-0.145102 3.16247 96.8997
-0.0608025 3.16247 96.8997
0.0234985 3.16247 96.8997
0.107798 3.16247 96.8997
0.192099 3.16247 96.8997
0.276398 3.16247 96.8997
0.360699 3.16247 96.8997
0.444998 3.16247 96.8997
0.529299 3.16247 96.8997
0.613598 3.16247 96.8997
0.697899 3.16247 96.8997
0.782198 3.16247 96.8997
0.866499 3.16247 96.8997
0.950798 3.16247 96.8997
1.0351 3.16247 96.8997
1.1194 3.16247 96.8997
1.2037 3.16247 96.8997
1.288 3.16247 96.8997
1.3723 3.16247 96.8997
1.4566 3.16247 96.8997
1.5409 3.16247 96.8997
1.6252 3.16247 96.8997
1.7095 3.16247 96.8997
1.7938 3.07817 96.8997
1.8781 3.07817 96.8997
1.9624 3.07817 96.8997
2.0467 3.07817 96.8997
2.131 3.07817 96.8997
2.2153 3.07817 96.8997
2.2996 3.07817 96.8997
2.3839 3.07817 96.8997
2.4682 3.07817 96.8997
2.5525 3.07817 96.8997
2.6368 3.07817 96.8997
2.7211 2.99387 96.8997
2.7211 2.90957 96.8997
2.7211 2.82527 96.8997
2.7211 2.74097 96.8997
2.6368 2.65667 96.8997
2.5525 2.65667 96.8997
2.4682 2.65667 96.8997
2.3839 2.65667 96.8997
2.2996 2.65667 96.8997
2.2153 2.65667 96.8997
2.131 2.65667 96.8997
2.0467 2.65667 96.8997
1.9624 2.65667 96.8997
1.8781 2.65667 96.8997
1.7938 2.65667 96.8997
1.7095 2.65667 96.8997
1.6252 2.65667 96.8997
1.5409 2.65667 96.8997
1.4566 2.65667 96.8997
1.3723 2.74097 96.8997
1.288 2.82527 96.8997
1.2037 2.82527 96.8997
1.1194 2.82527 96.8997
1.0351 2.82527 96.8997
0.950798 2.82527 96.8997
0.866499 2.82527 96.8997
0.782198 2.82527 96.8997
0.697899 2.82527 96.8997
0.613598 2.82527 96.8997
0.529299 2.82527 96.8997
0.444998 2.82527 96.8997
0.360699 2.82527 96.8997
0.276398 2.82527 96.8997
0.192099 2.82527 96.8997
0.107798 2.82527 96.8997
0.0234985 2.82527 96.8997
-0.0608025 2.82527 96.8997
-0.145102 2.82527 96.8997
-0.229403 2.82527 96.8997
-0.313702 2.82527 96.8997
-0.398003 2.82527 96.8997
-0.482302 2.82527 96.8997
-0.566601 2.90957 96.8997
-0.650902 2.90957 96.8997
-0.735201 2.90957 96.8997
-0.819502 2.90957 96.8997
-0.903801 2.90957 96.8997
-0.988102 2.90957 96.8997
-1.0724 2.99387 96.8997
-1.0724 3.07817 96.8997
-1.0724 3.16247 96.8997
-0.988102 3.24677 96.8997
-0.735201 3.41537 97.0996
-0.650902 3.41537 97.0996
-0.566601 3.41537 97.0996
-0.482302 3.41537 97.0996
-0.398003 3.41537 97.0996
-0.313702 3.33107 97.0996
-0.229403 3.33107 97.0996
-0.145102 3.33107 97.0996
-0.0608025 3.24677 97.0996
0.0234985 3.24677 97.0996
0.107798 3.24677 97.0996
0.192099 3.24677 97.0996
0.276398 3.24677 97.0996
0.360699 3.24677 97.0996
0.444998 3.24677 97.0996
0.529299 3.24677 97.0996
0.613598 3.24677 97.0996
0.697899 3.24677 97.0996
0.782198 3.24677 97.0996
0.866499 3.24677 97.0996
0.950798 3.24677 97.0996
1.0351 3.24677 97.0996
1.1194 3.24677 97.0996
1.2037 3.24677 97.0996
1.288 3.24677 97.0996
1.3723 3.24677 97.0996
1.4566 3.24677 97.0996
1.5409 3.24677 97.0996
1.6252 3.24677 97.0996
1.7095 3.24677 97.0996
1.7938 3.24677 97.0996
1.8781 3.16247 97.0996
1.9624 3.16247 97.0996
2.0467 3.16247 97.0996
2.131 3.16247 97.0996
2.2153 3.16247 97.0996
2.2996 3.16247 97.0996
2.3839 3.16247 97.0996
2.4682 3.07817 97.0996
2.5525 3.07817 97.0996
2.6368 3.07817 97.0996
2.7211 3.07817 97.0996
2.8054 2.99387 97.0996
2.8054 2.90957 97.0996
2.8054 2.82527 97.0996
2.7211 2.74097 97.0996
2.6368 2.65667 97.0996
2.5525 2.65667 97.0996
2.4682 2.65667 97.0996
2.3839 2.57237 97.0996
2.2996 2.57237 97.0996
2.2153 2.57237 97.0996
2.131 2.57237 97.0996
2.0467 2.57237 97.0996
1.9624 2.65667 97.0996
1.8781 2.65667 97.0996
1.7938 2.65667 97.0996
1.7095 2.65667 97.0996
1.6252 2.65667 97.0996
1.5409 2.65667 97.0996
1.4566 2.65667 97.0996
1.3723 2.65667 97.0996
1.288 2.65667 97.0996
1.2037 2.65667 97.0996
1.1194 2.65667 97.0996
1.0351 2.74097 97.0996
0.950798 2.74097 97.0996
0.866499 2.74097 97.0996
0.782198 2.74097 97.0996
0.697899 2.74097 97.0996
0.613598 2.74097 97.0996
0.529299 2.74097 97.0996
0.444998 2.74097 97.0996
0.360699 2.74097 97.0996
0.276398 2.74097 97.0996
0.192099 2.74097 97.0996
0.107798 2.74097 97.0996
0.0234985 2.74097 97.0996
-0.0608025 2.74097 97.0996
-0.145102 2.74097 97.0996
-0.229403 2.82527 97.0996
-0.313702 2.82527 97.0996
-0.398003 2.82527 97.0996
-0.482302 2.82527 97.0996
-0.566601 2.82527 97.0996
-0.650902 2.82527 97.0996
-0.735201 2.90957 97.0996
-0.819502 2.90957 97.0996
-0.903801 2.99387 97.0996
-0.903801 3.07817 97.0996
-0.903801 3.16247 97.0996
-0.819502 3.24677 97.0996
-0.819502 3.33107 97.0996
-0.735201 3.41537 97.0996
-0.735201 3.41537 97.2996
-0.650902 3.41537 97.2996
-0.566601 3.41537 97.2996
-0.482302 3.41537 97.2996
-0.398003 3.41537 97.2996
-0.313702 3.41537 97.2996
-0.229403 3.41537 97.2996
-0.145102 3.33107 97.2996
-0.0608025 3.33107 97.2996
0.0234985 3.24677 97.2996
0.107798 3.24677 97.2996
0.192099 3.24677 97.2996
0.276398 3.24677 97.2996
0.360699 3.24677 97.2996
0.444998 3.24677 97.2996
0.529299 3.24677 97.2996
0.613598 3.24677 97.2996
0.697899 3.24677 97.2996
0.782198 3.24677 97.2996
0.866499 3.24677 97.2996
0.950798 3.24677 97.2996
1.0351 3.16247 97.2996
1.1194 3.16247 97.2996
1.2037 3.16247 97.2996
1.288 3.16247 97.2996
1.3723 3.16247 97.2996
1.4566 3.16247 97.2996
1.5409 3.16247 97.2996
1.6252 3.24677 97.2996
1.7095 3.24677 97.2996
1.7938 3.24677 97.2996
1.8781 3.24677 97.2996
1.9624 3.24677 97.2996
2.0467 3.24677 97.2996
2.131 3.24677 97.2996
2.2153 3.24677 97.2996
2.2996 3.24677 97.2996
2.3839 3.24677 97.2996
2.4682 3.24677 97.2996
2.5525 3.16247 97.2996
2.6368 3.07817 97.2996
2.6368 2.99387 97.2996
2.6368 2.90957 97.2996
2.6368 2.82527 97.2996
2.5525 2.74097 97.2996
2.4682 2.74097 97.2996
2.3839 2.74097 97.2996
2.2996 2.65667 97.2996
2.2153 2.65667 97.2996
2.131 2.65667 97.2996
2.0467 2.65667 97.2996
1.9624 2.65667 97.2996
1.8781 2.65667 97.2996
1.7938 2.65667 97.2996
1.7095 2.65667 97.2996
1.6252 2.74097 97.2996
1.5409 2.74097 97.2996
1.4566 2.82527 97.2996
1.3723 2.82527 97.2996
1.288 2.82527 97.2996
1.2037 2.82527 97.2996
1.1194 2.82527 97.2996
1.0351 2.82527 97.2996
0.950798 2.82527 97.2996
0.866499 2.82527 97.2996
0.782198 2.82527 97.2996
0.697899 2.90957 97.2996
0.613598 2.90957 97.2996
0.529299 2.90957 97.2996
0.444998 2.90957 97.2996
0.360699 2.90957 97.2996
0.276398 2.90957 97.2996
0.192099 2.90957 97.2996
0.107798 2.90957 97.2996
0.0234985 2.90957 97.2996
-0.0608025 2.90957 97.2996
-0.145102 2.90957 97.2996
-0.229403 2.90957 97.2996
-0.313702 2.90957 97.2996
-0.398003 2.90957 97.2996
-0.482302 2.90957 97.2996
-0.566601 2.90957 97.2996
-0.650902 2.90957 97.2996
-0.735201 2.99387 97.2996
-0.819502 2.99387 97.2996
-0.903801 3.07817 97.2996
-0.903801 3.16247 97.2996
-0.903801 3.24677 97.2996
-0.819502 3.33107 97.2996
-0.735201 3.41537 97.2996
-0.819502 3.41537 97.4996
-0.735201 3.41537 97.4996
-0.650902 3.41537 97.4996
-0.566601 3.41537 97.4996
-0.482302 3.41537 97.4996
-0.398003 3.41537 97.4996
-0.313702 3.33107 97.4996
-0.229403 3.33107 97.4996
-0.145102 3.33107 97.4996
-0.0608025 3.33107 97.4996
0.0234985 3.33107 97.4996
0.107798 3.33107 97.4996
0.192099 3.24677 97.4996
0.276398 3.24677 97.4996
0.360699 3.24677 97.4996
0.444998 3.24677 97.4996
0.529299 3.24677 97.4996
0.613598 3.24677 97.4996
0.697899 3.24677 97.4996
0.782198 3.24677 97.4996
0.866499 3.16247 97.4996
0.950798 3.16247 97.4996
1.0351 3.16247 97.4996
1.1194 3.16247 97.4996
1.2037 3.16247 97.4996
1.288 3.16247 97.4996
1.3723 3.16247 97.4996
1.4566 3.16247 97.4996
1.5409 3.16247 97.4996
1.6252 3.16247 97.4996
1.7095 3.24677 97.4996
1.7938 3.24677 97.4996
1.8781 3.24677 97.4996
1.9624 3.24677 97.4996
2.0467 3.24677 97.4996
2.131 3.24677 97.4996
2.2153 3.24677 97.4996
2.2996 3.24677 97.4996
2.3839 3.24677 97.4996
2.4682 3.24677 97.4996
2.5525 3.16247 97.4996
2.5525 3.07817 97.4996
2.5525 2.99387 97.4996
2.5525 2.90957 97.4996
2.4682 2.82527 97.4996
2.3839 2.82527 97.4996
2.2996 2.74097 97.4996
2.2153 2.74097 97.4996
2.131 2.74097 97.4996
2.0467 2.74097 97.4996
1.9624 2.74097 97.4996
1.8781 2.74097 97.4996
1.7938 2.82527 97.4996
1.7095 2.82527 97.4996
1.6252 2.82527 97.4996
1.5409 2.82527 97.4996
1.4566 2.82527 97.4996
1.3723 2.82527 97.4996
1.288 2.82527 97.4996
1.2037 2.82527 97.4996
1.1194 2.82527 97.4996
1.0351 2.82527 97.4996
0.950798 2.82527 97.4996
0.866499 2.82527 97.4996
0.782198 2.82527 97.4996
0.697899 2.82527 97.4996
0.613598 2.82527 97.4996
0.529299 2.90957 97.4996
0.444998 2.90957 97.4996
0.360699 2.90957 97.4996
0.276398 2.90957 97.4996
0.192099 2.90957 97.4996
0.107798 2.90957 97.4996
0.0234985 2.90957 97.4996
-0.0608025 2.99387 97.4996
-0.145102 2.99387 97.4996
-0.229403 2.99387 97.4996
-0.313702 2.99387 97.4996
-0.398003 2.99387 97.4996
-0.482302 2.99387 97.4996
-0.566601 3.07817 97.4996
-0.650902 3.07817 97.4996
-0.735201 3.07817 97.4996
-0.819502 3.07817 97.4996
-0.903801 3.16247 97.4996
-0.903801 3.24677 97.4996
-0.903801 3.33107 97.4996
-0.819502 3.41537 97.4996
-0.735201 3.33107 97.6996
-0.650902 3.33107 97.6996
-0.566601 3.33107 97.6996
-0.482302 3.33107 97.6996
-0.398003 3.33107 97.6996
-0.313702 3.33107 97.6996
-0.229403 3.33107 97.6996
-0.145102 3.24677 97.6996
-0.0608025 3.24677 97.6996
0.0234985 3.24677 97.6996
0.107798 3.24677 97.6996
0.192099 3.24677 97.6996
0.276398 3.24677 97.6996
0.360699 3.24677 97.6996
0.444998 3.16247 97.6996
0.529299 3.16247 97.6996
0.613598 3.16247 97.6996
0.697899 3.16247 97.6996
0.782198 3.16247 97.6996
0.866499 3.16247 97.6996
0.950798 3.16247 97.6996
1.0351 3.16247 97.6996
1.1194 3.16247 97.6996
1.2037 3.16247 97.6996
1.288 3.16247 97.6996
1.3723 3.16247 97.6996
1.4566 3.16247 97.6996
1.5409 3.16247 97.6996
1.6252 3.16247 97.6996
1.7095 3.16247 97.6996
1.7938 3.16247 97.6996
1.8781 3.16247 97.6996
1.9624 3.16247 97.6996
2.0467 3.16247 97.6996
2.131 3.24677 97.6996
2.2153 3.24677 97.6996
2.2996 3.24677 97.6996
2.3839 3.24677 97.6996
2.4682 3.16247 97.6996
2.4682 3.07817 97.6996
2.4682 2.99387 97.6996
2.4682 2.90957 97.6996
2.4682 2.82527 97.6996
2.3839 2.74097 97.6996
2.2996 2.74097 97.6996
2.2153 2.74097 97.6996
2.131 2.74097 97.6996
2.0467 2.74097 97.6996
1.9624 2.74097 97.6996
1.8781 2.82527 97.6996
1.7938 2.82527 97.6996
1.7095 2.82527 97.6996
1.6252 2.82527 97.6996
1.5409 2.82527 97.6996
1.4566 2.82527 97.6996
1.3723 2.82527 97.6996
1.288 2.82527 97.6996
1.2037 2.82527 97.6996
1.1194 2.82527 97.6996
1.0351 2.82527 97.6996
0.950798 2.82527 97.6996
0.866499 2.82527 97.6996
0.782198 2.82527 97.6996
0.697899 2.82527 97.6996
0.613598 2.82527 97.6996
0.529299 2.82527 97.6996
0.444998 2.82527 97.6996
0.360699 2.82527 97.6996
0.276398 2.82527 97.6996
0.192099 2.82527 97.6996
0.107798 2.90957 97.6996
0.0234985 2.90957 97.6996
-0.0608025 2.90957 97.6996
-0.145102 2.90957 97.6996
-0.229403 2.90957 97.6996
-0.313702 2.90957 97.6996
-0.398003 2.90957 97.6996
-0.482302 2.99387 97.6996
-0.566601 2.99387 97.6996
-0.650902 2.99387 97.6996
-0.735201 2.99387 97.6996
-0.819502 3.07817 97.6996
-0.819502 3.16247 97.6996
-0.819502 3.24677 97.6996
-0.735201 3.33107 97.6996
-0.735201 3.33107 97.8996
-0.650902 3.33107 97.8996
-0.566601 3.33107 97.8996
-0.482302 3.33107 97.8996
-0.398003 3.24677 97.8996
-0.313702 3.24677 97.8996
-0.229403 3.24677 97.8996
-0.145102 3.24677 97.8996
-0.0608025 3.16247 97.8996
0.0234985 3.16247 97.8996
0.107798 3.16247 97.8996
0.192099 3.16247 97.8996
0.276398 3.07817 97.8996
0.360699 3.07817 97.8996
0.444998 3.07817 97.8996
0.529299 3.07817 97.8996
0.613598 3.07817 97.8996
0.697899 3.07817 97.8996
0.782198 3.07817 97.8996
0.866499 3.07817 97.8996
0.950798 3.07817 97.8996
1.0351 3.07817 97.8996
1.1194 3.07817 97.8996
1.2037 3.07817 97.8996
1.288 3.07817 97.8996
1.3723 3.07817 97.8996
1.4566 3.07817 97.8996
1.5409 3.07817 97.8996
1.6252 3.07817 97.8996
1.7095 3.07817 97.8996
1.7938 3.07817 97.8996
1.8781 3.16247 97.8996
1.9624 3.16247 97.8996
2.0467 3.24677 97.8996
2.131 3.33107 97.8996
2.2153 3.33107 97.8996
2.2996 3.33107 97.8996
2.3839 3.33107 97.8996
2.4682 3.24677 97.8996
2.4682 3.16247 97.8996
2.4682 3.07817 97.8996
2.4682 2.99387 97.8996
2.4682 2.90957 97.8996
2.3839 2.82527 97.8996
2.2996 2.74097 97.8996
2.2153 2.74097 97.8996
2.131 2.74097 97.8996
2.0467 2.74097 97.8996
1.9624 2.74097 97.8996
1.8781 2.74097 97.8996
1.7938 2.74097 97.8996
1.7095 2.74097 97.8996
1.6252 2.74097 97.8996
1.5409 2.74097 97.8996
1.4566 2.74097 97.8996
1.3723 2.74097 97.8996
1.288 2.74097 97.8996
1.2037 2.74097 97.8996
1.1194 2.74097 97.8996
1.0351 2.74097 97.8996
0.950798 2.74097 97.8996
0.866499 2.74097 97.8996
0.782198 2.74097 97.8996
0.697899 2.74097 97.8996
0.613598 2.74097 97.8996
0.529299 2.74097 97.8996
0.444998 2.74097 97.8996
0.360699 2.74097 97.8996
0.276398 2.74097 97.8996
0.192099 2.74097 97.8996
0.107798 2.74097 97.8996
0.0234985 2.82527 97.8996
-0.0608025 2.82527 97.8996
-0.145102 2.82527 97.8996
-0.229403 2.82527 97.8996
-0.313702 2.82527 97.8996
-0.398003 2.90957 97.8996
-0.482302 2.90957 97.8996
-0.566601 2.90957 97.8996
-0.650902 2.90957 97.8996
-0.735201 2.99387 97.8996
-0.819502 3.07817 97.8996
-0.819502 3.16247 97.8996
-0.819502 3.24677 97.8996
-0.735201 3.33107 97.8996
-0.819502 3.33107 98.0996
-0.735201 3.33107 98.0996
-0.650902 3.33107 98.0996
-0.566601 3.33107 98.0996
-0.482302 3.24677 98.0996
-0.398003 3.24677 98.0996
-0.313702 3.24677 98.0996
-0.229403 3.16247 98.0996
-0.145102 3.16247 98.0996
-0.0608025 3.16247 98.0996
0.0234985 3.16247 98.0996
0.107798 3.16247 98.0996
0.192099 3.16247 98.0996
0.276398 3.16247 98.0996
0.360699 3.16247 98.0996
0.444998 3.16247 98.0996
0.529299 3.16247 98.0996
0.613598 3.16247 98.0996
0.697899 3.16247 98.0996
0.782198 3.16247 98.0996
0.866499 3.16247 98.0996
0.950798 3.16247 98.0996
1.0351 3.16247 98.0996
1.1194 3.16247 98.0996
1.2037 3.16247 98.0996
1.288 3.16247 98.0996
1.3723 3.16247 98.0996
1.4566 3.16247 98.0996
1.5409 3.16247 98.0996
1.6252 3.16247 98.0996
1.7095 3.16247 98.0996
1.7938 3.16247 98.0996
1.8781 3.16247 98.0996
1.9624 3.16247 98.0996
2.0467 3.16247 98.0996
2.131 3.24677 98.0996
2.2153 3.24677 98.0996
2.2996 3.24677 98.0996
2.3839 3.16247 98.0996
2.3839 3.07817 98.0996
2.3839 2.99387 98.0996
2.3839 2.90957 98.0996
2.2996 2.82527 98.0996
2.2153 2.82527 98.0996
2.131 2.74097 98.0996
2.0467 2.74097 98.0996
1.9624 2.74097 98.0996
1.8781 2.65667 98.0996
1.7938 2.65667 98.0996
1.7095 2.65667 98.0996
1.6252 2.65667 98.0996
1.5409 2.65667 98.0996
1.4566 2.57237 98.0996
1.3723 2.57237 98.0996
1.288 2.57237 98.0996
1.2037 2.57237 98.0996
1.1194 2.57237 98.0996
1.0351 2.57237 98.0996
0.950798 2.57237 98.0996
0.866499 2.57237 98.0996
0.782198 2.57237 98.0996
0.697899 2.57237 98.0996
0.613598 2.65667 98.0996
0.529299 2.65667 98.0996
0.444998 2.65667 98.0996
0.360699 2.65667 98.0996
0.276398 2.65667 98.0996
0.192099 2.65667 98.0996
0.107798 2.65667 98.0996
0.0234985 2.65667 98.0996
-0.0608025 2.65667 98.0996
-0.145102 2.74097 98.0996
-0.229403 2.74097 98.0996
-0.313702 2.74097 98.0996
-0.398003 2.82527 98.0996
-0.482302 2.82527 98.0996
-0.566601 2.90957 98.0996
-0.650902 2.90957 98.0996
-0.735201 2.99387 98.0996
-0.819502 2.99387 98.0996
-0.903801 3.07817 98.0996
-0.903801 3.16247 98.0996
-0.903801 3.24677 98.0996
-0.819502 3.33107 98.0996
-0.650902 3.41537 98.2996
-0.566601 3.41537 98.2996
-0.482302 3.41537 98.2996
-0.398003 3.33107 98.2996
-0.398003 3.24677 98.2996
-0.313702 3.16247 98.2996
-0.229403 3.16247 98.2996
-0.145102 3.16247 98.2996
-0.0608025 3.16247 98.2996
0.0234985 3.16247 98.2996
0.107798 3.16247 98.2996
0.192099 3.07817 98.2996
0.276398 3.07817 98.2996
0.360699 3.07817 98.2996
0.444998 3.07817 98.2996
0.529299 2.99387 98.2996
0.613598 2.99387 98.2996
0.697899 2.99387 98.2996
0.782198 2.99387 98.2996
0.866499 2.99387 98.2996
0.950798 2.99387 98.2996
1.0351 2.99387 98.2996
1.1194 3.07817 98.2996
1.2037 3.07817 98.2996
1.288 3.07817 98.2996
1.3723 3.07817 98.2996
1.4566 3.07817 98.2996
1.5409 3.07817 98.2996
1.6252 3.07817 98.2996
1.7095 3.07817 98.2996
1.7938 3.07817 98.2996
1.8781 3.16247 98.2996
1.9624 3.16247 98.2996
2.0467 3.24677 98.2996
2.131 3.24677 98.2996
2.2153 3.24677 98.2996
2.2996 3.24677 98.2996
2.3839 3.16247 98.2996
2.3839 3.07817 98.2996
2.3839 2.99387 98.2996
2.2996 2.90957 98.2996
2.2153 2.82527 98.2996
2.131 2.82527 98.2996
2.0467 2.82527 98.2996
1.9624 2.74097 98.2996
1.8781 2.74097 98.2996
1.7938 2.74097 98.2996
1.7095 2.74097 98.2996
1.6252 2.74097 98.2996
1.5409 2.74097 98.2996
1.4566 2.74097 98.2996
1.3723 2.74097 98.2996
1.288 2.65667 98.2996
1.2037 2.65667 98.2996
1.1194 2.65667 98.2996
1.0351 2.65667 98.2996
0.950798 2.65667 98.2996
0.866499 2.65667 98.2996
0.782198 2.65667 98.2996
0.697899 2.65667 98.2996
0.613598 2.65667 98.2996
0.529299 2.65667 98.2996
0.444998 2.65667 98.2996
0.360699 2.65667 98.2996
0.276398 2.65667 98.2996
0.192099 2.74097 98.2996
0.107798 2.74097 98.2996
0.0234985 2.74097 98.2996
-0.0608025 2.74097 98.2996
-0.145102 2.82527 98.2996
-0.229403 2.82527 98.2996
-0.313702 2.82527 98.2996
-0.398003 2.82527 98.2996
-0.482302 2.82527 98.2996
-0.566601 2.82527 98.2996
-0.650902 2.90957 98.2996
-0.735201 2.99387 98.2996
-0.735201 3.07817 98.2996
-0.735201 3.16247 98.2996
-0.735201 3.24677 98.2996
-0.735201 3.33107 98.2996
-0.650902 3.41537 98.2996
-0.650902 3.33107 98.4996
-0.566601 3.33107 98.4996
-0.482302 3.33107 98.4996
-0.398003 3.33107 98.4996
-0.313702 3.24677 98.4996
-0.229403 3.24677 98.4996
-0.145102 3.24677 98.4996
-0.0608025 3.16247 98.4996
0.0234985 3.16247 98.4996
0.107798 3.16247 98.4996
0.192099 3.16247 98.4996
0.276398 3.16247 98.4996
0.360699 3.16247 98.4996
0.444998 3.16247 98.4996
0.529299 3.16247 98.4996
0.613598 3.07817 98.4996
0.697899 3.07817 98.4996
0.782198 3.07817 98.4996
0.866499 3.07817 98.4996
0.950798 3.07817 98.4996
1.0351 3.07817 98.4996
1.1194 3.16247 98.4996
1.2037 3.16247 98.4996
1.288 3.16247 98.4996
1.3723 3.16247 98.4996
1.4566 3.16247 98.4996
1.5409 3.16247 98.4996
1.6252 3.16247 98.4996
1.7095 3.16247 98.4996
1.7938 3.16247 98.4996
1.8781 3.24677 98.4996
1.9624 3.24677 98.4996
2.0467 3.33107 98.4996
2.131 3.33107 98.4996
2.2153 3.33107 98.4996
2.2996 3.24677 98.4996
2.2996 3.16247 98.4996
2.2996 3.07817 98.4996
2.2996 2.99387 98.4996
2.2153 2.90957 98.4996
2.131 2.90957 98.4996
2.0467 2.90957 98.4996
1.9624 2.82527 98.4996
1.8781 2.82527 98.4996
1.7938 2.82527 98.4996
1.7095 2.82527 98.4996
1.6252 2.82527 98.4996
1.5409 2.82527 98.4996
1.4566 2.82527 98.4996
1.3723 2.82527 98.4996
1.288 2.74097 98.4996
1.2037 2.74097 98.4996
1.1194 2.74097 98.4996
1.0351 2.74097 98.4996
0.950798 2.74097 98.4996
0.866499 2.74097 98.4996
0.782198 2.74097 98.4996
0.697899 2.74097 98.4996
0.613598 2.74097 98.4996
0.529299 2.74097 98.4996
0.444998 2.74097 98.4996
0.360699 2.74097 98.4996
0.276398 2.82527 98.4996
0.192099 2.82527 98.4996
0.107798 2.82527 98.4996
0.0234985 2.82527 98.4996
-0.0608025 2.82527 98.4996
-0.145102 2.82527 98.4996
-0.229403 2.82527 98.4996
-0.313702 2.82527 98.4996
-0.398003 2.90957 98.4996
-0.482302 2.90957 98.4996
-0.566601 2.90957 98.4996
-0.650902 2.99387 98.4996
-0.735201 3.07817 98.4996
-0.735201 3.16247 98.4996
-0.735201 3.24677 98.4996
-0.650902 3.33107 98.4996
-0.650902 3.33107 98.6996
-0.566601 3.33107 98.6996
-0.482302 3.33107 98.6996
-0.398003 3.33107 98.6996
-0.313702 3.33107 98.6996
-0.229403 3.24677 98.6996
-0.145102 3.24677 98.6996
-0.0608025 3.16247 98.6996
0.0234985 3.16247 98.6996
0.107798 3.16247 98.6996
0.192099 3.16247 98.6996
0.276398 3.16247 98.6996
0.360699 3.16247 98.6996
0.444998 3.16247 98.6996
0.529299 3.16247 98.6996
0.613598 3.16247 98.6996
0.697899 3.16247 98.6996
0.782198 3.16247 98.6996
0.866499 3.16247 98.6996
0.950798 3.16247 98.6996
1.0351 3.16247 98.6996
1.1194 3.16247 98.6996
1.2037 3.16247 98.6996
1.288 3.16247 98.6996
1.3723 3.16247 98.6996
1.4566 3.16247 98.6996
1.5409 3.16247 98.6996
1.6252 3.24677 98.6996
1.7095 3.24677 98.6996
1.7938 3.24677 98.6996
1.8781 3.33107 98.6996
1.9624 3.33107 98.6996
2.0467 3.33107 98.6996
2.131 3.33107 98.6996
2.2153 3.24677 98.6996
2.2153 3.16247 98.6996
2.2153 3.07817 98.6996
2.2153 2.99387 98.6996
2.131 2.90957 98.6996
2.0467 2.82527 98.6996
1.9624 2.82527 98.6996
1.8781 2.82527 98.6996
1.7938 2.82527 98.6996
1.7095 2.82527 98.6996
1.6252 2.82527 98.6996
1.5409 2.82527 98.6996
1.4566 2.82527 98.6996
1.3723 2.82527 98.6996
1.288 2.82527 98.6996
1.2037 2.82527 98.6996
1.1194 2.82527 98.6996
1.0351 2.82527 98.6996
0.950798 2.82527 98.6996
0.866499 2.82527 98.6996
0.782198 2.82527 98.6996
0.697899 2.82527 98.6996
0.613598 2.82527 98.6996
0.529299 2.82527 98.6996
0.444998 2.82527 98.6996
0.360699 2.82527 98.6996
0.276398 2.82527 98.6996
0.192099 2.82527 98.6996
0.107798 2.82527 98.6996
0.0234985 2.82527 98.6996
-0.0608025 2.82527 98.6996
-0.145102 2.82527 98.6996
-0.229403 2.82527 98.6996
-0.313702 2.82527 98.6996
-0.398003 2.90957 98.6996
-0.482302 2.90957 98.6996
-0.566601 2.99387 98.6996
-0.650902 2.99387 98.6996
-0.735201 3.07817 98.6996
-0.735201 3.16247 98.6996
-0.735201 3.24677 98.6996
-0.650902 3.33107 98.6996
-0.650902 3.49967 98.8996
-0.566601 3.49967 98.8996
-0.482302 3.49967 98.8996
-0.398003 3.41537 98.8996
-0.313702 3.41537 98.8996
-0.229403 3.41537 98.8996
-0.145102 3.33107 98.8996
-0.0608025 3.33107 98.8996
0.0234985 3.24677 98.8996
0.107798 3.24677 98.8996
0.192099 3.16247 98.8996
0.276398 3.16247 98.8996
0.360699 3.16247 98.8996
0.444998 3.16247 98.8996
0.529299 3.16247 98.8996
0.613598 3.16247 98.8996
0.697899 3.16247 98.8996
0.782198 3.16247 98.8996
0.866499 3.16247 98.8996
0.950798 3.16247 98.8996
1.0351 3.16247 98.8996
1.1194 3.16247 98.8996
1.2037 3.16247 98.8996
1.288 3.16247 98.8996
1.3723 3.16247 98.8996
1.4566 3.16247 98.8996
1.5409 3.24677 98.8996
1.6252 3.24677 98.8996
1.7095 3.24677 98.8996
1.7938 3.33107 98.8996
1.8781 3.33107 98.8996
1.9624 3.33107 98.8996
2.0467 3.33107 98.8996
2.131 3.33107 98.8996
2.2153 3.24677 98.8996
2.2153 3.16247 98.8996
2.2153 3.07817 98.8996
2.2153 2.99387 98.8996
2.131 2.90957 98.8996
2.0467 2.82527 98.8996
1.9624 2.82527 98.8996
1.8781 2.82527 98.8996
1.7938 2.82527 98.8996
1.7095 2.82527 98.8996
1.6252 2.82527 98.8996
1.5409 2.82527 98.8996
1.4566 2.82527 98.8996
1.3723 2.82527 98.8996
1.288 2.82527 98.8996
1.2037 2.82527 98.8996
1.1194 2.82527 98.8996
1.0351 2.82527 98.8996
0.950798 2.74097 98.8996
0.866499 2.74097 98.8996
0.782198 2.74097 98.8996
0.697899 2.74097 98.8996
0.613598 2.74097 98.8996
0.529299 2.74097 98.8996
0.444998 2.74097 98.8996
0.360699 2.74097 98.8996
0.276398 2.82527 98.8996
0.192099 2.82527 98.8996
0.107798 2.82527 98.8996
0.0234985 2.82527 98.8996
-0.0608025 2.82527 98.8996
-0.145102 2.90957 98.8996
-0.229403 2.90957 98.8996
-0.313702 2.90957 98.8996
-0.398003 2.90957 98.8996
-0.482302 2.90957 98.8996
-0.566601 2.99387 98.8996
-0.650902 2.99387 98.8996
-0.735201 3.07817 98.8996
-0.735201 3.16247 98.8996
-0.735201 3.24677 98.8996
-0.735201 3.33107 98.8996
-0.735201 3.41537 98.8996
-0.650902 3.49967 98.8996
-0.650902 3.58397 99.0996
-0.566601 3.58397 99.0996
-0.482302 3.58397 99.0996
-0.398003 3.58397 99.0996
-0.313702 3.49967 99.0996
-0.229403 3.41537 99.0996
-0.145102 3.41537 99.0996
-0.0608025 3.33107 99.0996
0.0234985 3.24677 99.0996
0.107798 3.16247 99.0996
0.192099 3.16247 99.0996
0.276398 3.16247 99.0996
0.360699 3.16247 99.0996
0.444998 3.16247 99.0996
0.529299 3.16247 99.0996
0.613598 3.16247 99.0996
0.697899 3.16247 99.0996
0.782198 3.16247 99.0996
0.866499 3.16247 99.0996
0.950798 3.16247 99.0996
1.0351 3.16247 99.0996
1.1194 3.16247 99.0996
1.2037 3.16247 99.0996
1.288 3.16247 99.0996
1.3723 3.16247 99.0996
1.4566 3.16247 99.0996
1.5409 3.16247 99.0996
1.6252 3.24677 99.0996
1.7095 3.24677 99.0996
1.7938 3.24677 99.0996
1.8781 3.33107 99.0996
1.9624 3.33107 99.0996
2.0467 3.33107 99.0996
2.131 3.24677 99.0996
2.2153 3.16247 99.0996
2.2153 3.07817 99.0996
2.2153 2.99387 99.0996
2.131 2.90957 99.0996
2.0467 2.90957 99.0996
1.9624 2.82527 99.0996
1.8781 2.82527 99.0996
1.7938 2.82527 99.0996
1.7095 2.82527 99.0996
1.6252 2.82527 99.0996
1.5409 2.82527 99.0996
1.4566 2.82527 99.0996
1.3723 2.74097 99.0996
1.288 2.74097 99.0996
1.2037 2.74097 99.0996
1.1194 2.74097 99.0996
1.0351 2.74097 99.0996
0.950798 2.74097 99.0996
0.866499 2.74097 99.0996
0.782198 2.74097 99.0996
0.697899 2.74097 99.0996
0.613598 2.74097 99.0996
0.529299 2.74097 99.0996
0.444998 2.74097 99.0996
0.360699 2.74097 99.0996
0.276398 2.74097 99.0996
0.192099 2.82527 99.0996
0.107798 2.82527 99.0996
0.0234985 2.82527 99.0996
-0.0608025 2.82527 99.0996
-0.145102 2.82527 99.0996
-0.229403 2.90957 99.0996
-0.313702 2.90957 99.0996
-0.398003 2.90957 99.0996
-0.482302 2.90957 99.0996
-0.566601 2.90957 99.0996
-0.650902 2.99387 99.0996
-0.735201 2.99387 99.0996
-0.819502 3.07817 99.0996
-0.819502 3.16247 99.0996
-0.819502 3.24677 99.0996
-0.819502 3.33107 99.0996
-0.735201 3.41537 99.0996
-0.735201 3.49967 99.0996
-0.650902 3.58397 99.0996
-0.566601 3.58397 99.2996
-0.482302 3.58397 99.2996
-0.398003 3.58397 99.2996
-0.313702 3.49967 99.2996
-0.229403 3.41537 99.2996
-0.145102 3.33107 99.2996
-0.0608025 3.33107 99.2996
0.0234985 3.24677 99.2996
0.107798 3.24677 99.2996
0.192099 3.24677 99.2996
0.276398 3.16247 99.2996
0.360699 3.16247 99.2996
0.444998 3.16247 99.2996
0.529299 3.16247 99.2996
0.613598 3.16247 99.2996
0.697899 3.16247 99.2996
0.782198 3.16247 99.2996
0.866499 3.16247 99.2996
0.950798 3.16247 99.2996
1.0351 3.16247 99.2996
1.1194 3.16247 99.2996
1.2037 3.16247 99.2996
1.288 3.16247 99.2996
1.3723 3.16247 99.2996
1.4566 3.16247 99.2996
1.5409 3.16247 99.2996
1.6252 3.24677 99.2996
1.7095 3.24677 99.2996
1.7938 3.24677 99.2996
1.8781 3.33107 99.2996
1.9624 3.33107 99.2996
2.0467 3.33107 99.2996
2.131 3.33107 99.2996
2.2153 3.24677 99.2996
2.2153 3.16247 99.2996
2.2153 3.07817 99.2996
2.131 2.99387 99.2996
2.0467 2.90957 99.2996
1.9624 2.90957 99.2996
1.8781 2.82527 99.2996
1.7938 2.82527 99.2996
1.7095 2.74097 99.2996
1.6252 2.74097 99.2996
1.5409 2.74097 99.2996
1.4566 2.74097 99.2996
1.3723 2.74097 99.2996
1.288 2.74097 99.2996
1.2037 2.74097 99.2996
1.1194 2.65667 99.2996
1.0351 2.65667 99.2996
0.950798 2.65667 99.2996
0.866499 2.65667 99.2996
0.782198 2.65667 99.2996
0.697899 2.65667 99.2996
0.613598 2.65667 99.2996
0.529299 2.65667 99.2996
0.444998 2.65667 99.2996
0.360699 2.65667 99.2996
0.276398 2.65667 99.2996
0.192099 2.65667 99.2996
0.107798 2.74097 99.2996
0.0234985 2.74097 99.2996
-0.0608025 2.74097 99.2996
-0.145102 2.74097 99.2996
-0.229403 2.82527 99.2996
-0.313702 2.90957 99.2996
-0.398003 2.90957 99.2996
-0.482302 2.99387 99.2996
-0.566601 3.07817 99.2996
-0.650902 3.16247 99.2996
-0.735201 3.24677 99.2996
-0.735201 3.33107 99.2996
-0.735201 3.41537 99.2996
-0.650902 3.49967 99.2996
-0.566601 3.58397 99.2996
-0.566601 3.66827 99.4996
-0.482302 3.66827 99.4996
-0.398003 3.66827 99.4996
-0.313702 3.58397 99.4996
-0.229403 3.49967 99.4996
-0.145102 3.41537 99.4996
-0.0608025 3.33107 99.4996
0.0234985 3.33107 99.4996
0.107798 3.24677 99.4996
0.192099 3.24677 99.4996
0.276398 3.24677 99.4996
0.360699 3.16247 99.4996
0.444998 3.16247 99.4996
0.529299 3.16247 99.4996
0.613598 3.16247 99.4996
0.697899 3.16247 99.4996
0.782198 3.16247 99.4996
0.866499 3.16247 99.4996
0.950798 3.16247 99.4996
1.0351 3.16247 99.4996
1.1194 3.16247 99.4996
1.2037 3.16247 99.4996
1.288 3.16247 99.4996
1.3723 3.16247 99.4996
1.4566 3.16247 99.4996
1.5409 3.16247 99.4996
1.6252 3.16247 99.4996
1.7095 3.16247 99.4996
1.7938 3.24677 99.4996
1.8781 3.24677 99.4996
1.9624 3.33107 99.4996
2.0467 3.33107 99.4996
2.131 3.33107 99.4996
2.2153 3.24677 99.4996
2.2153 3.16247 99.4996
2.2153 3.07817 99.4996
2.2153 2.99387 99.4996
2.131 2.90957 99.4996
2.0467 2.82527 99.4996
1.9624 2.82527 99.4996
1.8781 2.82527 99.4996
1.7938 2.82527 99.4996
1.7095 2.74097 99.4996
1.6252 2.74097 99.4996
1.5409 2.74097 99.4996
1.4566 2.65667 99.4996
1.3723 2.65667 99.4996
1.288 2.65667 99.4996
1.2037 2.65667 99.4996
1.1194 2.65667 99.4996
1.0351 2.65667 99.4996
0.950798 2.65667 99.4996
0.866499 2.65667 99.4996
0.782198 2.65667 99.4996
0.697899 2.65667 99.4996
0.613598 2.65667 99.4996
0.529299 2.65667 99.4996
0.444998 2.65667 99.4996
0.360699 2.74097 99.4996
0.276398 2.74097 99.4996
0.192099 2.74097 99.4996
0.107798 2.82527 99.4996
0.0234985 2.82527 99.4996
-0.0608025 2.82527 99.4996
-0.145102 2.90957 99.4996
-0.229403 2.99387 99.4996
-0.313702 2.99387 99.4996
-0.398003 3.07817 99.4996
-0.482302 3.16247 99.4996
-0.566601 3.24677 99.4996
-0.650902 3.33107 99.4996
-0.650902 3.41537 99.4996
-0.650902 3.49967 99.4996
-0.650902 3.58397 99.4996
-0.566601 3.66827 99.4996
