# Output from PinnacleROI.cpp
# First line is number of curves
# Second line is space-separated number of points in each curve
# Remainder are the points themselves
20
36 56 60 61 63 68 78 84 81 98 102 103 99 95 93 91 85 79 57 50 
5.3344 2.40377 89.8997
5.4187 2.40377 89.8997
5.503 2.40377 89.8997
5.5873 2.40377 89.8997
5.6716 2.40377 89.8997
5.7559 2.40377 89.8997
5.7559 2.31947 89.8997
5.7559 2.23517 89.8997
5.7559 2.15087 89.8997
5.8402 2.06657 89.8997
5.8402 1.98227 89.8997
5.8402 1.89797 89.8997
5.9245 1.81367 89.8997
5.9245 1.72937 89.8997
5.9245 1.64507 89.8997
5.9245 1.56077 89.8997
5.9245 1.47647 89.8997
5.9245 1.39217 89.8997
5.9245 1.30787 89.8997
5.9245 1.22357 89.8997
5.8402 1.13927 89.8997
5.7559 1.22357 89.8997
5.6716 1.30787 89.8997
5.5873 1.39217 89.8997
5.503 1.47647 89.8997
5.503 1.56077 89.8997
5.4187 1.64507 89.8997
5.4187 1.72937 89.8997
5.3344 1.81367 89.8997
5.2501 1.89797 89.8997
5.2501 1.98227 89.8997
5.2501 2.06657 89.8997
5.2501 2.15087 89.8997
5.2501 2.23517 89.8997
5.2501 2.31947 89.8997
5.3344 2.40377 89.8997
5.2501 2.90957 90.0997
5.3344 2.90957 90.0997
5.4187 2.90957 90.0997
5.503 2.90957 90.0997
5.5873 2.90957 90.0997
5.6716 2.82527 90.0997
5.6716 2.74097 90.0997
5.6716 2.65667 90.0997
5.6716 2.57237 90.0997
5.6716 2.48807 90.0997
5.7559 2.40377 90.0997
5.7559 2.31947 90.0997
5.7559 2.23517 90.0997
5.7559 2.15087 90.0997
5.8402 2.06657 90.0997
5.8402 1.98227 90.0997
5.9245 1.89797 90.0997
5.9245 1.81367 90.0997
5.9245 1.72937 90.0997
6.0088 1.64507 90.0997
6.0088 1.56077 90.0997
6.0088 1.47647 90.0997
6.0088 1.39217 90.0997
6.0088 1.30787 90.0997
5.9245 1.22357 90.0997
5.9245 1.13927 90.0997
5.8402 1.05497 90.0997
5.8402 0.970671 90.0997
5.7559 0.886372 90.0997
5.6716 0.886372 90.0997
5.5873 0.802071 90.0997
5.503 0.886372 90.0997
5.503 0.970671 90.0997
5.4187 1.05497 90.0997
5.4187 1.13927 90.0997
5.4187 1.22357 90.0997
5.3344 1.30787 90.0997
5.3344 1.39217 90.0997
5.3344 1.47647 90.0997
5.3344 1.56077 90.0997
5.2501 1.64507 90.0997
5.2501 1.72937 90.0997
5.2501 1.81367 90.0997
5.2501 1.89797 90.0997
5.1658 1.98227 90.0997
5.1658 2.06657 90.0997
5.1658 2.15087 90.0997
5.1658 2.23517 90.0997
5.0815 2.31947 90.0997
5.0815 2.40377 90.0997
5.0815 2.48807 90.0997
5.0815 2.57237 90.0997
5.0815 2.65667 90.0997
5.0815 2.74097 90.0997
5.1658 2.82527 90.0997
5.2501 2.90957 90.0997
5.1658 3.07817 90.2997
5.2501 3.07817 90.2997
5.3344 3.07817 90.2997
5.4187 3.07817 90.2997
5.503 2.99387 90.2997
5.5873 2.90957 90.2997
5.6716 2.82527 90.2997
5.6716 2.74097 90.2997
5.6716 2.65667 90.2997
5.6716 2.57237 90.2997
5.6716 2.48807 90.2997
5.6716 2.40377 90.2997
5.6716 2.31947 90.2997
5.7559 2.23517 90.2997
5.7559 2.15087 90.2997
5.8402 2.06657 90.2997
5.8402 1.98227 90.2997
5.9245 1.89797 90.2997
5.9245 1.81367 90.2997
5.9245 1.72937 90.2997
6.0088 1.64507 90.2997
6.0088 1.56077 90.2997
6.0088 1.47647 90.2997
6.0088 1.39217 90.2997
6.0088 1.30787 90.2997
6.0088 1.22357 90.2997
6.0088 1.13927 90.2997
5.9245 1.05497 90.2997
5.9245 0.970671 90.2997
5.8402 0.886372 90.2997
5.7559 0.802071 90.2997
5.6716 0.802071 90.2997
5.5873 0.802071 90.2997
5.5873 0.886372 90.2997
5.503 0.970671 90.2997
5.503 1.05497 90.2997
5.503 1.13927 90.2997
5.4187 1.22357 90.2997
5.4187 1.30787 90.2997
5.3344 1.39217 90.2997
5.3344 1.47647 90.2997
5.3344 1.56077 90.2997
5.2501 1.64507 90.2997
5.2501 1.72937 90.2997
5.2501 1.81367 90.2997
5.1658 1.89797 90.2997
5.1658 1.98227 90.2997
5.0815 2.06657 90.2997
5.0815 2.15087 90.2997
5.0815 2.23517 90.2997
5.0815 2.31947 90.2997
5.0815 2.40377 90.2997
5.0815 2.48807 90.2997
5.0815 2.57237 90.2997
5.0815 2.65667 90.2997
5.0815 2.74097 90.2997
5.0815 2.82527 90.2997
5.0815 2.90957 90.2997
5.0815 2.99387 90.2997
5.1658 3.07817 90.2997
5.0815 3.07817 90.4997
5.1658 3.07817 90.4997
5.2501 3.07817 90.4997
5.3344 3.07817 90.4997
5.4187 3.07817 90.4997
5.503 2.99387 90.4997
5.5873 2.90957 90.4997
5.5873 2.82527 90.4997
5.5873 2.74097 90.4997
5.5873 2.65667 90.4997
5.5873 2.57237 90.4997
5.6716 2.48807 90.4997
5.6716 2.40377 90.4997
5.6716 2.31947 90.4997
5.7559 2.23517 90.4997
5.7559 2.15087 90.4997
5.8402 2.06657 90.4997
5.8402 1.98227 90.4997
5.9245 1.89797 90.4997
5.9245 1.81367 90.4997
5.9245 1.72937 90.4997
6.0088 1.64507 90.4997
6.0088 1.56077 90.4997
6.0088 1.47647 90.4997
6.0088 1.39217 90.4997
6.0088 1.30787 90.4997
6.0088 1.22357 90.4997
6.0088 1.13927 90.4997
6.0088 1.05497 90.4997
5.9245 0.970671 90.4997
5.9245 0.886372 90.4997
5.8402 0.802071 90.4997
5.7559 0.717772 90.4997
5.6716 0.802071 90.4997
5.6716 0.886372 90.4997
5.5873 0.970671 90.4997
5.5873 1.05497 90.4997
5.5873 1.13927 90.4997
5.503 1.22357 90.4997
5.503 1.30787 90.4997
5.4187 1.39217 90.4997
5.4187 1.47647 90.4997
5.3344 1.56077 90.4997
5.3344 1.64507 90.4997
5.2501 1.72937 90.4997
5.2501 1.81367 90.4997
5.1658 1.89797 90.4997
5.1658 1.98227 90.4997
5.0815 2.06657 90.4997
5.0815 2.15087 90.4997
4.9972 2.23517 90.4997
4.9972 2.31947 90.4997
4.9972 2.40377 90.4997
4.9972 2.48807 90.4997
4.9972 2.57237 90.4997
4.9972 2.65667 90.4997
4.9972 2.74097 90.4997
4.9972 2.82527 90.4997
4.9972 2.90957 90.4997
4.9972 2.99387 90.4997
5.0815 3.07817 90.4997
5.1658 3.16247 90.6997
5.2501 3.16247 90.6997
5.3344 3.16247 90.6997
5.4187 3.16247 90.6997
5.503 3.16247 90.6997
5.503 3.07817 90.6997
5.5873 2.99387 90.6997
5.5873 2.90957 90.6997
5.5873 2.82527 90.6997
5.5873 2.74097 90.6997
5.5873 2.65667 90.6997
5.5873 2.57237 90.6997
5.6716 2.48807 90.6997
5.6716 2.40377 90.6997
5.6716 2.31947 90.6997
5.6716 2.23517 90.6997
5.6716 2.15087 90.6997
5.7559 2.06657 90.6997
5.8402 1.98227 90.6997
5.8402 1.89797 90.6997
5.9245 1.81367 90.6997
5.9245 1.72937 90.6997
6.0088 1.64507 90.6997
6.0088 1.56077 90.6997
6.0088 1.47647 90.6997
6.0088 1.39217 90.6997
6.0088 1.30787 90.6997
6.0088 1.22357 90.6997
6.0088 1.13927 90.6997
6.0088 1.05497 90.6997
5.9245 0.970671 90.6997
5.9245 0.886372 90.6997
5.8402 0.802071 90.6997
5.7559 0.717772 90.6997
5.6716 0.802071 90.6997
5.6716 0.886372 90.6997
5.5873 0.970671 90.6997
5.5873 1.05497 90.6997
5.5873 1.13927 90.6997
5.503 1.22357 90.6997
5.503 1.30787 90.6997
5.4187 1.39217 90.6997
5.4187 1.47647 90.6997
5.4187 1.56077 90.6997
5.4187 1.64507 90.6997
5.4187 1.72937 90.6997
5.3344 1.81367 90.6997
5.3344 1.89797 90.6997
5.3344 1.98227 90.6997
5.3344 2.06657 90.6997
5.2501 2.15087 90.6997
5.2501 2.23517 90.6997
5.2501 2.31947 90.6997
5.2501 2.40377 90.6997
5.1658 2.48807 90.6997
5.1658 2.57237 90.6997
5.0815 2.65667 90.6997
5.0815 2.74097 90.6997
5.0815 2.82527 90.6997
5.0815 2.90957 90.6997
5.0815 2.99387 90.6997
5.0815 3.07817 90.6997
5.1658 3.16247 90.6997
4.9972 3.16247 90.8997
5.0815 3.16247 90.8997
5.1658 3.16247 90.8997
5.2501 3.16247 90.8997
5.3344 3.16247 90.8997
5.4187 3.16247 90.8997
5.503 3.16247 90.8997
5.503 3.07817 90.8997
5.5873 2.99387 90.8997
5.5873 2.90957 90.8997
5.5873 2.82527 90.8997
5.5873 2.74097 90.8997
5.5873 2.65667 90.8997
5.5873 2.57237 90.8997
5.6716 2.48807 90.8997
5.6716 2.40377 90.8997
5.6716 2.31947 90.8997
5.7559 2.23517 90.8997
5.8402 2.15087 90.8997
5.8402 2.06657 90.8997
5.9245 1.98227 90.8997
5.9245 1.89797 90.8997
6.0088 1.81367 90.8997
6.0931 1.72937 90.8997
6.0931 1.64507 90.8997
6.0931 1.56077 90.8997
6.0931 1.47647 90.8997
6.0931 1.39217 90.8997
6.0931 1.30787 90.8997
6.0931 1.22357 90.8997
6.0931 1.13927 90.8997
6.0931 1.05497 90.8997
6.0931 0.970671 90.8997
6.0088 0.886372 90.8997
5.9245 0.802071 90.8997
5.8402 0.717772 90.8997
5.7559 0.633471 90.8997
5.7559 0.717772 90.8997
5.7559 0.802071 90.8997
5.7559 0.886372 90.8997
5.6716 0.970671 90.8997
5.6716 1.05497 90.8997
5.6716 1.13927 90.8997
5.5873 1.22357 90.8997
5.5873 1.30787 90.8997
5.503 1.39217 90.8997
5.503 1.47647 90.8997
5.4187 1.56077 90.8997
5.4187 1.64507 90.8997
5.4187 1.72937 90.8997
5.3344 1.81367 90.8997
5.3344 1.89797 90.8997
5.2501 1.98227 90.8997
5.1658 1.98227 90.8997
5.0815 2.06657 90.8997
4.9972 2.15087 90.8997
4.9129 2.23517 90.8997
4.8286 2.31947 90.8997
4.8286 2.40377 90.8997
4.8286 2.48807 90.8997
4.8286 2.57237 90.8997
4.8286 2.65667 90.8997
4.8286 2.74097 90.8997
4.8286 2.82527 90.8997
4.8286 2.90957 90.8997
4.8286 2.99387 90.8997
4.9129 3.07817 90.8997
4.9972 3.16247 90.8997
5.2501 3.33107 91.0997
5.3344 3.33107 91.0997
5.4187 3.33107 91.0997
5.503 3.33107 91.0997
5.5873 3.24677 91.0997
5.6716 3.24677 91.0997
5.6716 3.16247 91.0997
5.5873 3.07817 91.0997
5.5873 2.99387 91.0997
5.5873 2.90957 91.0997
5.5873 2.82527 91.0997
5.5873 2.74097 91.0997
5.5873 2.65667 91.0997
5.5873 2.57237 91.0997
5.6716 2.48807 91.0997
5.6716 2.40377 91.0997
5.7559 2.31947 91.0997
5.8402 2.23517 91.0997
5.9245 2.15087 91.0997
5.9245 2.06657 91.0997
6.0088 1.98227 91.0997
6.0931 1.89797 91.0997
6.0931 1.81367 91.0997
6.1774 1.72937 91.0997
6.1774 1.64507 91.0997
6.1774 1.56077 91.0997
6.1774 1.47647 91.0997
6.1774 1.39217 91.0997
6.1774 1.30787 91.0997
6.1774 1.22357 91.0997
6.1774 1.13927 91.0997
6.2617 1.05497 91.0997
6.2617 0.970671 91.0997
6.2617 0.886372 91.0997
6.2617 0.802071 91.0997
6.2617 0.717772 91.0997
6.1774 0.633471 91.0997
6.0931 0.549171 91.0997
6.0088 0.46487 91.0997
5.9245 0.380571 91.0997
5.8402 0.380571 91.0997
5.7559 0.46487 91.0997
5.7559 0.549171 91.0997
5.7559 0.633471 91.0997
5.7559 0.717772 91.0997
5.7559 0.802071 91.0997
5.7559 0.886372 91.0997
5.6716 0.970671 91.0997
5.6716 1.05497 91.0997
5.6716 1.13927 91.0997
5.5873 1.22357 91.0997
5.5873 1.30787 91.0997
5.503 1.39217 91.0997
5.503 1.47647 91.0997
5.4187 1.56077 91.0997
5.4187 1.64507 91.0997
5.4187 1.72937 91.0997
5.3344 1.81367 91.0997
5.3344 1.89797 91.0997
5.2501 1.98227 91.0997
5.1658 1.98227 91.0997
5.1658 2.06657 91.0997
5.0815 2.15087 91.0997
5.0815 2.23517 91.0997
4.9972 2.31947 91.0997
4.9972 2.40377 91.0997
4.9129 2.48807 91.0997
4.9129 2.57237 91.0997
4.9129 2.65667 91.0997
4.9129 2.74097 91.0997
4.9129 2.82527 91.0997
4.9129 2.90957 91.0997
4.9129 2.99387 91.0997
4.9129 3.07817 91.0997
4.9972 3.16247 91.0997
5.0815 3.16247 91.0997
5.1658 3.24677 91.0997
5.2501 3.33107 91.0997
5.2501 3.33107 91.2997
5.3344 3.33107 91.2997
5.4187 3.33107 91.2997
5.503 3.33107 91.2997
5.5873 3.33107 91.2997
5.6716 3.33107 91.2997
5.7559 3.33107 91.2997
5.8402 3.24677 91.2997
5.9245 3.24677 91.2997
5.8402 3.16247 91.2997
5.8402 3.07817 91.2997
5.8402 2.99387 91.2997
5.8402 2.90957 91.2997
5.8402 2.82527 91.2997
5.8402 2.74097 91.2997
5.8402 2.65667 91.2997
5.8402 2.57237 91.2997
5.8402 2.48807 91.2997
5.8402 2.40377 91.2997
5.9245 2.31947 91.2997
5.9245 2.23517 91.2997
5.9245 2.15087 91.2997
5.9245 2.06657 91.2997
6.0088 1.98227 91.2997
6.0931 1.89797 91.2997
6.0931 1.81367 91.2997
6.1774 1.72937 91.2997
6.1774 1.64507 91.2997
6.1774 1.56077 91.2997
6.1774 1.47647 91.2997
6.1774 1.39217 91.2997
6.1774 1.30787 91.2997
6.2617 1.22357 91.2997
6.2617 1.13927 91.2997
6.346 1.05497 91.2997
6.346 0.970671 91.2997
6.346 0.886372 91.2997
6.346 0.802071 91.2997
6.346 0.717772 91.2997
6.2617 0.633471 91.2997
6.2617 0.549171 91.2997
6.1774 0.46487 91.2997
6.1774 0.380571 91.2997
6.1774 0.29627 91.2997
6.0931 0.29627 91.2997
6.0088 0.29627 91.2997
5.9245 0.29627 91.2997
5.8402 0.29627 91.2997
5.7559 0.380571 91.2997
5.7559 0.46487 91.2997
5.7559 0.549171 91.2997
5.7559 0.633471 91.2997
5.7559 0.717772 91.2997
5.7559 0.802071 91.2997
5.7559 0.886372 91.2997
5.7559 0.970671 91.2997
5.7559 1.05497 91.2997
5.6716 1.13927 91.2997
5.6716 1.22357 91.2997
5.5873 1.30787 91.2997
5.5873 1.39217 91.2997
5.5873 1.47647 91.2997
5.503 1.56077 91.2997
5.4187 1.64507 91.2997
5.4187 1.72937 91.2997
5.4187 1.81367 91.2997
5.3344 1.89797 91.2997
5.2501 1.98227 91.2997
5.2501 2.06657 91.2997
5.1658 2.15087 91.2997
5.1658 2.23517 91.2997
5.0815 2.31947 91.2997
5.0815 2.40377 91.2997
4.9972 2.48807 91.2997
4.9972 2.57237 91.2997
4.9972 2.65667 91.2997
4.9972 2.74097 91.2997
4.9972 2.82527 91.2997
4.9972 2.90957 91.2997
4.9972 2.99387 91.2997
4.9972 3.07817 91.2997
5.0815 3.16247 91.2997
5.1658 3.24677 91.2997
5.2501 3.33107 91.2997
5.7559 3.33107 91.4997
5.8402 3.24677 91.4997
5.9245 3.33107 91.4997
6.0088 3.24677 91.4997
6.0088 3.16247 91.4997
5.9245 3.07817 91.4997
5.9245 2.99387 91.4997
5.9245 2.90957 91.4997
5.9245 2.82527 91.4997
5.9245 2.74097 91.4997
5.9245 2.65667 91.4997
5.9245 2.57237 91.4997
5.9245 2.48807 91.4997
5.9245 2.40377 91.4997
6.0088 2.31947 91.4997
6.0088 2.23517 91.4997
6.0088 2.15087 91.4997
6.0088 2.06657 91.4997
6.0088 1.98227 91.4997
6.0931 1.89797 91.4997
6.0931 1.81367 91.4997
6.1774 1.72937 91.4997
6.1774 1.64507 91.4997
6.2617 1.56077 91.4997
6.2617 1.47647 91.4997
6.2617 1.39217 91.4997
6.2617 1.30787 91.4997
6.2617 1.22357 91.4997
6.2617 1.13927 91.4997
6.346 1.05497 91.4997
6.346 0.970671 91.4997
6.346 0.886372 91.4997
6.346 0.802071 91.4997
6.346 0.717772 91.4997
6.346 0.633471 91.4997
6.346 0.549171 91.4997
6.346 0.46487 91.4997
6.2617 0.380571 91.4997
6.2617 0.29627 91.4997
6.1774 0.211971 91.4997
6.0931 0.211971 91.4997
6.0088 0.211971 91.4997
5.9245 0.211971 91.4997
5.8402 0.29627 91.4997
5.7559 0.380571 91.4997
5.7559 0.46487 91.4997
5.7559 0.549171 91.4997
5.7559 0.633471 91.4997
5.7559 0.717772 91.4997
5.6716 0.802071 91.4997
5.6716 0.886372 91.4997
5.6716 0.970671 91.4997
5.6716 1.05497 91.4997
5.6716 1.13927 91.4997
5.6716 1.22357 91.4997
5.6716 1.30787 91.4997
5.6716 1.39217 91.4997
5.6716 1.47647 91.4997
5.6716 1.56077 91.4997
5.5873 1.64507 91.4997
5.503 1.72937 91.4997
5.503 1.81367 91.4997
5.503 1.89797 91.4997
5.4187 1.98227 91.4997
5.4187 2.06657 91.4997
5.3344 2.15087 91.4997
5.2501 2.23517 91.4997
5.2501 2.31947 91.4997
5.2501 2.40377 91.4997
5.2501 2.48807 91.4997
5.2501 2.57237 91.4997
5.3344 2.65667 91.4997
5.3344 2.74097 91.4997
5.3344 2.82527 91.4997
5.4187 2.90957 91.4997
5.503 2.90957 91.4997
5.5873 2.99387 91.4997
5.6716 3.07817 91.4997
5.7559 3.16247 91.4997
5.7559 3.24677 91.4997
5.7559 3.33107 91.4997
5.9245 3.33107 91.6997
6.0088 3.33107 91.6997
6.0931 3.33107 91.6997
6.1774 3.33107 91.6997
6.0931 3.24677 91.6997
6.0088 3.16247 91.6997
5.9245 3.07817 91.6997
5.9245 2.99387 91.6997
5.9245 2.90957 91.6997
5.9245 2.82527 91.6997
5.9245 2.74097 91.6997
5.9245 2.65667 91.6997
6.0088 2.57237 91.6997
6.0088 2.48807 91.6997
6.0088 2.40377 91.6997
6.0088 2.31947 91.6997
6.0088 2.23517 91.6997
6.0088 2.15087 91.6997
6.0088 2.06657 91.6997
6.0088 1.98227 91.6997
6.0931 1.89797 91.6997
6.0931 1.81367 91.6997
6.1774 1.72937 91.6997
6.1774 1.64507 91.6997
6.2617 1.56077 91.6997
6.2617 1.47647 91.6997
6.2617 1.39217 91.6997
6.2617 1.30787 91.6997
6.2617 1.22357 91.6997
6.2617 1.13927 91.6997
6.346 1.05497 91.6997
6.4303 0.970671 91.6997
6.5146 0.970671 91.6997
6.5989 0.970671 91.6997
6.6832 0.886372 91.6997
6.7675 0.802071 91.6997
6.8518 0.717772 91.6997
6.8518 0.633471 91.6997
6.8518 0.549171 91.6997
6.8518 0.46487 91.6997
6.8518 0.380571 91.6997
6.7675 0.46487 91.6997
6.6832 0.549171 91.6997
6.6832 0.633471 91.6997
6.5989 0.717772 91.6997
6.5146 0.802071 91.6997
6.4303 0.717772 91.6997
6.346 0.633471 91.6997
6.346 0.549171 91.6997
6.346 0.46487 91.6997
6.2617 0.380571 91.6997
6.2617 0.29627 91.6997
6.1774 0.211971 91.6997
6.0931 0.211971 91.6997
6.0088 0.211971 91.6997
5.9245 0.211971 91.6997
5.8402 0.29627 91.6997
5.7559 0.380571 91.6997
5.7559 0.46487 91.6997
5.6716 0.549171 91.6997
5.7559 0.633471 91.6997
5.7559 0.717772 91.6997
5.7559 0.802071 91.6997
5.7559 0.886372 91.6997
5.7559 0.970671 91.6997
5.7559 1.05497 91.6997
5.7559 1.13927 91.6997
5.7559 1.22357 91.6997
5.7559 1.30787 91.6997
5.7559 1.39217 91.6997
5.7559 1.47647 91.6997
5.7559 1.56077 91.6997
5.6716 1.64507 91.6997
5.6716 1.72937 91.6997
5.6716 1.81367 91.6997
5.6716 1.89797 91.6997
5.6716 1.98227 91.6997
5.6716 2.06657 91.6997
5.5873 2.15087 91.6997
5.5873 2.23517 91.6997
5.5873 2.31947 91.6997
5.5873 2.40377 91.6997
5.5873 2.48807 91.6997
5.5873 2.57237 91.6997
5.503 2.65667 91.6997
5.503 2.74097 91.6997
5.503 2.82527 91.6997
5.503 2.90957 91.6997
5.503 2.99387 91.6997
5.4187 3.07817 91.6997
5.4187 3.16247 91.6997
5.4187 3.24677 91.6997
5.503 3.24677 91.6997
5.5873 3.24677 91.6997
5.6716 3.24677 91.6997
5.7559 3.24677 91.6997
5.8402 3.24677 91.6997
5.9245 3.33107 91.6997
5.5873 3.58397 91.8997
5.6716 3.58397 91.8997
5.7559 3.58397 91.8997
5.8402 3.58397 91.8997
5.9245 3.58397 91.8997
6.0088 3.58397 91.8997
6.0931 3.58397 91.8997
6.1774 3.58397 91.8997
6.2617 3.58397 91.8997
6.2617 3.49967 91.8997
6.1774 3.41537 91.8997
6.1774 3.33107 91.8997
6.0931 3.24677 91.8997
6.0088 3.16247 91.8997
5.9245 3.07817 91.8997
5.9245 2.99387 91.8997
5.9245 2.90957 91.8997
5.9245 2.82527 91.8997
5.9245 2.74097 91.8997
5.9245 2.65667 91.8997
6.0088 2.57237 91.8997
6.0088 2.48807 91.8997
6.0088 2.40377 91.8997
6.0088 2.31947 91.8997
6.0088 2.23517 91.8997
6.0088 2.15087 91.8997
6.0931 2.06657 91.8997
6.0931 1.98227 91.8997
6.1774 1.89797 91.8997
6.2617 1.81367 91.8997
6.346 1.72937 91.8997
6.4303 1.64507 91.8997
6.5146 1.56077 91.8997
6.5146 1.47647 91.8997
6.5146 1.39217 91.8997
6.5989 1.30787 91.8997
6.5989 1.22357 91.8997
6.6832 1.13927 91.8997
6.6832 1.05497 91.8997
6.7675 0.970671 91.8997
6.8518 0.886372 91.8997
6.8518 0.802071 91.8997
6.9361 0.717772 91.8997
6.9361 0.633471 91.8997
6.9361 0.549171 91.8997
6.8518 0.46487 91.8997
6.7675 0.46487 91.8997
6.6832 0.549171 91.8997
6.5989 0.633471 91.8997
6.5989 0.717772 91.8997
6.5146 0.802071 91.8997
6.4303 0.886372 91.8997
6.4303 0.970671 91.8997
6.346 1.05497 91.8997
6.2617 1.05497 91.8997
6.1774 0.970671 91.8997
6.1774 0.886372 91.8997
6.1774 0.802071 91.8997
6.1774 0.717772 91.8997
6.1774 0.633471 91.8997
6.1774 0.549171 91.8997
6.1774 0.46487 91.8997
6.0931 0.380571 91.8997
6.0088 0.380571 91.8997
6.0088 0.46487 91.8997
5.9245 0.549171 91.8997
5.9245 0.633471 91.8997
5.8402 0.717772 91.8997
5.7559 0.802071 91.8997
5.7559 0.886372 91.8997
5.6716 0.970671 91.8997
5.6716 1.05497 91.8997
5.6716 1.13927 91.8997
5.6716 1.22357 91.8997
5.6716 1.30787 91.8997
5.5873 1.39217 91.8997
5.5873 1.47647 91.8997
5.5873 1.56077 91.8997
5.5873 1.64507 91.8997
5.5873 1.72937 91.8997
5.5873 1.81367 91.8997
5.5873 1.89797 91.8997
5.5873 1.98227 91.8997
5.5873 2.06657 91.8997
5.5873 2.15087 91.8997
5.503 2.23517 91.8997
5.503 2.31947 91.8997
5.503 2.40377 91.8997
5.503 2.48807 91.8997
5.503 2.57237 91.8997
5.503 2.65667 91.8997
5.503 2.74097 91.8997
5.503 2.82527 91.8997
5.503 2.90957 91.8997
5.503 2.99387 91.8997
5.503 3.07817 91.8997
5.503 3.16247 91.8997
5.503 3.24677 91.8997
5.503 3.33107 91.8997
5.503 3.41537 91.8997
5.503 3.49967 91.8997
5.5873 3.58397 91.8997
5.6716 3.58397 92.0997
5.7559 3.58397 92.0997
5.8402 3.58397 92.0997
5.9245 3.58397 92.0997
6.0088 3.58397 92.0997
6.0931 3.58397 92.0997
6.1774 3.58397 92.0997
6.2617 3.58397 92.0997
6.2617 3.49967 92.0997
6.1774 3.41537 92.0997
6.1774 3.33107 92.0997
6.0931 3.24677 92.0997
6.0088 3.16247 92.0997
5.9245 3.07817 92.0997
5.9245 2.99387 92.0997
5.9245 2.90957 92.0997
6.0088 2.82527 92.0997
6.0088 2.74097 92.0997
6.0088 2.65667 92.0997
6.0088 2.57237 92.0997
6.0088 2.48807 92.0997
6.0088 2.40377 92.0997
6.0088 2.31947 92.0997
6.0088 2.23517 92.0997
6.0088 2.15087 92.0997
6.0931 2.06657 92.0997
6.0931 1.98227 92.0997
6.1774 1.89797 92.0997
6.2617 1.89797 92.0997
6.346 1.81367 92.0997
6.4303 1.81367 92.0997
6.5146 1.72937 92.0997
6.5146 1.64507 92.0997
6.5989 1.56077 92.0997
6.5989 1.47647 92.0997
6.5989 1.39217 92.0997
6.6832 1.30787 92.0997
6.6832 1.22357 92.0997
6.7675 1.13927 92.0997
6.7675 1.05497 92.0997
6.7675 0.970671 92.0997
6.8518 0.886372 92.0997
6.8518 0.802071 92.0997
6.9361 0.717772 92.0997
6.9361 0.633471 92.0997
6.9361 0.549171 92.0997
6.8518 0.549171 92.0997
6.7675 0.46487 92.0997
6.6832 0.549171 92.0997
6.5989 0.633471 92.0997
6.5989 0.717772 92.0997
6.5989 0.802071 92.0997
6.5146 0.886372 92.0997
6.4303 0.970671 92.0997
6.4303 1.05497 92.0997
6.346 1.13927 92.0997
6.2617 1.13927 92.0997
6.1774 1.13927 92.0997
6.0931 1.05497 92.0997
6.0931 0.970671 92.0997
6.0931 0.886372 92.0997
6.0931 0.802071 92.0997
6.0931 0.717772 92.0997
6.0931 0.633471 92.0997
6.0931 0.549171 92.0997
6.0088 0.46487 92.0997
6.0088 0.549171 92.0997
6.0088 0.633471 92.0997
5.9245 0.717772 92.0997
5.9245 0.802071 92.0997
5.9245 0.886372 92.0997
5.8402 0.970671 92.0997
5.7559 1.05497 92.0997
5.7559 1.13927 92.0997
5.7559 1.22357 92.0997
5.7559 1.30787 92.0997
5.6716 1.39217 92.0997
5.6716 1.47647 92.0997
5.6716 1.56077 92.0997
5.6716 1.64507 92.0997
5.6716 1.72937 92.0997
5.6716 1.81367 92.0997
5.5873 1.89797 92.0997
5.5873 1.98227 92.0997
5.5873 2.06657 92.0997
5.5873 2.15087 92.0997
5.5873 2.23517 92.0997
5.5873 2.31947 92.0997
5.5873 2.40377 92.0997
5.5873 2.48807 92.0997
5.5873 2.57237 92.0997
5.503 2.65667 92.0997
5.503 2.74097 92.0997
5.503 2.82527 92.0997
5.503 2.90957 92.0997
5.503 2.99387 92.0997
5.503 3.07817 92.0997
5.4187 3.16247 92.0997
5.4187 3.24677 92.0997
5.503 3.33107 92.0997
5.503 3.41537 92.0997
5.5873 3.49967 92.0997
5.6716 3.58397 92.0997
5.3344 3.75257 92.2997
5.4187 3.75257 92.2997
5.503 3.75257 92.2997
5.5873 3.75257 92.2997
5.6716 3.75257 92.2997
5.7559 3.75257 92.2997
5.8402 3.75257 92.2997
5.9245 3.75257 92.2997
6.0088 3.75257 92.2997
6.0088 3.66827 92.2997
6.0088 3.58397 92.2997
6.0088 3.49967 92.2997
6.0088 3.41537 92.2997
6.0931 3.33107 92.2997
6.0931 3.24677 92.2997
6.0088 3.16247 92.2997
5.9245 3.07817 92.2997
5.9245 2.99387 92.2997
5.9245 2.90957 92.2997
6.0088 2.82527 92.2997
6.0088 2.74097 92.2997
6.0088 2.65667 92.2997
6.0088 2.57237 92.2997
6.0088 2.48807 92.2997
6.0088 2.40377 92.2997
6.0088 2.31947 92.2997
6.0088 2.23517 92.2997
6.0088 2.15087 92.2997
6.0931 2.06657 92.2997
6.0931 1.98227 92.2997
6.1774 1.89797 92.2997
6.2617 1.89797 92.2997
6.346 1.81367 92.2997
6.4303 1.81367 92.2997
6.5146 1.72937 92.2997
6.5146 1.64507 92.2997
6.5989 1.56077 92.2997
6.5989 1.47647 92.2997
6.5989 1.39217 92.2997
6.6832 1.30787 92.2997
6.6832 1.22357 92.2997
6.7675 1.13927 92.2997
6.7675 1.05497 92.2997
6.7675 0.970671 92.2997
6.8518 0.886372 92.2997
6.8518 0.802071 92.2997
6.9361 0.717772 92.2997
6.9361 0.633471 92.2997
6.8518 0.549171 92.2997
6.7675 0.46487 92.2997
6.7675 0.549171 92.2997
6.6832 0.633471 92.2997
6.6832 0.717772 92.2997
6.5989 0.802071 92.2997
6.5989 0.886372 92.2997
6.5146 0.970671 92.2997
6.4303 1.05497 92.2997
6.346 1.13927 92.2997
6.346 1.22357 92.2997
6.2617 1.30787 92.2997
6.1774 1.30787 92.2997
6.0931 1.30787 92.2997
6.0088 1.39217 92.2997
5.9245 1.30787 92.2997
5.8402 1.30787 92.2997
5.7559 1.30787 92.2997
5.6716 1.30787 92.2997
5.5873 1.30787 92.2997
5.503 1.30787 92.2997
5.503 1.39217 92.2997
5.503 1.47647 92.2997
5.503 1.56077 92.2997
5.503 1.64507 92.2997
5.503 1.72937 92.2997
5.503 1.81367 92.2997
5.4187 1.89797 92.2997
5.4187 1.98227 92.2997
5.4187 2.06657 92.2997
5.3344 2.15087 92.2997
5.3344 2.23517 92.2997
5.2501 2.31947 92.2997
5.2501 2.40377 92.2997
5.1658 2.48807 92.2997
5.1658 2.57237 92.2997
5.1658 2.65667 92.2997
5.1658 2.74097 92.2997
5.0815 2.82527 92.2997
5.0815 2.90957 92.2997
5.0815 2.99387 92.2997
5.0815 3.07817 92.2997
5.0815 3.16247 92.2997
5.0815 3.24677 92.2997
5.0815 3.33107 92.2997
5.0815 3.41537 92.2997
5.0815 3.49967 92.2997
5.0815 3.58397 92.2997
5.1658 3.58397 92.2997
5.2501 3.66827 92.2997
5.3344 3.75257 92.2997
5.6716 4.00547 92.4997
5.6716 3.92117 92.4997
5.6716 3.83687 92.4997
5.6716 3.75257 92.4997
5.6716 3.66827 92.4997
5.6716 3.58397 92.4997
5.6716 3.49967 92.4997
5.7559 3.41537 92.4997
5.8402 3.33107 92.4997
5.9245 3.24677 92.4997
5.9245 3.16247 92.4997
5.9245 3.07817 92.4997
5.9245 2.99387 92.4997
5.9245 2.90957 92.4997
6.0088 2.82527 92.4997
6.0088 2.74097 92.4997
6.0088 2.65667 92.4997
6.0088 2.57237 92.4997
6.0088 2.48807 92.4997
6.0088 2.40377 92.4997
6.0088 2.31947 92.4997
6.0931 2.23517 92.4997
6.1774 2.23517 92.4997
6.2617 2.15087 92.4997
6.346 2.06657 92.4997
6.4303 1.98227 92.4997
6.4303 1.89797 92.4997
6.4303 1.81367 92.4997
6.5146 1.72937 92.4997
6.5146 1.64507 92.4997
6.5989 1.56077 92.4997
6.5989 1.47647 92.4997
6.5989 1.39217 92.4997
6.6832 1.30787 92.4997
6.6832 1.22357 92.4997
6.7675 1.13927 92.4997
6.7675 1.05497 92.4997
6.7675 0.970671 92.4997
6.8518 0.886372 92.4997
6.8518 0.802071 92.4997
6.9361 0.717772 92.4997
6.8518 0.633471 92.4997
6.7675 0.633471 92.4997
6.7675 0.717772 92.4997
6.6832 0.802071 92.4997
6.6832 0.886372 92.4997
6.5989 0.970671 92.4997
6.5146 1.05497 92.4997
6.4303 1.13927 92.4997
6.4303 1.22357 92.4997
6.346 1.30787 92.4997
6.2617 1.39217 92.4997
6.1774 1.30787 92.4997
6.0931 1.39217 92.4997
6.0088 1.39217 92.4997
5.9245 1.39217 92.4997
5.8402 1.30787 92.4997
5.7559 1.30787 92.4997
5.6716 1.30787 92.4997
5.5873 1.30787 92.4997
5.503 1.30787 92.4997
5.4187 1.39217 92.4997
5.3344 1.47647 92.4997
5.3344 1.56077 92.4997
5.2501 1.64507 92.4997
5.2501 1.72937 92.4997
5.2501 1.81367 92.4997
5.2501 1.89797 92.4997
5.2501 1.98227 92.4997
5.1658 2.06657 92.4997
5.1658 2.15087 92.4997
5.1658 2.23517 92.4997
5.1658 2.31947 92.4997
5.1658 2.40377 92.4997
5.1658 2.48807 92.4997
5.1658 2.57237 92.4997
5.1658 2.65667 92.4997
5.0815 2.74097 92.4997
5.0815 2.82527 92.4997
4.9972 2.90957 92.4997
4.9972 2.99387 92.4997
4.9972 3.07817 92.4997
4.9972 3.16247 92.4997
4.9972 3.24677 92.4997
4.9972 3.33107 92.4997
4.9972 3.41537 92.4997
4.9972 3.49967 92.4997
5.0815 3.58397 92.4997
5.1658 3.58397 92.4997
5.2501 3.66827 92.4997
5.3344 3.75257 92.4997
5.4187 3.75257 92.4997
5.503 3.83687 92.4997
5.5873 3.92117 92.4997
5.6716 4.00547 92.4997
5.1658 3.83687 92.6997
5.2501 3.83687 92.6997
5.3344 3.83687 92.6997
5.4187 3.75257 92.6997
5.4187 3.66827 92.6997
5.503 3.58397 92.6997
5.503 3.49967 92.6997
5.5873 3.41537 92.6997
5.6716 3.33107 92.6997
5.7559 3.24677 92.6997
5.8402 3.16247 92.6997
5.8402 3.07817 92.6997
5.8402 2.99387 92.6997
5.8402 2.90957 92.6997
5.9245 2.82527 92.6997
5.9245 2.74097 92.6997
5.9245 2.65667 92.6997
5.9245 2.57237 92.6997
6.0088 2.48807 92.6997
6.0088 2.40377 92.6997
6.0931 2.31947 92.6997
6.1774 2.31947 92.6997
6.2617 2.23517 92.6997
6.346 2.23517 92.6997
6.4303 2.15087 92.6997
6.4303 2.06657 92.6997
6.5146 1.98227 92.6997
6.5146 1.89797 92.6997
6.5146 1.81367 92.6997
6.5146 1.72937 92.6997
6.5146 1.64507 92.6997
6.5989 1.56077 92.6997
6.5989 1.47647 92.6997
6.5989 1.39217 92.6997
6.6832 1.30787 92.6997
6.6832 1.22357 92.6997
6.7675 1.13927 92.6997
6.7675 1.05497 92.6997
6.7675 0.970671 92.6997
6.8518 0.886372 92.6997
6.8518 0.802071 92.6997
6.7675 0.717772 92.6997
6.7675 0.633471 92.6997
6.6832 0.633471 92.6997
6.5989 0.717772 92.6997
6.5989 0.802071 92.6997
6.5146 0.886372 92.6997
6.5146 0.970671 92.6997
6.4303 1.05497 92.6997
6.4303 1.13927 92.6997
6.346 1.22357 92.6997
6.346 1.30787 92.6997
6.2617 1.39217 92.6997
6.1774 1.30787 92.6997
6.0931 1.39217 92.6997
6.0088 1.39217 92.6997
6.0088 1.47647 92.6997
5.9245 1.56077 92.6997
5.8402 1.56077 92.6997
5.7559 1.56077 92.6997
5.6716 1.56077 92.6997
5.5873 1.56077 92.6997
5.503 1.56077 92.6997
5.4187 1.56077 92.6997
5.3344 1.56077 92.6997
5.2501 1.64507 92.6997
5.2501 1.72937 92.6997
5.2501 1.81367 92.6997
5.2501 1.89797 92.6997
5.2501 1.98227 92.6997
5.1658 2.06657 92.6997
5.1658 2.15087 92.6997
5.0815 2.23517 92.6997
4.9972 2.31947 92.6997
4.9972 2.40377 92.6997
4.9972 2.48807 92.6997
4.9972 2.57237 92.6997
4.9129 2.65667 92.6997
4.9129 2.74097 92.6997
4.9129 2.82527 92.6997
4.9129 2.90957 92.6997
4.8286 2.99387 92.6997
4.8286 3.07817 92.6997
4.8286 3.16247 92.6997
4.8286 3.24677 92.6997
4.8286 3.33107 92.6997
4.8286 3.41537 92.6997
4.8286 3.49967 92.6997
4.8286 3.58397 92.6997
4.9129 3.66827 92.6997
4.9972 3.75257 92.6997
5.0815 3.75257 92.6997
5.1658 3.83687 92.6997
5.0815 3.92117 92.8997
5.1658 3.92117 92.8997
5.2501 3.92117 92.8997
5.2501 3.83687 92.8997
5.2501 3.75257 92.8997
5.3344 3.66827 92.8997
5.3344 3.58397 92.8997
5.4187 3.49967 92.8997
5.503 3.41537 92.8997
5.503 3.33107 92.8997
5.503 3.24677 92.8997
5.503 3.16247 92.8997
5.5873 3.07817 92.8997
5.6716 2.99387 92.8997
5.7559 2.90957 92.8997
5.8402 2.82527 92.8997
5.9245 2.74097 92.8997
6.0088 2.65667 92.8997
6.0088 2.57237 92.8997
6.0931 2.48807 92.8997
6.1774 2.40377 92.8997
6.2617 2.31947 92.8997
6.346 2.31947 92.8997
6.4303 2.23517 92.8997
6.5146 2.15087 92.8997
6.5146 2.06657 92.8997
6.5989 1.98227 92.8997
6.5989 1.89797 92.8997
6.5989 1.81367 92.8997
6.5989 1.72937 92.8997
6.5989 1.64507 92.8997
6.5989 1.56077 92.8997
6.5989 1.47647 92.8997
6.5989 1.39217 92.8997
6.6832 1.30787 92.8997
6.6832 1.22357 92.8997
6.7675 1.13927 92.8997
6.7675 1.05497 92.8997
6.7675 0.970671 92.8997
6.6832 0.886372 92.8997
6.6832 0.802071 92.8997
6.6832 0.717772 92.8997
6.5989 0.717772 92.8997
6.5989 0.802071 92.8997
6.5146 0.886372 92.8997
6.5146 0.970671 92.8997
6.4303 1.05497 92.8997
6.4303 1.13927 92.8997
6.346 1.22357 92.8997
6.346 1.30787 92.8997
6.2617 1.39217 92.8997
6.1774 1.47647 92.8997
6.1774 1.56077 92.8997
6.0931 1.64507 92.8997
6.0088 1.72937 92.8997
5.9245 1.72937 92.8997
5.8402 1.72937 92.8997
5.7559 1.64507 92.8997
5.6716 1.64507 92.8997
5.5873 1.64507 92.8997
5.503 1.64507 92.8997
5.4187 1.64507 92.8997
5.3344 1.72937 92.8997
5.3344 1.81367 92.8997
5.2501 1.89797 92.8997
5.2501 1.98227 92.8997
5.1658 2.06657 92.8997
5.1658 2.15087 92.8997
5.0815 2.23517 92.8997
4.9972 2.31947 92.8997
4.9972 2.40377 92.8997
4.9972 2.48807 92.8997
4.9129 2.57237 92.8997
4.9129 2.65667 92.8997
4.9129 2.74097 92.8997
4.9129 2.82527 92.8997
4.9129 2.90957 92.8997
4.8286 2.99387 92.8997
4.7443 3.07817 92.8997
4.66 3.16247 92.8997
4.66 3.24677 92.8997
4.66 3.33107 92.8997
4.66 3.41537 92.8997
4.66 3.49967 92.8997
4.66 3.58397 92.8997
4.66 3.66827 92.8997
4.7443 3.75257 92.8997
4.8286 3.83687 92.8997
4.9129 3.83687 92.8997
4.9972 3.83687 92.8997
5.0815 3.92117 92.8997
4.66 3.92117 93.0997
4.7443 3.92117 93.0997
4.8286 3.92117 93.0997
4.9129 3.92117 93.0997
4.9972 3.92117 93.0997
5.0815 3.92117 93.0997
5.1658 3.92117 93.0997
5.1658 3.83687 93.0997
5.1658 3.75257 93.0997
5.2501 3.66827 93.0997
5.2501 3.58397 93.0997
5.3344 3.49967 93.0997
5.3344 3.41537 93.0997
5.4187 3.33107 93.0997
5.503 3.24677 93.0997
5.5873 3.16247 93.0997
5.6716 3.07817 93.0997
5.7559 2.99387 93.0997
5.8402 2.90957 93.0997
5.9245 2.82527 93.0997
6.0088 2.74097 93.0997
6.0931 2.65667 93.0997
6.1774 2.57237 93.0997
6.2617 2.48807 93.0997
6.2617 2.40377 93.0997
6.346 2.31947 93.0997
6.346 2.23517 93.0997
6.4303 2.15087 93.0997
6.5146 2.06657 93.0997
6.5146 1.98227 93.0997
6.5989 1.89797 93.0997
6.5989 1.81367 93.0997
6.5989 1.72937 93.0997
6.5989 1.64507 93.0997
6.5989 1.56077 93.0997
6.5989 1.47647 93.0997
6.5989 1.39217 93.0997
6.5989 1.30787 93.0997
6.5989 1.22357 93.0997
6.5989 1.13927 93.0997
6.5989 1.05497 93.0997
6.5989 0.970671 93.0997
6.5989 0.886372 93.0997
6.5989 0.802071 93.0997
6.5146 0.886372 93.0997
6.5146 0.970671 93.0997
6.4303 1.05497 93.0997
6.4303 1.13927 93.0997
6.346 1.22357 93.0997
6.346 1.30787 93.0997
6.346 1.39217 93.0997
6.2617 1.47647 93.0997
6.2617 1.56077 93.0997
6.2617 1.64507 93.0997
6.1774 1.72937 93.0997
6.0931 1.72937 93.0997
6.0088 1.72937 93.0997
5.9245 1.81367 93.0997
5.8402 1.89797 93.0997
5.8402 1.98227 93.0997
5.7559 2.06657 93.0997
5.6716 2.15087 93.0997
5.5873 2.23517 93.0997
5.503 2.31947 93.0997
5.4187 2.40377 93.0997
5.3344 2.48807 93.0997
5.2501 2.48807 93.0997
5.1658 2.57237 93.0997
5.0815 2.57237 93.0997
4.9972 2.65667 93.0997
4.9129 2.74097 93.0997
4.9129 2.82527 93.0997
4.8286 2.90957 93.0997
4.7443 2.99387 93.0997
4.66 3.07817 93.0997
4.5757 3.16247 93.0997
4.5757 3.24677 93.0997
4.5757 3.33107 93.0997
4.5757 3.41537 93.0997
4.5757 3.49967 93.0997
4.5757 3.58397 93.0997
4.5757 3.66827 93.0997
4.5757 3.75257 93.0997
4.5757 3.83687 93.0997
4.66 3.92117 93.0997
4.66 4.00547 93.2997
4.7443 4.00547 93.2997
4.8286 4.00547 93.2997
4.9129 4.00547 93.2997
4.9972 3.92117 93.2997
5.0815 3.83687 93.2997
5.0815 3.75257 93.2997
5.1658 3.66827 93.2997
5.1658 3.58397 93.2997
5.2501 3.49967 93.2997
5.2501 3.41537 93.2997
5.3344 3.33107 93.2997
5.4187 3.24677 93.2997
5.503 3.24677 93.2997
5.503 3.16247 93.2997
5.5873 3.07817 93.2997
5.6716 2.99387 93.2997
5.7559 2.99387 93.2997
5.7559 2.90957 93.2997
5.8402 2.82527 93.2997
5.9245 2.74097 93.2997
6.0088 2.65667 93.2997
6.0931 2.57237 93.2997
6.0931 2.48807 93.2997
6.1774 2.40377 93.2997
6.2617 2.31947 93.2997
6.2617 2.23517 93.2997
6.346 2.15087 93.2997
6.4303 2.06657 93.2997
6.4303 1.98227 93.2997
6.4303 1.89797 93.2997
6.4303 1.81367 93.2997
6.4303 1.72937 93.2997
6.4303 1.64507 93.2997
6.5146 1.56077 93.2997
6.5146 1.47647 93.2997
6.5146 1.39217 93.2997
6.5146 1.30787 93.2997
6.5146 1.22357 93.2997
6.5146 1.13927 93.2997
6.5146 1.22357 93.2997
6.5146 1.30787 93.2997
6.5146 1.39217 93.2997
6.4303 1.47647 93.2997
6.4303 1.56077 93.2997
6.4303 1.64507 93.2997
6.346 1.72937 93.2997
6.2617 1.81367 93.2997
6.1774 1.81367 93.2997
6.0931 1.81367 93.2997
6.0088 1.89797 93.2997
6.0088 1.98227 93.2997
5.9245 2.06657 93.2997
5.8402 2.15087 93.2997
5.7559 2.23517 93.2997
5.6716 2.31947 93.2997
5.5873 2.40377 93.2997
5.503 2.48807 93.2997
5.4187 2.57237 93.2997
5.3344 2.57237 93.2997
5.2501 2.65667 93.2997
5.1658 2.65667 93.2997
5.0815 2.74097 93.2997
4.9972 2.82527 93.2997
4.9129 2.82527 93.2997
4.8286 2.90957 93.2997
4.7443 2.99387 93.2997
4.66 3.07817 93.2997
4.5757 3.16247 93.2997
4.4914 3.24677 93.2997
4.4071 3.33107 93.2997
4.4071 3.41537 93.2997
4.4071 3.49967 93.2997
4.4071 3.58397 93.2997
4.4071 3.66827 93.2997
4.4071 3.75257 93.2997
4.4914 3.83687 93.2997
4.5757 3.92117 93.2997
4.66 4.00547 93.2997
5.0815 3.75257 93.4997
5.1658 3.66827 93.4997
5.1658 3.58397 93.4997
5.2501 3.49967 93.4997
5.2501 3.41537 93.4997
5.3344 3.33107 93.4997
5.4187 3.24677 93.4997
5.503 3.16247 93.4997
5.5873 3.07817 93.4997
5.6716 2.99387 93.4997
5.7559 2.90957 93.4997
5.7559 2.82527 93.4997
5.8402 2.74097 93.4997
5.9245 2.65667 93.4997
6.0088 2.57237 93.4997
6.0088 2.48807 93.4997
6.0931 2.40377 93.4997
6.1774 2.31947 93.4997
6.1774 2.23517 93.4997
6.2617 2.15087 93.4997
6.2617 2.06657 93.4997
6.2617 1.98227 93.4997
6.346 1.89797 93.4997
6.346 1.81367 93.4997
6.346 1.72937 93.4997
6.346 1.64507 93.4997
6.346 1.56077 93.4997
6.2617 1.64507 93.4997
6.2617 1.72937 93.4997
6.1774 1.81367 93.4997
6.0931 1.89797 93.4997
6.0931 1.98227 93.4997
6.0088 2.06657 93.4997
6.0088 2.15087 93.4997
5.9245 2.23517 93.4997
5.8402 2.31947 93.4997
5.7559 2.40377 93.4997
5.6716 2.48807 93.4997
5.5873 2.57237 93.4997
5.503 2.65667 93.4997
5.4187 2.74097 93.4997
5.3344 2.82527 93.4997
5.2501 2.90957 93.4997
5.1658 2.90957 93.4997
5.0815 2.99387 93.4997
4.9972 2.99387 93.4997
4.9129 3.07817 93.4997
4.8286 3.16247 93.4997
4.7443 3.24677 93.4997
4.7443 3.33107 93.4997
4.7443 3.41537 93.4997
4.7443 3.49967 93.4997
4.7443 3.58397 93.4997
4.8286 3.66827 93.4997
4.9129 3.66827 93.4997
4.9972 3.66827 93.4997
5.0815 3.75257 93.4997
4.8286 3.75257 93.6997
4.9129 3.75257 93.6997
4.9972 3.75257 93.6997
5.0815 3.75257 93.6997
5.0815 3.66827 93.6997
5.1658 3.58397 93.6997
5.1658 3.49967 93.6997
5.2501 3.41537 93.6997
5.3344 3.33107 93.6997
5.4187 3.24677 93.6997
5.503 3.16247 93.6997
5.503 3.07817 93.6997
5.5873 2.99387 93.6997
5.6716 2.90957 93.6997
5.7559 2.82527 93.6997
5.7559 2.74097 93.6997
5.8402 2.65667 93.6997
5.9245 2.57237 93.6997
5.9245 2.48807 93.6997
6.0088 2.40377 93.6997
6.0931 2.31947 93.6997
6.1774 2.23517 93.6997
6.1774 2.15087 93.6997
6.1774 2.06657 93.6997
6.1774 1.98227 93.6997
6.0931 1.89797 93.6997
6.0931 1.98227 93.6997
6.0088 2.06657 93.6997
6.0088 2.15087 93.6997
5.9245 2.23517 93.6997
5.8402 2.31947 93.6997
5.7559 2.40377 93.6997
5.6716 2.48807 93.6997
5.5873 2.57237 93.6997
5.503 2.65667 93.6997
5.4187 2.74097 93.6997
5.3344 2.82527 93.6997
5.2501 2.90957 93.6997
5.1658 2.90957 93.6997
5.0815 2.99387 93.6997
4.9972 2.99387 93.6997
4.9129 3.07817 93.6997
4.8286 3.16247 93.6997
4.7443 3.24677 93.6997
4.7443 3.33107 93.6997
4.7443 3.41537 93.6997
4.7443 3.49967 93.6997
4.7443 3.58397 93.6997
4.8286 3.66827 93.6997
4.8286 3.75257 93.6997
