# Output from PinnacleROI.cpp
# First line is number of curves
# Second line is space-separated number of points in each curve
# Remainder are the points themselves
13
70 90 89 88 89 78 32 25 30 40 38 88 91 
0.782198 5.86007 90.4997
0.866499 5.86007 90.4997
0.950798 5.86007 90.4997
1.0351 5.86007 90.4997
1.1194 5.86007 90.4997
1.2037 5.86007 90.4997
1.288 5.86007 90.4997
1.3723 5.86007 90.4997
1.4566 5.86007 90.4997
1.5409 5.86007 90.4997
1.6252 5.86007 90.4997
1.7095 5.86007 90.4997
1.7938 5.77577 90.4997
1.8781 5.77577 90.4997
1.9624 5.69147 90.4997
2.0467 5.60717 90.4997
2.131 5.52287 90.4997
2.2153 5.43857 90.4997
2.2996 5.35427 90.4997
2.2996 5.26997 90.4997
2.3839 5.18567 90.4997
2.3839 5.10137 90.4997
2.3839 5.01707 90.4997
2.3839 4.93277 90.4997
2.3839 4.84847 90.4997
2.3839 4.76417 90.4997
2.3839 4.67987 90.4997
2.3839 4.59557 90.4997
2.2996 4.51127 90.4997
2.2153 4.42697 90.4997
2.131 4.51127 90.4997
2.0467 4.51127 90.4997
1.9624 4.51127 90.4997
1.8781 4.51127 90.4997
1.7938 4.51127 90.4997
1.7095 4.59557 90.4997
1.6252 4.59557 90.4997
1.5409 4.59557 90.4997
1.4566 4.59557 90.4997
1.3723 4.51127 90.4997
1.288 4.51127 90.4997
1.2037 4.51127 90.4997
1.1194 4.42697 90.4997
1.0351 4.42697 90.4997
0.950798 4.42697 90.4997
0.866499 4.42697 90.4997
0.782198 4.42697 90.4997
0.697899 4.42697 90.4997
0.613598 4.34267 90.4997
0.529299 4.34267 90.4997
0.444998 4.34267 90.4997
0.360699 4.34267 90.4997
0.276398 4.42697 90.4997
0.276398 4.51127 90.4997
0.276398 4.59557 90.4997
0.276398 4.67987 90.4997
0.276398 4.76417 90.4997
0.276398 4.84847 90.4997
0.276398 4.93277 90.4997
0.276398 5.01707 90.4997
0.276398 5.10137 90.4997
0.360699 5.18567 90.4997
0.360699 5.26997 90.4997
0.360699 5.35427 90.4997
0.360699 5.43857 90.4997
0.444998 5.52287 90.4997
0.529299 5.60717 90.4997
0.613598 5.69147 90.4997
0.697899 5.77577 90.4997
0.782198 5.86007 90.4997
2.3839 4.76417 91.4997
2.4682 4.76417 91.4997
2.5525 4.76417 91.4997
2.6368 4.67987 91.4997
2.7211 4.59557 91.4997
2.8054 4.51127 91.4997
2.8054 4.42697 91.4997
2.8897 4.34267 91.4997
2.8897 4.25837 91.4997
2.8897 4.17407 91.4997
2.8897 4.08977 91.4997
2.8897 4.00547 91.4997
2.8897 3.92117 91.4997
2.8897 3.83687 91.4997
2.8897 3.75257 91.4997
2.8897 3.66827 91.4997
2.8897 3.58397 91.4997
2.8054 3.49967 91.4997
2.8054 3.41537 91.4997
2.7211 3.33107 91.4997
2.6368 3.24677 91.4997
2.5525 3.24677 91.4997
2.4682 3.33107 91.4997
2.3839 3.41537 91.4997
2.2996 3.49967 91.4997
2.2153 3.58397 91.4997
2.131 3.58397 91.4997
2.0467 3.58397 91.4997
1.9624 3.49967 91.4997
1.8781 3.49967 91.4997
1.7938 3.41537 91.4997
1.7095 3.33107 91.4997
1.6252 3.24677 91.4997
1.5409 3.16247 91.4997
1.4566 3.07817 91.4997
1.3723 2.99387 91.4997
1.288 2.99387 91.4997
1.2037 2.99387 91.4997
1.1194 2.99387 91.4997
1.0351 2.99387 91.4997
0.950798 3.07817 91.4997
0.866499 3.07817 91.4997
0.782198 3.07817 91.4997
0.697899 3.16247 91.4997
0.613598 3.24677 91.4997
0.529299 3.33107 91.4997
0.444998 3.33107 91.4997
0.360699 3.41537 91.4997
0.276398 3.49967 91.4997
0.192099 3.58397 91.4997
0.107798 3.66827 91.4997
0.107798 3.75257 91.4997
0.0234985 3.83687 91.4997
-0.0608025 3.92117 91.4997
-0.0608025 4.00547 91.4997
-0.0608025 4.08977 91.4997
-0.0608025 4.17407 91.4997
-0.0608025 4.25837 91.4997
-0.0608025 4.34267 91.4997
0.0234985 4.34267 91.4997
0.107798 4.34267 91.4997
0.192099 4.34267 91.4997
0.276398 4.25837 91.4997
0.360699 4.25837 91.4997
0.444998 4.25837 91.4997
0.529299 4.25837 91.4997
0.613598 4.25837 91.4997
0.697899 4.17407 91.4997
0.782198 4.17407 91.4997
0.866499 4.17407 91.4997
0.950798 4.17407 91.4997
1.0351 4.17407 91.4997
1.1194 4.17407 91.4997
1.2037 4.17407 91.4997
1.288 4.25837 91.4997
1.3723 4.25837 91.4997
1.4566 4.25837 91.4997
1.5409 4.25837 91.4997
1.6252 4.25837 91.4997
1.7095 4.25837 91.4997
1.7938 4.34267 91.4997
1.8781 4.34267 91.4997
1.9624 4.42697 91.4997
2.0467 4.42697 91.4997
2.131 4.51127 91.4997
2.2153 4.51127 91.4997
2.2996 4.51127 91.4997
2.3839 4.59557 91.4997
2.3839 4.67987 91.4997
2.3839 4.76417 91.4997
0.107798 4.76417 91.2997
0.192099 4.76417 91.2997
0.276398 4.67987 91.2997
0.360699 4.59557 91.2997
0.444998 4.59557 91.2997
0.529299 4.59557 91.2997
0.613598 4.51127 91.2997
0.697899 4.51127 91.2997
0.782198 4.51127 91.2997
0.866499 4.51127 91.2997
0.950798 4.59557 91.2997
1.0351 4.59557 91.2997
1.1194 4.67987 91.2997
1.2037 4.67987 91.2997
1.288 4.67987 91.2997
1.3723 4.67987 91.2997
1.4566 4.76417 91.2997
1.5409 4.76417 91.2997
1.6252 4.76417 91.2997
1.7095 4.76417 91.2997
1.7938 4.76417 91.2997
1.8781 4.76417 91.2997
1.9624 4.76417 91.2997
2.0467 4.76417 91.2997
2.131 4.76417 91.2997
2.2153 4.76417 91.2997
2.2996 4.76417 91.2997
2.3839 4.76417 91.2997
2.4682 4.76417 91.2997
2.5525 4.76417 91.2997
2.6368 4.67987 91.2997
2.7211 4.59557 91.2997
2.8054 4.51127 91.2997
2.8054 4.42697 91.2997
2.8897 4.34267 91.2997
2.8897 4.25837 91.2997
2.8897 4.17407 91.2997
2.8897 4.08977 91.2997
2.8897 4.00547 91.2997
2.8897 3.92117 91.2997
2.8897 3.83687 91.2997
2.8897 3.75257 91.2997
2.8897 3.66827 91.2997
2.8897 3.58397 91.2997
2.8054 3.49967 91.2997
2.8054 3.41537 91.2997
2.7211 3.33107 91.2997
2.6368 3.24677 91.2997
2.5525 3.24677 91.2997
2.4682 3.33107 91.2997
2.3839 3.41537 91.2997
2.2996 3.41537 91.2997
2.2153 3.41537 91.2997
2.131 3.49967 91.2997
2.0467 3.49967 91.2997
1.9624 3.49967 91.2997
1.8781 3.41537 91.2997
1.7938 3.41537 91.2997
1.7095 3.33107 91.2997
1.6252 3.24677 91.2997
1.5409 3.16247 91.2997
1.4566 3.16247 91.2997
1.3723 3.16247 91.2997
1.288 3.16247 91.2997
1.2037 3.16247 91.2997
1.1194 3.16247 91.2997
1.0351 3.16247 91.2997
0.950798 3.16247 91.2997
0.866499 3.24677 91.2997
0.782198 3.24677 91.2997
0.782198 3.33107 91.2997
0.697899 3.41537 91.2997
0.613598 3.49967 91.2997
0.529299 3.58397 91.2997
0.444998 3.58397 91.2997
0.360699 3.66827 91.2997
0.276398 3.75257 91.2997
0.276398 3.83687 91.2997
0.192099 3.92117 91.2997
0.192099 4.00547 91.2997
0.107798 4.08977 91.2997
0.0234985 4.17407 91.2997
-0.0608025 4.25837 91.2997
-0.0608025 4.34267 91.2997
0.0234985 4.42697 91.2997
0.107798 4.51127 91.2997
0.107798 4.59557 91.2997
0.107798 4.67987 91.2997
0.107798 4.76417 91.2997
0.613598 5.26997 90.8997
0.697899 5.26997 90.8997
0.782198 5.26997 90.8997
0.866499 5.26997 90.8997
0.950798 5.26997 90.8997
1.0351 5.26997 90.8997
1.1194 5.26997 90.8997
1.2037 5.26997 90.8997
1.288 5.26997 90.8997
1.3723 5.26997 90.8997
1.4566 5.26997 90.8997
1.5409 5.26997 90.8997
1.6252 5.26997 90.8997
1.7095 5.26997 90.8997
1.7938 5.18567 90.8997
1.8781 5.18567 90.8997
1.9624 5.10137 90.8997
2.0467 5.10137 90.8997
2.131 5.01707 90.8997
2.2153 4.93277 90.8997
2.2996 4.84847 90.8997
2.3839 4.76417 90.8997
2.4682 4.67987 90.8997
2.5525 4.59557 90.8997
2.6368 4.51127 90.8997
2.7211 4.42697 90.8997
2.8054 4.34267 90.8997
2.8054 4.25837 90.8997
2.8054 4.17407 90.8997
2.8054 4.08977 90.8997
2.8054 4.00547 90.8997
2.8054 3.92117 90.8997
2.8054 3.83687 90.8997
2.8054 3.75257 90.8997
2.8054 3.66827 90.8997
2.8054 3.58397 90.8997
2.7211 3.49967 90.8997
2.6368 3.41537 90.8997
2.5525 3.33107 90.8997
2.5525 3.41537 90.8997
2.4682 3.49967 90.8997
2.3839 3.58397 90.8997
2.2996 3.58397 90.8997
2.2153 3.66827 90.8997
2.131 3.66827 90.8997
2.0467 3.75257 90.8997
1.9624 3.75257 90.8997
1.8781 3.83687 90.8997
1.8781 3.92117 90.8997
1.7938 4.00547 90.8997
1.7095 4.00547 90.8997
1.6252 4.00547 90.8997
1.5409 3.92117 90.8997
1.4566 3.92117 90.8997
1.3723 3.83687 90.8997
1.288 3.83687 90.8997
1.2037 3.75257 90.8997
1.1194 3.66827 90.8997
1.0351 3.66827 90.8997
0.950798 3.75257 90.8997
0.866499 3.75257 90.8997
0.782198 3.75257 90.8997
0.697899 3.75257 90.8997
0.613598 3.83687 90.8997
0.529299 3.92117 90.8997
0.444998 3.92117 90.8997
0.360699 3.92117 90.8997
0.276398 3.83687 90.8997
0.192099 3.83687 90.8997
0.107798 3.83687 90.8997
0.107798 3.92117 90.8997
0.107798 4.00547 90.8997
0.107798 4.08977 90.8997
0.107798 4.17407 90.8997
0.107798 4.25837 90.8997
0.107798 4.34267 90.8997
0.107798 4.42697 90.8997
0.107798 4.51127 90.8997
0.107798 4.59557 90.8997
0.107798 4.67987 90.8997
0.107798 4.76417 90.8997
0.192099 4.84847 90.8997
0.192099 4.93277 90.8997
0.276398 5.01707 90.8997
0.360699 5.10137 90.8997
0.444998 5.18567 90.8997
0.529299 5.18567 90.8997
0.613598 5.26997 90.8997
0.697899 5.01707 91.0997
0.782198 5.01707 91.0997
0.866499 5.01707 91.0997
0.950798 5.01707 91.0997
1.0351 5.01707 91.0997
1.1194 5.01707 91.0997
1.2037 5.01707 91.0997
1.288 5.01707 91.0997
1.3723 5.01707 91.0997
1.4566 5.01707 91.0997
1.5409 5.01707 91.0997
1.6252 4.93277 91.0997
1.7095 4.84847 91.0997
1.7938 4.84847 91.0997
1.8781 4.84847 91.0997
1.9624 4.84847 91.0997
2.0467 4.84847 91.0997
2.131 4.84847 91.0997
2.2153 4.84847 91.0997
2.2996 4.84847 91.0997
2.3839 4.84847 91.0997
2.4682 4.76417 91.0997
2.5525 4.76417 91.0997
2.6368 4.67987 91.0997
2.7211 4.59557 91.0997
2.8054 4.51127 91.0997
2.8054 4.42697 91.0997
2.8897 4.34267 91.0997
2.8897 4.25837 91.0997
2.8897 4.17407 91.0997
2.8897 4.08977 91.0997
2.8897 4.00547 91.0997
2.8897 3.92117 91.0997
2.8897 3.83687 91.0997
2.8897 3.75257 91.0997
2.8897 3.66827 91.0997
2.8897 3.58397 91.0997
2.8054 3.49967 91.0997
2.8054 3.41537 91.0997
2.7211 3.49967 91.0997
2.6368 3.58397 91.0997
2.5525 3.58397 91.0997
2.4682 3.58397 91.0997
2.3839 3.58397 91.0997
2.2996 3.58397 91.0997
2.2153 3.58397 91.0997
2.131 3.58397 91.0997
2.0467 3.58397 91.0997
1.9624 3.58397 91.0997
1.8781 3.58397 91.0997
1.7938 3.58397 91.0997
1.7095 3.58397 91.0997
1.6252 3.49967 91.0997
1.5409 3.49967 91.0997
1.4566 3.41537 91.0997
1.3723 3.33107 91.0997
1.288 3.33107 91.0997
1.2037 3.33107 91.0997
1.1194 3.33107 91.0997
1.0351 3.33107 91.0997
0.950798 3.41537 91.0997
0.866499 3.41537 91.0997
0.782198 3.49967 91.0997
0.697899 3.49967 91.0997
0.613598 3.58397 91.0997
0.529299 3.58397 91.0997
0.444998 3.66827 91.0997
0.360699 3.75257 91.0997
0.276398 3.83687 91.0997
0.192099 3.83687 91.0997
0.107798 3.92117 91.0997
0.0234985 4.00547 91.0997
-0.0608025 4.00547 91.0997
-0.0608025 4.08977 91.0997
-0.0608025 4.17407 91.0997
0.0234985 4.25837 91.0997
0.107798 4.34267 91.0997
0.107798 4.42697 91.0997
0.107798 4.51127 91.0997
0.107798 4.59557 91.0997
0.107798 4.67987 91.0997
0.107798 4.76417 91.0997
0.192099 4.76417 91.0997
0.276398 4.76417 91.0997
0.360699 4.76417 91.0997
0.444998 4.84847 91.0997
0.529299 4.84847 91.0997
0.613598 4.93277 91.0997
0.697899 5.01707 91.0997
0.697899 5.35427 90.6997
0.782198 5.35427 90.6997
0.866499 5.35427 90.6997
0.950798 5.35427 90.6997
1.0351 5.35427 90.6997
1.1194 5.35427 90.6997
1.2037 5.35427 90.6997
1.288 5.35427 90.6997
1.3723 5.35427 90.6997
1.4566 5.35427 90.6997
1.5409 5.35427 90.6997
1.6252 5.35427 90.6997
1.7095 5.26997 90.6997
1.7938 5.26997 90.6997
1.8781 5.18567 90.6997
1.9624 5.18567 90.6997
2.0467 5.10137 90.6997
2.131 5.01707 90.6997
2.2153 4.93277 90.6997
2.2153 4.84847 90.6997
2.2996 4.76417 90.6997
2.2996 4.67987 90.6997
2.3839 4.59557 90.6997
2.4682 4.51127 90.6997
2.5525 4.42697 90.6997
2.5525 4.34267 90.6997
2.5525 4.25837 90.6997
2.5525 4.17407 90.6997
2.5525 4.08977 90.6997
2.5525 4.00547 90.6997
2.5525 3.92117 90.6997
2.4682 3.83687 90.6997
2.3839 3.75257 90.6997
2.2996 3.66827 90.6997
2.2153 3.66827 90.6997
2.2153 3.75257 90.6997
2.2153 3.83687 90.6997
2.131 3.92117 90.6997
2.131 4.00547 90.6997
2.0467 4.08977 90.6997
1.9624 4.17407 90.6997
1.8781 4.25837 90.6997
1.7938 4.34267 90.6997
1.7095 4.34267 90.6997
1.6252 4.34267 90.6997
1.5409 4.34267 90.6997
1.4566 4.34267 90.6997
1.3723 4.25837 90.6997
1.288 4.17407 90.6997
1.2037 4.08977 90.6997
1.1194 4.00547 90.6997
1.0351 4.00547 90.6997
0.950798 4.00547 90.6997
0.866499 4.00547 90.6997
0.782198 4.00547 90.6997
0.697899 4.00547 90.6997
0.613598 4.00547 90.6997
0.529299 4.08977 90.6997
0.444998 4.08977 90.6997
0.360699 4.17407 90.6997
0.276398 4.17407 90.6997
0.192099 4.17407 90.6997
0.107798 4.17407 90.6997
0.107798 4.25837 90.6997
0.107798 4.34267 90.6997
0.107798 4.42697 90.6997
0.107798 4.51127 90.6997
0.107798 4.59557 90.6997
0.107798 4.67987 90.6997
0.107798 4.76417 90.6997
0.107798 4.84847 90.6997
0.192099 4.93277 90.6997
0.276398 5.01707 90.6997
0.360699 5.10137 90.6997
0.444998 5.18567 90.6997
0.529299 5.26997 90.6997
0.613598 5.26997 90.6997
0.697899 5.35427 90.6997
2.8054 3.92117 92.2997
2.8897 3.92117 92.2997
2.8897 3.83687 92.2997
2.974 3.75257 92.2997
2.974 3.66827 92.2997
2.974 3.58397 92.2997
2.974 3.49967 92.2997
2.974 3.41537 92.2997
2.974 3.33107 92.2997
2.8897 3.24677 92.2997
2.8054 3.16247 92.2997
2.7211 3.16247 92.2997
2.6368 3.07817 92.2997
2.5525 3.07817 92.2997
2.4682 2.99387 92.2997
2.3839 2.99387 92.2997
2.2996 2.99387 92.2997
2.2153 3.07817 92.2997
2.131 3.16247 92.2997
2.131 3.24677 92.2997
2.131 3.33107 92.2997
2.131 3.41537 92.2997
2.2153 3.49967 92.2997
2.2996 3.49967 92.2997
2.3839 3.49967 92.2997
2.4682 3.49967 92.2997
2.5525 3.49967 92.2997
2.6368 3.58397 92.2997
2.7211 3.66827 92.2997
2.7211 3.75257 92.2997
2.8054 3.83687 92.2997
2.8054 3.92117 92.2997
0.276398 3.49967 92.2997
0.360699 3.49967 92.2997
0.444998 3.49967 92.2997
0.529299 3.49967 92.2997
0.613598 3.49967 92.2997
0.697899 3.41537 92.2997
0.697899 3.33107 92.2997
0.697899 3.24677 92.2997
0.613598 3.24677 92.2997
0.529299 3.16247 92.2997
0.444998 3.07817 92.2997
0.360699 2.99387 92.2997
0.276398 2.90957 92.2997
0.192099 2.90957 92.2997
0.107798 2.90957 92.2997
0.0234985 2.90957 92.2997
-0.0608025 2.99387 92.2997
-0.0608025 3.07817 92.2997
-0.0608025 3.16247 92.2997
-0.0608025 3.24677 92.2997
0.0234985 3.24677 92.2997
0.107798 3.24677 92.2997
0.192099 3.33107 92.2997
0.192099 3.41537 92.2997
0.276398 3.49967 92.2997
2.8897 3.75257 92.4997
2.8897 3.66827 92.4997
2.8897 3.58397 92.4997
2.8897 3.49967 92.4997
2.8897 3.41537 92.4997
2.8897 3.33107 92.4997
2.8897 3.24677 92.4997
2.8054 3.16247 92.4997
2.7211 3.16247 92.4997
2.6368 3.07817 92.4997
2.5525 3.07817 92.4997
2.4682 2.99387 92.4997
2.3839 2.99387 92.4997
2.2996 2.99387 92.4997
2.2153 2.90957 92.4997
2.2153 2.99387 92.4997
2.2153 3.07817 92.4997
2.131 3.16247 92.4997
2.131 3.24677 92.4997
2.2153 3.33107 92.4997
2.2153 3.41537 92.4997
2.2996 3.41537 92.4997
2.3839 3.41537 92.4997
2.4682 3.41537 92.4997
2.5525 3.41537 92.4997
2.6368 3.41537 92.4997
2.7211 3.49967 92.4997
2.8054 3.58397 92.4997
2.8054 3.66827 92.4997
2.8897 3.75257 92.4997
2.8054 4.00547 92.0997
2.8897 3.92117 92.0997
2.8897 3.83687 92.0997
2.974 3.75257 92.0997
2.974 3.66827 92.0997
2.974 3.58397 92.0997
2.974 3.49967 92.0997
2.974 3.41537 92.0997
2.974 3.33107 92.0997
2.974 3.24677 92.0997
2.8897 3.16247 92.0997
2.8897 3.07817 92.0997
2.8054 2.99387 92.0997
2.7211 2.90957 92.0997
2.6368 2.82527 92.0997
2.5525 2.90957 92.0997
2.4682 2.90957 92.0997
2.4682 2.99387 92.0997
2.3839 3.07817 92.0997
2.2996 3.16247 92.0997
2.2153 3.24677 92.0997
2.131 3.24677 92.0997
2.0467 3.24677 92.0997
1.9624 3.24677 92.0997
1.8781 3.24677 92.0997
1.8781 3.33107 92.0997
1.9624 3.41537 92.0997
1.9624 3.49967 92.0997
2.0467 3.58397 92.0997
2.0467 3.66827 92.0997
2.131 3.66827 92.0997
2.2153 3.66827 92.0997
2.2996 3.66827 92.0997
2.3839 3.66827 92.0997
2.4682 3.66827 92.0997
2.5525 3.66827 92.0997
2.6368 3.75257 92.0997
2.7211 3.83687 92.0997
2.7211 3.92117 92.0997
2.8054 4.00547 92.0997
0.613598 3.83687 92.0997
0.697899 3.75257 92.0997
0.782198 3.75257 92.0997
0.866499 3.66827 92.0997
0.950798 3.66827 92.0997
1.0351 3.58397 92.0997
1.1194 3.49967 92.0997
1.1194 3.41537 92.0997
1.1194 3.33107 92.0997
1.0351 3.24677 92.0997
1.0351 3.16247 92.0997
0.950798 3.07817 92.0997
0.866499 2.99387 92.0997
0.782198 2.99387 92.0997
0.697899 2.99387 92.0997
0.613598 2.99387 92.0997
0.529299 2.99387 92.0997
0.444998 2.99387 92.0997
0.360699 2.99387 92.0997
0.276398 2.99387 92.0997
0.192099 2.99387 92.0997
0.107798 2.99387 92.0997
0.0234985 2.99387 92.0997
-0.0608025 2.99387 92.0997
-0.145102 3.07817 92.0997
-0.145102 3.16247 92.0997
-0.145102 3.24677 92.0997
-0.145102 3.33107 92.0997
-0.145102 3.41537 92.0997
-0.0608025 3.41537 92.0997
0.0234985 3.49967 92.0997
0.107798 3.58397 92.0997
0.192099 3.58397 92.0997
0.276398 3.66827 92.0997
0.360699 3.66827 92.0997
0.444998 3.75257 92.0997
0.529299 3.75257 92.0997
0.613598 3.83687 92.0997
-0.0608025 4.17407 91.8997
0.0234985 4.17407 91.8997
0.107798 4.08977 91.8997
0.192099 4.08977 91.8997
0.276398 4.00547 91.8997
0.360699 4.00547 91.8997
0.444998 4.00547 91.8997
0.529299 4.00547 91.8997
0.613598 3.92117 91.8997
0.697899 3.92117 91.8997
0.782198 3.92117 91.8997
0.866499 3.92117 91.8997
0.950798 3.92117 91.8997
1.0351 3.92117 91.8997
1.1194 3.92117 91.8997
1.2037 3.92117 91.8997
1.288 3.92117 91.8997
1.3723 3.92117 91.8997
1.4566 3.92117 91.8997
1.5409 3.92117 91.8997
1.6252 3.92117 91.8997
1.7095 3.92117 91.8997
1.7938 4.00547 91.8997
1.8781 4.00547 91.8997
1.9624 4.00547 91.8997
2.0467 4.08977 91.8997
2.131 4.08977 91.8997
2.2153 4.08977 91.8997
2.2996 4.08977 91.8997
2.3839 4.17407 91.8997
2.4682 4.17407 91.8997
2.5525 4.17407 91.8997
2.6368 4.08977 91.8997
2.7211 4.08977 91.8997
2.8054 4.00547 91.8997
2.8897 3.92117 91.8997
2.8897 3.83687 91.8997
2.974 3.75257 91.8997
2.974 3.66827 91.8997
2.974 3.58397 91.8997
2.974 3.49967 91.8997
2.974 3.41537 91.8997
2.974 3.33107 91.8997
2.974 3.24677 91.8997
2.8897 3.16247 91.8997
2.8897 3.07817 91.8997
2.8054 2.99387 91.8997
2.7211 2.90957 91.8997
2.6368 2.82527 91.8997
2.5525 2.82527 91.8997
2.4682 2.90957 91.8997
2.3839 2.99387 91.8997
2.3839 3.07817 91.8997
2.2996 3.16247 91.8997
2.2153 3.24677 91.8997
2.131 3.33107 91.8997
2.0467 3.33107 91.8997
1.9624 3.33107 91.8997
1.8781 3.33107 91.8997
1.7938 3.33107 91.8997
1.7095 3.41537 91.8997
1.6252 3.41537 91.8997
1.5409 3.41537 91.8997
1.4566 3.41537 91.8997
1.3723 3.33107 91.8997
1.288 3.24677 91.8997
1.288 3.16247 91.8997
1.2037 3.07817 91.8997
1.1194 2.99387 91.8997
1.0351 2.99387 91.8997
0.950798 2.90957 91.8997
0.866499 2.90957 91.8997
0.782198 2.99387 91.8997
0.697899 2.99387 91.8997
0.613598 3.07817 91.8997
0.529299 3.16247 91.8997
0.444998 3.24677 91.8997
0.360699 3.33107 91.8997
0.276398 3.41537 91.8997
0.192099 3.49967 91.8997
0.107798 3.58397 91.8997
0.0234985 3.66827 91.8997
-0.0608025 3.75257 91.8997
-0.0608025 3.83687 91.8997
-0.0608025 3.92117 91.8997
-0.0608025 4.00547 91.8997
-0.0608025 4.08977 91.8997
-0.0608025 4.17407 91.8997
2.5525 4.59557 91.6997
2.6368 4.51127 91.6997
2.7211 4.42697 91.6997
2.8054 4.34267 91.6997
2.8054 4.25837 91.6997
2.8054 4.17407 91.6997
2.8054 4.08977 91.6997
2.8054 4.00547 91.6997
2.8054 3.92117 91.6997
2.8054 3.83687 91.6997
2.8897 3.75257 91.6997
2.8897 3.66827 91.6997
2.8897 3.58397 91.6997
2.8897 3.49967 91.6997
2.8897 3.41537 91.6997
2.8897 3.33107 91.6997
2.8897 3.24677 91.6997
2.8054 3.16247 91.6997
2.7211 3.07817 91.6997
2.6368 2.99387 91.6997
2.5525 2.90957 91.6997
2.4682 2.99387 91.6997
2.4682 3.07817 91.6997
2.3839 3.16247 91.6997
2.2996 3.24677 91.6997
2.2153 3.24677 91.6997
2.131 3.24677 91.6997
2.0467 3.24677 91.6997
1.9624 3.24677 91.6997
1.8781 3.24677 91.6997
1.7938 3.24677 91.6997
1.7095 3.24677 91.6997
1.6252 3.24677 91.6997
1.5409 3.16247 91.6997
1.4566 3.16247 91.6997
1.3723 3.07817 91.6997
1.288 3.07817 91.6997
1.2037 2.99387 91.6997
1.1194 2.99387 91.6997
1.0351 2.90957 91.6997
0.950798 2.90957 91.6997
0.866499 2.99387 91.6997
0.782198 3.07817 91.6997
0.697899 3.16247 91.6997
0.613598 3.24677 91.6997
0.529299 3.33107 91.6997
0.444998 3.33107 91.6997
0.360699 3.41537 91.6997
0.276398 3.49967 91.6997
0.192099 3.49967 91.6997
0.107798 3.58397 91.6997
0.0234985 3.66827 91.6997
-0.0608025 3.66827 91.6997
-0.145102 3.75257 91.6997
-0.145102 3.83687 91.6997
-0.145102 3.92117 91.6997
-0.145102 4.00547 91.6997
-0.145102 4.08977 91.6997
-0.145102 4.17407 91.6997
-0.0608025 4.25837 91.6997
0.0234985 4.25837 91.6997
0.107798 4.17407 91.6997
0.192099 4.17407 91.6997
0.276398 4.08977 91.6997
0.360699 4.08977 91.6997
0.444998 4.08977 91.6997
0.529299 4.08977 91.6997
0.613598 4.08977 91.6997
0.697899 4.00547 91.6997
0.782198 4.00547 91.6997
0.866499 4.00547 91.6997
0.950798 4.00547 91.6997
1.0351 4.00547 91.6997
1.1194 4.00547 91.6997
1.2037 4.00547 91.6997
1.288 4.00547 91.6997
1.3723 4.00547 91.6997
1.4566 4.00547 91.6997
1.5409 4.08977 91.6997
1.6252 4.08977 91.6997
1.7095 4.08977 91.6997
1.7938 4.17407 91.6997
1.8781 4.08977 91.6997
1.9624 4.17407 91.6997
2.0467 4.17407 91.6997
2.131 4.25837 91.6997
2.2153 4.25837 91.6997
2.2996 4.34267 91.6997
2.3839 4.42697 91.6997
2.4682 4.51127 91.6997
2.5525 4.59557 91.6997
