# Output from PinnacleROI.cpp
# First line is number of curves
# Second line is space-separated number of points in each curve
# Remainder are the points themselves
30
107 127 131 131 127 122 117 113 118 121 122 128 128 129 126 124 122 120 108 92 90 86 86 84 81 79 78 80 76 56 
1.7938 2.23517 83.4998
1.8781 2.23517 83.4998
1.9624 2.23517 83.4998
2.0467 2.23517 83.4998
2.131 2.15087 83.4998
2.2153 2.15087 83.4998
2.2996 2.06657 83.4998
2.3839 1.98227 83.4998
2.4682 1.89797 83.4998
2.5525 1.89797 83.4998
2.6368 1.81367 83.4998
2.6368 1.72937 83.4998
2.7211 1.64507 83.4998
2.7211 1.56077 83.4998
2.7211 1.47647 83.4998
2.7211 1.39217 83.4998
2.7211 1.30787 83.4998
2.6368 1.22357 83.4998
2.6368 1.13927 83.4998
2.5525 1.05497 83.4998
2.5525 0.970671 83.4998
2.4682 0.886372 83.4998
2.4682 0.802071 83.4998
2.3839 0.717772 83.4998
2.3839 0.633471 83.4998
2.2996 0.549171 83.4998
2.2996 0.46487 83.4998
2.2153 0.380571 83.4998
2.2153 0.29627 83.4998
2.131 0.211971 83.4998
2.131 0.12767 83.4998
2.0467 0.0433712 83.4998
1.9624 -0.0409298 83.4998
1.9624 -0.125229 83.4998
1.8781 -0.20953 83.4998
1.7938 -0.293829 83.4998
1.7095 -0.37813 83.4998
1.6252 -0.462429 83.4998
1.5409 -0.462429 83.4998
1.4566 -0.54673 83.4998
1.3723 -0.54673 83.4998
1.288 -0.631029 83.4998
1.2037 -0.631029 83.4998
1.1194 -0.631029 83.4998
1.0351 -0.631029 83.4998
0.950798 -0.631029 83.4998
0.866499 -0.631029 83.4998
0.782198 -0.631029 83.4998
0.697899 -0.54673 83.4998
0.613598 -0.54673 83.4998
0.529299 -0.462429 83.4998
0.444998 -0.37813 83.4998
0.444998 -0.293829 83.4998
0.360699 -0.20953 83.4998
0.276398 -0.125229 83.4998
0.192099 -0.125229 83.4998
0.107798 -0.0409298 83.4998
0.0234985 0.0433712 83.4998
-0.0608025 0.12767 83.4998
-0.145102 0.211971 83.4998
-0.229403 0.29627 83.4998
-0.313702 0.380571 83.4998
-0.398003 0.46487 83.4998
-0.482302 0.549171 83.4998
-0.482302 0.633471 83.4998
-0.566601 0.717772 83.4998
-0.566601 0.802071 83.4998
-0.650902 0.886372 83.4998
-0.650902 0.970671 83.4998
-0.650902 1.05497 83.4998
-0.650902 1.13927 83.4998
-0.650902 1.22357 83.4998
-0.650902 1.30787 83.4998
-0.650902 1.39217 83.4998
-0.650902 1.47647 83.4998
-0.650902 1.56077 83.4998
-0.566601 1.64507 83.4998
-0.566601 1.72937 83.4998
-0.482302 1.81367 83.4998
-0.482302 1.89797 83.4998
-0.398003 1.89797 83.4998
-0.313702 1.98227 83.4998
-0.229403 1.98227 83.4998
-0.145102 2.06657 83.4998
-0.0608025 2.06657 83.4998
0.0234985 2.06657 83.4998
0.107798 2.06657 83.4998
0.192099 1.98227 83.4998
0.276398 1.98227 83.4998
0.360699 1.98227 83.4998
0.444998 1.89797 83.4998
0.529299 1.89797 83.4998
0.613598 1.81367 83.4998
0.697899 1.81367 83.4998
0.782198 1.89797 83.4998
0.866499 1.89797 83.4998
0.950798 1.89797 83.4998
1.0351 1.89797 83.4998
1.1194 1.98227 83.4998
1.2037 1.98227 83.4998
1.288 2.06657 83.4998
1.3723 2.06657 83.4998
1.4566 2.15087 83.4998
1.5409 2.15087 83.4998
1.6252 2.15087 83.4998
1.7095 2.15087 83.4998
1.7938 2.23517 83.4998
1.6252 2.48807 83.6998
1.7095 2.48807 83.6998
1.7938 2.48807 83.6998
1.8781 2.48807 83.6998
1.9624 2.48807 83.6998
2.0467 2.48807 83.6998
2.131 2.48807 83.6998
2.2153 2.48807 83.6998
2.2996 2.40377 83.6998
2.3839 2.40377 83.6998
2.4682 2.31947 83.6998
2.5525 2.23517 83.6998
2.6368 2.15087 83.6998
2.7211 2.15087 83.6998
2.8054 2.06657 83.6998
2.8897 1.98227 83.6998
2.8897 1.89797 83.6998
2.974 1.81367 83.6998
2.974 1.72937 83.6998
2.974 1.64507 83.6998
2.974 1.56077 83.6998
2.974 1.47647 83.6998
2.974 1.39217 83.6998
2.974 1.30787 83.6998
2.974 1.22357 83.6998
2.974 1.13927 83.6998
2.8897 1.05497 83.6998
2.8897 0.970671 83.6998
2.8054 0.886372 83.6998
2.8054 0.802071 83.6998
2.7211 0.717772 83.6998
2.7211 0.633471 83.6998
2.6368 0.549171 83.6998
2.6368 0.46487 83.6998
2.5525 0.380571 83.6998
2.5525 0.29627 83.6998
2.4682 0.211971 83.6998
2.4682 0.12767 83.6998
2.3839 0.0433712 83.6998
2.3839 -0.0409298 83.6998
2.2996 -0.125229 83.6998
2.2153 -0.20953 83.6998
2.2153 -0.293829 83.6998
2.131 -0.37813 83.6998
2.0467 -0.462429 83.6998
1.9624 -0.54673 83.6998
1.8781 -0.631029 83.6998
1.7938 -0.71533 83.6998
1.7095 -0.71533 83.6998
1.6252 -0.799629 83.6998
1.5409 -0.799629 83.6998
1.4566 -0.88393 83.6998
1.3723 -0.88393 83.6998
1.288 -0.88393 83.6998
1.2037 -0.88393 83.6998
1.1194 -0.88393 83.6998
1.0351 -0.88393 83.6998
0.950798 -0.88393 83.6998
0.866499 -0.88393 83.6998
0.782198 -0.88393 83.6998
0.697899 -0.88393 83.6998
0.613598 -0.88393 83.6998
0.529299 -0.799629 83.6998
0.444998 -0.799629 83.6998
0.360699 -0.71533 83.6998
0.276398 -0.631029 83.6998
0.192099 -0.54673 83.6998
0.192099 -0.462429 83.6998
0.107798 -0.37813 83.6998
0.0234985 -0.37813 83.6998
-0.0608025 -0.293829 83.6998
-0.145102 -0.20953 83.6998
-0.229403 -0.125229 83.6998
-0.313702 -0.0409298 83.6998
-0.398003 0.0433712 83.6998
-0.482302 0.12767 83.6998
-0.566601 0.211971 83.6998
-0.650902 0.29627 83.6998
-0.735201 0.380571 83.6998
-0.735201 0.46487 83.6998
-0.819502 0.549171 83.6998
-0.819502 0.633471 83.6998
-0.903801 0.717772 83.6998
-0.903801 0.802071 83.6998
-0.903801 0.886372 83.6998
-0.903801 0.970671 83.6998
-0.903801 1.05497 83.6998
-0.903801 1.13927 83.6998
-0.903801 1.22357 83.6998
-0.903801 1.30787 83.6998
-0.903801 1.39217 83.6998
-0.903801 1.47647 83.6998
-0.903801 1.56077 83.6998
-0.903801 1.64507 83.6998
-0.903801 1.72937 83.6998
-0.819502 1.81367 83.6998
-0.819502 1.89797 83.6998
-0.735201 1.98227 83.6998
-0.735201 2.06657 83.6998
-0.650902 2.15087 83.6998
-0.566601 2.15087 83.6998
-0.482302 2.23517 83.6998
-0.398003 2.23517 83.6998
-0.313702 2.31947 83.6998
-0.229403 2.31947 83.6998
-0.145102 2.31947 83.6998
-0.0608025 2.31947 83.6998
0.0234985 2.31947 83.6998
0.107798 2.31947 83.6998
0.192099 2.31947 83.6998
0.276398 2.31947 83.6998
0.360699 2.23517 83.6998
0.444998 2.23517 83.6998
0.529299 2.23517 83.6998
0.613598 2.15087 83.6998
0.697899 2.15087 83.6998
0.782198 2.15087 83.6998
0.866499 2.15087 83.6998
0.950798 2.23517 83.6998
1.0351 2.23517 83.6998
1.1194 2.31947 83.6998
1.2037 2.31947 83.6998
1.288 2.40377 83.6998
1.3723 2.40377 83.6998
1.4566 2.40377 83.6998
1.5409 2.40377 83.6998
1.6252 2.48807 83.6998
1.7095 2.57237 83.8998
1.7938 2.57237 83.8998
1.8781 2.57237 83.8998
1.9624 2.57237 83.8998
2.0467 2.57237 83.8998
2.131 2.57237 83.8998
2.2153 2.48807 83.8998
2.2996 2.48807 83.8998
2.3839 2.40377 83.8998
2.4682 2.40377 83.8998
2.5525 2.31947 83.8998
2.6368 2.23517 83.8998
2.7211 2.15087 83.8998
2.8054 2.15087 83.8998
2.8897 2.06657 83.8998
2.8897 1.98227 83.8998
2.974 1.89797 83.8998
2.974 1.81367 83.8998
3.0583 1.72937 83.8998
3.0583 1.64507 83.8998
3.0583 1.56077 83.8998
3.0583 1.47647 83.8998
3.0583 1.39217 83.8998
3.0583 1.30787 83.8998
3.0583 1.22357 83.8998
3.0583 1.13927 83.8998
3.0583 1.05497 83.8998
2.974 0.970671 83.8998
2.974 0.886372 83.8998
2.974 0.802071 83.8998
2.974 0.717772 83.8998
2.8897 0.633471 83.8998
2.8897 0.549171 83.8998
2.8054 0.46487 83.8998
2.8054 0.380571 83.8998
2.7211 0.29627 83.8998
2.7211 0.211971 83.8998
2.6368 0.12767 83.8998
2.5525 0.0433712 83.8998
2.5525 -0.0409298 83.8998
2.4682 -0.125229 83.8998
2.3839 -0.20953 83.8998
2.2996 -0.293829 83.8998
2.2153 -0.37813 83.8998
2.131 -0.462429 83.8998
2.0467 -0.54673 83.8998
1.9624 -0.631029 83.8998
1.8781 -0.71533 83.8998
1.7938 -0.71533 83.8998
1.7095 -0.799629 83.8998
1.6252 -0.799629 83.8998
1.5409 -0.88393 83.8998
1.4566 -0.88393 83.8998
1.3723 -0.968229 83.8998
1.288 -0.968229 83.8998
1.2037 -0.968229 83.8998
1.1194 -0.968229 83.8998
1.0351 -0.968229 83.8998
0.950798 -0.968229 83.8998
0.866499 -0.968229 83.8998
0.782198 -0.968229 83.8998
0.697899 -0.968229 83.8998
0.613598 -0.88393 83.8998
0.529299 -0.88393 83.8998
0.444998 -0.799629 83.8998
0.360699 -0.799629 83.8998
0.276398 -0.71533 83.8998
0.192099 -0.631029 83.8998
0.107798 -0.54673 83.8998
0.107798 -0.462429 83.8998
0.0234985 -0.37813 83.8998
-0.0608025 -0.37813 83.8998
-0.145102 -0.293829 83.8998
-0.229403 -0.20953 83.8998
-0.313702 -0.125229 83.8998
-0.398003 -0.0409298 83.8998
-0.482302 0.0433712 83.8998
-0.566601 0.12767 83.8998
-0.650902 0.211971 83.8998
-0.735201 0.29627 83.8998
-0.819502 0.380571 83.8998
-0.819502 0.46487 83.8998
-0.903801 0.549171 83.8998
-0.903801 0.633471 83.8998
-0.903801 0.717772 83.8998
-0.988102 0.802071 83.8998
-0.988102 0.886372 83.8998
-0.988102 0.970671 83.8998
-0.988102 1.05497 83.8998
-0.988102 1.13927 83.8998
-0.988102 1.22357 83.8998
-0.988102 1.30787 83.8998
-0.988102 1.39217 83.8998
-0.988102 1.47647 83.8998
-0.988102 1.56077 83.8998
-0.988102 1.64507 83.8998
-0.903801 1.72937 83.8998
-0.903801 1.81367 83.8998
-0.819502 1.89797 83.8998
-0.819502 1.98227 83.8998
-0.735201 2.06657 83.8998
-0.735201 2.15087 83.8998
-0.650902 2.15087 83.8998
-0.566601 2.23517 83.8998
-0.482302 2.23517 83.8998
-0.398003 2.31947 83.8998
-0.313702 2.31947 83.8998
-0.229403 2.40377 83.8998
-0.145102 2.40377 83.8998
-0.0608025 2.40377 83.8998
0.0234985 2.40377 83.8998
0.107798 2.40377 83.8998
0.192099 2.40377 83.8998
0.276398 2.31947 83.8998
0.360699 2.31947 83.8998
0.444998 2.31947 83.8998
0.529299 2.23517 83.8998
0.613598 2.23517 83.8998
0.697899 2.23517 83.8998
0.782198 2.23517 83.8998
0.866499 2.23517 83.8998
0.950798 2.23517 83.8998
1.0351 2.31947 83.8998
1.1194 2.31947 83.8998
1.2037 2.40377 83.8998
1.288 2.40377 83.8998
1.3723 2.48807 83.8998
1.4566 2.48807 83.8998
1.5409 2.48807 83.8998
1.6252 2.48807 83.8998
1.7095 2.57237 83.8998
1.6252 2.48807 84.0998
1.7095 2.48807 84.0998
1.7938 2.48807 84.0998
1.8781 2.48807 84.0998
1.9624 2.48807 84.0998
2.0467 2.48807 84.0998
2.131 2.48807 84.0998
2.2153 2.48807 84.0998
2.2996 2.40377 84.0998
2.3839 2.40377 84.0998
2.4682 2.31947 84.0998
2.5525 2.23517 84.0998
2.6368 2.23517 84.0998
2.7211 2.15087 84.0998
2.8054 2.06657 84.0998
2.8897 1.98227 84.0998
2.974 1.89797 84.0998
2.974 1.81367 84.0998
3.0583 1.72937 84.0998
3.0583 1.64507 84.0998
3.1426 1.56077 84.0998
3.1426 1.47647 84.0998
3.1426 1.39217 84.0998
3.1426 1.30787 84.0998
3.1426 1.22357 84.0998
3.1426 1.13927 84.0998
3.0583 1.05497 84.0998
3.0583 0.970671 84.0998
3.0583 0.886372 84.0998
3.0583 0.802071 84.0998
2.974 0.717772 84.0998
2.974 0.633471 84.0998
2.8897 0.549171 84.0998
2.8897 0.46487 84.0998
2.8054 0.380571 84.0998
2.8054 0.29627 84.0998
2.7211 0.211971 84.0998
2.7211 0.12767 84.0998
2.6368 0.0433712 84.0998
2.5525 -0.0409298 84.0998
2.5525 -0.125229 84.0998
2.4682 -0.20953 84.0998
2.3839 -0.293829 84.0998
2.2996 -0.293829 84.0998
2.2153 -0.37813 84.0998
2.131 -0.462429 84.0998
2.0467 -0.462429 84.0998
1.9624 -0.54673 84.0998
1.8781 -0.631029 84.0998
1.7938 -0.71533 84.0998
1.7095 -0.71533 84.0998
1.6252 -0.799629 84.0998
1.5409 -0.799629 84.0998
1.4566 -0.88393 84.0998
1.3723 -0.88393 84.0998
1.288 -0.88393 84.0998
1.2037 -0.88393 84.0998
1.1194 -0.88393 84.0998
1.0351 -0.88393 84.0998
0.950798 -0.88393 84.0998
0.866499 -0.88393 84.0998
0.782198 -0.88393 84.0998
0.697899 -0.88393 84.0998
0.613598 -0.88393 84.0998
0.529299 -0.799629 84.0998
0.444998 -0.799629 84.0998
0.360699 -0.71533 84.0998
0.276398 -0.71533 84.0998
0.192099 -0.631029 84.0998
0.107798 -0.631029 84.0998
0.107798 -0.54673 84.0998
0.0234985 -0.462429 84.0998
-0.0608025 -0.37813 84.0998
-0.145102 -0.293829 84.0998
-0.229403 -0.293829 84.0998
-0.313702 -0.20953 84.0998
-0.398003 -0.125229 84.0998
-0.482302 -0.0409298 84.0998
-0.566601 0.0433712 84.0998
-0.650902 0.12767 84.0998
-0.735201 0.211971 84.0998
-0.819502 0.29627 84.0998
-0.819502 0.380571 84.0998
-0.903801 0.46487 84.0998
-0.903801 0.549171 84.0998
-0.988102 0.633471 84.0998
-0.988102 0.717772 84.0998
-0.988102 0.802071 84.0998
-0.988102 0.886372 84.0998
-0.988102 0.970671 84.0998
-0.988102 1.05497 84.0998
-0.988102 1.13927 84.0998
-0.988102 1.22357 84.0998
-0.988102 1.30787 84.0998
-0.988102 1.39217 84.0998
-0.988102 1.47647 84.0998
-0.903801 1.56077 84.0998
-0.903801 1.64507 84.0998
-0.903801 1.72937 84.0998
-0.819502 1.81367 84.0998
-0.819502 1.89797 84.0998
-0.735201 1.98227 84.0998
-0.735201 2.06657 84.0998
-0.650902 2.15087 84.0998
-0.566601 2.15087 84.0998
-0.482302 2.23517 84.0998
-0.398003 2.23517 84.0998
-0.313702 2.31947 84.0998
-0.229403 2.31947 84.0998
-0.145102 2.31947 84.0998
-0.0608025 2.31947 84.0998
0.0234985 2.31947 84.0998
0.107798 2.31947 84.0998
0.192099 2.31947 84.0998
0.276398 2.31947 84.0998
0.360699 2.23517 84.0998
0.444998 2.23517 84.0998
0.529299 2.23517 84.0998
0.613598 2.15087 84.0998
0.697899 2.15087 84.0998
0.782198 2.15087 84.0998
0.866499 2.15087 84.0998
0.950798 2.23517 84.0998
1.0351 2.23517 84.0998
1.1194 2.31947 84.0998
1.2037 2.31947 84.0998
1.288 2.40377 84.0998
1.3723 2.40377 84.0998
1.4566 2.40377 84.0998
1.5409 2.40377 84.0998
1.6252 2.48807 84.0998
1.5409 2.48807 84.2998
1.6252 2.48807 84.2998
1.7095 2.48807 84.2998
1.7938 2.48807 84.2998
1.8781 2.48807 84.2998
1.9624 2.48807 84.2998
2.0467 2.48807 84.2998
2.131 2.40377 84.2998
2.2153 2.40377 84.2998
2.2996 2.31947 84.2998
2.3839 2.31947 84.2998
2.4682 2.23517 84.2998
2.5525 2.23517 84.2998
2.6368 2.15087 84.2998
2.7211 2.06657 84.2998
2.8054 1.98227 84.2998
2.8897 1.89797 84.2998
2.974 1.81367 84.2998
2.974 1.72937 84.2998
3.0583 1.64507 84.2998
3.0583 1.56077 84.2998
3.0583 1.47647 84.2998
3.0583 1.39217 84.2998
3.0583 1.30787 84.2998
3.0583 1.22357 84.2998
3.0583 1.13927 84.2998
3.0583 1.05497 84.2998
2.974 0.970671 84.2998
2.974 0.886372 84.2998
2.974 0.802071 84.2998
2.974 0.717772 84.2998
2.8897 0.633471 84.2998
2.8897 0.549171 84.2998
2.8054 0.46487 84.2998
2.8054 0.380571 84.2998
2.7211 0.29627 84.2998
2.7211 0.211971 84.2998
2.6368 0.12767 84.2998
2.5525 0.0433712 84.2998
2.5525 -0.0409298 84.2998
2.4682 -0.125229 84.2998
2.3839 -0.20953 84.2998
2.2996 -0.293829 84.2998
2.2153 -0.293829 84.2998
2.131 -0.37813 84.2998
2.0467 -0.462429 84.2998
1.9624 -0.462429 84.2998
1.8781 -0.54673 84.2998
1.7938 -0.54673 84.2998
1.7095 -0.631029 84.2998
1.6252 -0.631029 84.2998
1.5409 -0.71533 84.2998
1.4566 -0.71533 84.2998
1.3723 -0.799629 84.2998
1.288 -0.799629 84.2998
1.2037 -0.799629 84.2998
1.1194 -0.799629 84.2998
1.0351 -0.799629 84.2998
0.950798 -0.799629 84.2998
0.866499 -0.799629 84.2998
0.782198 -0.799629 84.2998
0.697899 -0.71533 84.2998
0.613598 -0.71533 84.2998
0.529299 -0.71533 84.2998
0.444998 -0.71533 84.2998
0.360699 -0.71533 84.2998
0.276398 -0.631029 84.2998
0.192099 -0.631029 84.2998
0.107798 -0.54673 84.2998
0.107798 -0.462429 84.2998
0.0234985 -0.37813 84.2998
-0.0608025 -0.37813 84.2998
-0.145102 -0.293829 84.2998
-0.229403 -0.20953 84.2998
-0.313702 -0.125229 84.2998
-0.398003 -0.0409298 84.2998
-0.482302 0.0433712 84.2998
-0.566601 0.12767 84.2998
-0.650902 0.211971 84.2998
-0.735201 0.29627 84.2998
-0.819502 0.380571 84.2998
-0.819502 0.46487 84.2998
-0.903801 0.549171 84.2998
-0.903801 0.633471 84.2998
-0.903801 0.717772 84.2998
-0.903801 0.802071 84.2998
-0.988102 0.886372 84.2998
-0.988102 0.970671 84.2998
-0.988102 1.05497 84.2998
-0.988102 1.13927 84.2998
-0.988102 1.22357 84.2998
-0.988102 1.30787 84.2998
-0.988102 1.39217 84.2998
-0.988102 1.47647 84.2998
-0.903801 1.56077 84.2998
-0.903801 1.64507 84.2998
-0.819502 1.72937 84.2998
-0.819502 1.81367 84.2998
-0.735201 1.89797 84.2998
-0.735201 1.98227 84.2998
-0.650902 1.98227 84.2998
-0.566601 2.06657 84.2998
-0.482302 2.06657 84.2998
-0.398003 2.15087 84.2998
-0.313702 2.15087 84.2998
-0.229403 2.23517 84.2998
-0.145102 2.23517 84.2998
-0.0608025 2.23517 84.2998
0.0234985 2.23517 84.2998
0.107798 2.23517 84.2998
0.192099 2.23517 84.2998
0.276398 2.23517 84.2998
0.360699 2.23517 84.2998
0.444998 2.23517 84.2998
0.529299 2.15087 84.2998
0.613598 2.15087 84.2998
0.697899 2.15087 84.2998
0.782198 2.06657 84.2998
0.866499 2.06657 84.2998
0.950798 2.15087 84.2998
1.0351 2.15087 84.2998
1.1194 2.23517 84.2998
1.2037 2.31947 84.2998
1.288 2.31947 84.2998
1.3723 2.40377 84.2998
1.4566 2.40377 84.2998
1.5409 2.48807 84.2998
1.4566 2.40377 84.4998
1.5409 2.40377 84.4998
1.6252 2.40377 84.4998
1.7095 2.40377 84.4998
1.7938 2.40377 84.4998
1.8781 2.40377 84.4998
1.9624 2.40377 84.4998
2.0467 2.40377 84.4998
2.131 2.40377 84.4998
2.2153 2.31947 84.4998
2.2996 2.31947 84.4998
2.3839 2.23517 84.4998
2.4682 2.23517 84.4998
2.5525 2.15087 84.4998
2.6368 2.06657 84.4998
2.6368 1.98227 84.4998
2.7211 1.89797 84.4998
2.7211 1.81367 84.4998
2.8054 1.72937 84.4998
2.8054 1.64507 84.4998
2.8897 1.56077 84.4998
2.8897 1.47647 84.4998
2.8897 1.39217 84.4998
2.8897 1.30787 84.4998
2.8897 1.22357 84.4998
2.8897 1.13927 84.4998
2.8897 1.05497 84.4998
2.8897 0.970671 84.4998
2.8897 0.886372 84.4998
2.8054 0.802071 84.4998
2.8054 0.717772 84.4998
2.7211 0.633471 84.4998
2.7211 0.549171 84.4998
2.6368 0.46487 84.4998
2.6368 0.380571 84.4998
2.5525 0.29627 84.4998
2.5525 0.211971 84.4998
2.4682 0.12767 84.4998
2.4682 0.0433712 84.4998
2.3839 -0.0409298 84.4998
2.3839 -0.125229 84.4998
2.2996 -0.20953 84.4998
2.2153 -0.293829 84.4998
2.131 -0.37813 84.4998
2.0467 -0.462429 84.4998
1.9624 -0.462429 84.4998
1.8781 -0.54673 84.4998
1.7938 -0.54673 84.4998
1.7095 -0.631029 84.4998
1.6252 -0.631029 84.4998
1.5409 -0.71533 84.4998
1.4566 -0.71533 84.4998
1.3723 -0.71533 84.4998
1.288 -0.799629 84.4998
1.2037 -0.799629 84.4998
1.1194 -0.799629 84.4998
1.0351 -0.799629 84.4998
0.950798 -0.799629 84.4998
0.866499 -0.799629 84.4998
0.782198 -0.71533 84.4998
0.697899 -0.71533 84.4998
0.613598 -0.71533 84.4998
0.529299 -0.631029 84.4998
0.444998 -0.631029 84.4998
0.360699 -0.54673 84.4998
0.276398 -0.54673 84.4998
0.192099 -0.462429 84.4998
0.107798 -0.37813 84.4998
0.0234985 -0.37813 84.4998
-0.0608025 -0.293829 84.4998
-0.0608025 -0.20953 84.4998
-0.145102 -0.125229 84.4998
-0.229403 -0.0409298 84.4998
-0.313702 0.0433712 84.4998
-0.398003 0.12767 84.4998
-0.482302 0.211971 84.4998
-0.566601 0.29627 84.4998
-0.650902 0.380571 84.4998
-0.735201 0.46487 84.4998
-0.735201 0.549171 84.4998
-0.819502 0.633471 84.4998
-0.819502 0.717772 84.4998
-0.903801 0.802071 84.4998
-0.903801 0.886372 84.4998
-0.903801 0.970671 84.4998
-0.903801 1.05497 84.4998
-0.903801 1.13927 84.4998
-0.903801 1.22357 84.4998
-0.903801 1.30787 84.4998
-0.903801 1.39217 84.4998
-0.903801 1.47647 84.4998
-0.903801 1.56077 84.4998
-0.819502 1.64507 84.4998
-0.819502 1.72937 84.4998
-0.735201 1.81367 84.4998
-0.735201 1.89797 84.4998
-0.650902 1.98227 84.4998
-0.566601 1.98227 84.4998
-0.482302 2.06657 84.4998
-0.398003 2.06657 84.4998
-0.313702 2.15087 84.4998
-0.229403 2.15087 84.4998
-0.145102 2.15087 84.4998
-0.0608025 2.15087 84.4998
0.0234985 2.23517 84.4998
0.107798 2.23517 84.4998
0.192099 2.23517 84.4998
0.276398 2.23517 84.4998
0.360699 2.23517 84.4998
0.444998 2.23517 84.4998
0.529299 2.23517 84.4998
0.613598 2.23517 84.4998
0.697899 2.15087 84.4998
0.782198 2.15087 84.4998
0.866499 2.23517 84.4998
0.950798 2.23517 84.4998
1.0351 2.23517 84.4998
1.1194 2.23517 84.4998
1.2037 2.23517 84.4998
1.288 2.31947 84.4998
1.3723 2.31947 84.4998
1.4566 2.40377 84.4998
0.950798 2.31947 84.6998
1.0351 2.31947 84.6998
1.1194 2.31947 84.6998
1.2037 2.31947 84.6998
1.288 2.31947 84.6998
1.3723 2.31947 84.6998
1.4566 2.31947 84.6998
1.5409 2.31947 84.6998
1.6252 2.23517 84.6998
1.7095 2.23517 84.6998
1.7938 2.23517 84.6998
1.8781 2.23517 84.6998
1.9624 2.23517 84.6998
2.0467 2.23517 84.6998
2.131 2.23517 84.6998
2.2153 2.23517 84.6998
2.2996 2.15087 84.6998
2.3839 2.15087 84.6998
2.4682 2.06657 84.6998
2.5525 1.98227 84.6998
2.6368 1.89797 84.6998
2.7211 1.81367 84.6998
2.7211 1.72937 84.6998
2.8054 1.64507 84.6998
2.8054 1.56077 84.6998
2.8054 1.47647 84.6998
2.8054 1.39217 84.6998
2.8054 1.30787 84.6998
2.8054 1.22357 84.6998
2.8054 1.13927 84.6998
2.8054 1.05497 84.6998
2.8054 0.970671 84.6998
2.8054 0.886372 84.6998
2.8054 0.802071 84.6998
2.8054 0.717772 84.6998
2.7211 0.633471 84.6998
2.7211 0.549171 84.6998
2.6368 0.46487 84.6998
2.6368 0.380571 84.6998
2.5525 0.29627 84.6998
2.5525 0.211971 84.6998
2.4682 0.12767 84.6998
2.3839 0.0433712 84.6998
2.3839 -0.0409298 84.6998
2.2996 -0.125229 84.6998
2.2996 -0.20953 84.6998
2.2153 -0.293829 84.6998
2.131 -0.37813 84.6998
2.0467 -0.462429 84.6998
1.9624 -0.54673 84.6998
1.8781 -0.54673 84.6998
1.7938 -0.631029 84.6998
1.7095 -0.631029 84.6998
1.6252 -0.71533 84.6998
1.5409 -0.71533 84.6998
1.4566 -0.71533 84.6998
1.3723 -0.799629 84.6998
1.288 -0.799629 84.6998
1.2037 -0.799629 84.6998
1.1194 -0.799629 84.6998
1.0351 -0.799629 84.6998
0.950798 -0.799629 84.6998
0.866499 -0.799629 84.6998
0.782198 -0.799629 84.6998
0.697899 -0.799629 84.6998
0.613598 -0.71533 84.6998
0.529299 -0.71533 84.6998
0.444998 -0.631029 84.6998
0.360699 -0.631029 84.6998
0.276398 -0.54673 84.6998
0.192099 -0.462429 84.6998
0.107798 -0.37813 84.6998
0.0234985 -0.293829 84.6998
-0.0608025 -0.293829 84.6998
-0.145102 -0.20953 84.6998
-0.145102 -0.125229 84.6998
-0.229403 -0.0409298 84.6998
-0.313702 0.0433712 84.6998
-0.313702 0.12767 84.6998
-0.398003 0.211971 84.6998
-0.398003 0.29627 84.6998
-0.482302 0.380571 84.6998
-0.482302 0.46487 84.6998
-0.566601 0.549171 84.6998
-0.566601 0.633471 84.6998
-0.650902 0.717772 84.6998
-0.650902 0.802071 84.6998
-0.650902 0.886372 84.6998
-0.650902 0.970671 84.6998
-0.650902 1.05497 84.6998
-0.650902 1.13927 84.6998
-0.650902 1.22357 84.6998
-0.650902 1.30787 84.6998
-0.650902 1.39217 84.6998
-0.650902 1.47647 84.6998
-0.650902 1.56077 84.6998
-0.650902 1.64507 84.6998
-0.566601 1.72937 84.6998
-0.566601 1.81367 84.6998
-0.482302 1.89797 84.6998
-0.398003 1.98227 84.6998
-0.313702 1.98227 84.6998
-0.229403 2.06657 84.6998
-0.145102 2.06657 84.6998
-0.0608025 2.15087 84.6998
0.0234985 2.15087 84.6998
0.107798 2.15087 84.6998
0.192099 2.15087 84.6998
0.276398 2.23517 84.6998
0.360699 2.23517 84.6998
0.444998 2.23517 84.6998
0.529299 2.23517 84.6998
0.613598 2.23517 84.6998
0.697899 2.23517 84.6998
0.782198 2.23517 84.6998
0.866499 2.23517 84.6998
0.950798 2.31947 84.6998
0.360699 2.31947 84.8998
0.444998 2.31947 84.8998
0.529299 2.31947 84.8998
0.613598 2.31947 84.8998
0.697899 2.31947 84.8998
0.782198 2.31947 84.8998
0.866499 2.31947 84.8998
0.950798 2.31947 84.8998
1.0351 2.31947 84.8998
1.1194 2.31947 84.8998
1.2037 2.31947 84.8998
1.288 2.31947 84.8998
1.3723 2.31947 84.8998
1.4566 2.31947 84.8998
1.5409 2.31947 84.8998
1.6252 2.31947 84.8998
1.7095 2.31947 84.8998
1.7938 2.31947 84.8998
1.8781 2.31947 84.8998
1.9624 2.23517 84.8998
2.0467 2.23517 84.8998
2.131 2.15087 84.8998
2.2153 2.15087 84.8998
2.2996 2.06657 84.8998
2.3839 2.06657 84.8998
2.4682 1.98227 84.8998
2.5525 1.89797 84.8998
2.5525 1.81367 84.8998
2.6368 1.72937 84.8998
2.6368 1.64507 84.8998
2.7211 1.56077 84.8998
2.7211 1.47647 84.8998
2.7211 1.39217 84.8998
2.8054 1.30787 84.8998
2.8054 1.22357 84.8998
2.8054 1.13927 84.8998
2.8054 1.05497 84.8998
2.8054 0.970671 84.8998
2.8054 0.886372 84.8998
2.8054 0.802071 84.8998
2.8054 0.717772 84.8998
2.7211 0.633471 84.8998
2.7211 0.549171 84.8998
2.7211 0.46487 84.8998
2.6368 0.380571 84.8998
2.6368 0.29627 84.8998
2.5525 0.211971 84.8998
2.5525 0.12767 84.8998
2.4682 0.0433712 84.8998
2.3839 -0.0409298 84.8998
2.3839 -0.125229 84.8998
2.2996 -0.20953 84.8998
2.2153 -0.293829 84.8998
2.131 -0.37813 84.8998
2.0467 -0.462429 84.8998
1.9624 -0.54673 84.8998
1.8781 -0.54673 84.8998
1.7938 -0.631029 84.8998
1.7095 -0.631029 84.8998
1.6252 -0.71533 84.8998
1.5409 -0.71533 84.8998
1.4566 -0.799629 84.8998
1.3723 -0.799629 84.8998
1.288 -0.799629 84.8998
1.2037 -0.799629 84.8998
1.1194 -0.799629 84.8998
1.0351 -0.799629 84.8998
0.950798 -0.799629 84.8998
0.866499 -0.799629 84.8998
0.782198 -0.799629 84.8998
0.697899 -0.799629 84.8998
0.613598 -0.799629 84.8998
0.529299 -0.71533 84.8998
0.444998 -0.71533 84.8998
0.360699 -0.631029 84.8998
0.276398 -0.631029 84.8998
0.192099 -0.54673 84.8998
0.107798 -0.462429 84.8998
0.0234985 -0.37813 84.8998
-0.0608025 -0.293829 84.8998
-0.145102 -0.20953 84.8998
-0.229403 -0.125229 84.8998
-0.313702 -0.0409298 84.8998
-0.313702 0.0433712 84.8998
-0.398003 0.12767 84.8998
-0.482302 0.211971 84.8998
-0.482302 0.29627 84.8998
-0.566601 0.380571 84.8998
-0.566601 0.46487 84.8998
-0.566601 0.549171 84.8998
-0.566601 0.633471 84.8998
-0.566601 0.717772 84.8998
-0.566601 0.802071 84.8998
-0.566601 0.886372 84.8998
-0.566601 0.970671 84.8998
-0.566601 1.05497 84.8998
-0.566601 1.13927 84.8998
-0.566601 1.22357 84.8998
-0.566601 1.30787 84.8998
-0.566601 1.39217 84.8998
-0.482302 1.47647 84.8998
-0.482302 1.56077 84.8998
-0.398003 1.64507 84.8998
-0.398003 1.72937 84.8998
-0.313702 1.81367 84.8998
-0.229403 1.89797 84.8998
-0.145102 1.98227 84.8998
-0.0608025 2.06657 84.8998
0.0234985 2.15087 84.8998
0.107798 2.15087 84.8998
0.192099 2.23517 84.8998
0.276398 2.23517 84.8998
0.360699 2.31947 84.8998
0.697899 2.40377 85.0998
0.782198 2.40377 85.0998
0.866499 2.40377 85.0998
0.950798 2.40377 85.0998
1.0351 2.40377 85.0998
1.1194 2.40377 85.0998
1.2037 2.40377 85.0998
1.288 2.40377 85.0998
1.3723 2.40377 85.0998
1.4566 2.40377 85.0998
1.5409 2.40377 85.0998
1.6252 2.40377 85.0998
1.7095 2.40377 85.0998
1.7938 2.40377 85.0998
1.8781 2.31947 85.0998
1.9624 2.31947 85.0998
2.0467 2.31947 85.0998
2.131 2.23517 85.0998
2.2153 2.23517 85.0998
2.2996 2.15087 85.0998
2.3839 2.06657 85.0998
2.4682 2.06657 85.0998
2.5525 1.98227 85.0998
2.5525 1.89797 85.0998
2.6368 1.81367 85.0998
2.7211 1.72937 85.0998
2.7211 1.64507 85.0998
2.8054 1.56077 85.0998
2.8054 1.47647 85.0998
2.8897 1.39217 85.0998
2.8897 1.30787 85.0998
2.8897 1.22357 85.0998
2.8897 1.13927 85.0998
2.8897 1.05497 85.0998
2.8897 0.970671 85.0998
2.8897 0.886372 85.0998
2.8897 0.802071 85.0998
2.8897 0.717772 85.0998
2.8897 0.633471 85.0998
2.8054 0.549171 85.0998
2.8054 0.46487 85.0998
2.8054 0.380571 85.0998
2.8054 0.29627 85.0998
2.7211 0.211971 85.0998
2.7211 0.12767 85.0998
2.7211 0.0433712 85.0998
2.6368 -0.0409298 85.0998
2.6368 -0.125229 85.0998
2.5525 -0.20953 85.0998
2.4682 -0.293829 85.0998
2.4682 -0.37813 85.0998
2.3839 -0.462429 85.0998
2.2996 -0.54673 85.0998
2.2153 -0.631029 85.0998
2.131 -0.631029 85.0998
2.0467 -0.71533 85.0998
1.9624 -0.71533 85.0998
1.8781 -0.799629 85.0998
1.7938 -0.799629 85.0998
1.7095 -0.88393 85.0998
1.6252 -0.88393 85.0998
1.5409 -0.88393 85.0998
1.4566 -0.88393 85.0998
1.3723 -0.88393 85.0998
1.288 -0.88393 85.0998
1.2037 -0.88393 85.0998
1.1194 -0.88393 85.0998
1.0351 -0.88393 85.0998
0.950798 -0.88393 85.0998
0.866499 -0.88393 85.0998
0.782198 -0.799629 85.0998
0.697899 -0.799629 85.0998
0.613598 -0.799629 85.0998
0.529299 -0.799629 85.0998
0.444998 -0.71533 85.0998
0.360699 -0.71533 85.0998
0.276398 -0.631029 85.0998
0.192099 -0.631029 85.0998
0.107798 -0.54673 85.0998
0.0234985 -0.462429 85.0998
-0.0608025 -0.37813 85.0998
-0.145102 -0.293829 85.0998
-0.229403 -0.20953 85.0998
-0.313702 -0.125229 85.0998
-0.398003 -0.0409298 85.0998
-0.398003 0.0433712 85.0998
-0.482302 0.12767 85.0998
-0.482302 0.211971 85.0998
-0.566601 0.29627 85.0998
-0.566601 0.380571 85.0998
-0.650902 0.46487 85.0998
-0.650902 0.549171 85.0998
-0.650902 0.633471 85.0998
-0.650902 0.717772 85.0998
-0.650902 0.802071 85.0998
-0.650902 0.886372 85.0998
-0.650902 0.970671 85.0998
-0.650902 1.05497 85.0998
-0.650902 1.13927 85.0998
-0.650902 1.22357 85.0998
-0.566601 1.30787 85.0998
-0.566601 1.39217 85.0998
-0.482302 1.47647 85.0998
-0.482302 1.56077 85.0998
-0.398003 1.64507 85.0998
-0.313702 1.72937 85.0998
-0.229403 1.81367 85.0998
-0.145102 1.89797 85.0998
-0.0608025 1.98227 85.0998
0.0234985 2.06657 85.0998
0.107798 2.15087 85.0998
0.192099 2.15087 85.0998
0.276398 2.23517 85.0998
0.360699 2.23517 85.0998
0.444998 2.23517 85.0998
0.529299 2.31947 85.0998
0.613598 2.31947 85.0998
0.697899 2.40377 85.0998
0.697899 2.40377 85.2998
0.782198 2.40377 85.2998
0.866499 2.40377 85.2998
0.950798 2.40377 85.2998
1.0351 2.40377 85.2998
1.1194 2.40377 85.2998
1.2037 2.40377 85.2998
1.288 2.40377 85.2998
1.3723 2.40377 85.2998
1.4566 2.40377 85.2998
1.5409 2.40377 85.2998
1.6252 2.40377 85.2998
1.7095 2.40377 85.2998
1.7938 2.40377 85.2998
1.8781 2.40377 85.2998
1.9624 2.40377 85.2998
2.0467 2.31947 85.2998
2.131 2.31947 85.2998
2.2153 2.23517 85.2998
2.2996 2.23517 85.2998
2.3839 2.15087 85.2998
2.4682 2.06657 85.2998
2.5525 2.06657 85.2998
2.5525 1.98227 85.2998
2.6368 1.89797 85.2998
2.7211 1.81367 85.2998
2.7211 1.72937 85.2998
2.8054 1.64507 85.2998
2.8054 1.56077 85.2998
2.8897 1.47647 85.2998
2.8897 1.39217 85.2998
2.974 1.30787 85.2998
2.974 1.22357 85.2998
2.974 1.13927 85.2998
3.0583 1.05497 85.2998
3.0583 0.970671 85.2998
3.0583 0.886372 85.2998
3.0583 0.802071 85.2998
3.0583 0.717772 85.2998
3.0583 0.633471 85.2998
3.0583 0.549171 85.2998
3.0583 0.46487 85.2998
2.974 0.380571 85.2998
2.974 0.29627 85.2998
2.8897 0.211971 85.2998
2.8897 0.12767 85.2998
2.8054 0.0433712 85.2998
2.8054 -0.0409298 85.2998
2.7211 -0.125229 85.2998
2.6368 -0.20953 85.2998
2.6368 -0.293829 85.2998
2.5525 -0.37813 85.2998
2.4682 -0.462429 85.2998
2.3839 -0.54673 85.2998
2.2996 -0.631029 85.2998
2.2153 -0.631029 85.2998
2.131 -0.71533 85.2998
2.0467 -0.71533 85.2998
1.9624 -0.799629 85.2998
1.8781 -0.799629 85.2998
1.7938 -0.88393 85.2998
1.7095 -0.88393 85.2998
1.6252 -0.968229 85.2998
1.5409 -0.968229 85.2998
1.4566 -0.968229 85.2998
1.3723 -0.968229 85.2998
1.288 -0.968229 85.2998
1.2037 -0.968229 85.2998
1.1194 -0.968229 85.2998
1.0351 -0.968229 85.2998
0.950798 -0.968229 85.2998
0.866499 -0.88393 85.2998
0.782198 -0.88393 85.2998
0.697899 -0.88393 85.2998
0.613598 -0.799629 85.2998
0.529299 -0.799629 85.2998
0.444998 -0.799629 85.2998
0.360699 -0.799629 85.2998
0.276398 -0.71533 85.2998
0.192099 -0.71533 85.2998
0.107798 -0.631029 85.2998
0.0234985 -0.54673 85.2998
-0.0608025 -0.462429 85.2998
-0.145102 -0.37813 85.2998
-0.229403 -0.293829 85.2998
-0.313702 -0.20953 85.2998
-0.398003 -0.125229 85.2998
-0.398003 -0.0409298 85.2998
-0.482302 0.0433712 85.2998
-0.482302 0.12767 85.2998
-0.566601 0.211971 85.2998
-0.566601 0.29627 85.2998
-0.650902 0.380571 85.2998
-0.650902 0.46487 85.2998
-0.650902 0.549171 85.2998
-0.650902 0.633471 85.2998
-0.650902 0.717772 85.2998
-0.650902 0.802071 85.2998
-0.650902 0.886372 85.2998
-0.650902 0.970671 85.2998
-0.650902 1.05497 85.2998
-0.650902 1.13927 85.2998
-0.566601 1.22357 85.2998
-0.566601 1.30787 85.2998
-0.482302 1.39217 85.2998
-0.482302 1.47647 85.2998
-0.398003 1.56077 85.2998
-0.313702 1.64507 85.2998
-0.313702 1.72937 85.2998
-0.229403 1.81367 85.2998
-0.145102 1.89797 85.2998
-0.0608025 1.98227 85.2998
0.0234985 2.06657 85.2998
0.107798 2.06657 85.2998
0.192099 2.15087 85.2998
0.276398 2.15087 85.2998
0.360699 2.23517 85.2998
0.444998 2.23517 85.2998
0.529299 2.31947 85.2998
0.613598 2.31947 85.2998
0.697899 2.40377 85.2998
0.950798 2.40377 85.4998
1.0351 2.40377 85.4998
1.1194 2.40377 85.4998
1.2037 2.40377 85.4998
1.288 2.40377 85.4998
1.3723 2.40377 85.4998
1.4566 2.40377 85.4998
1.5409 2.40377 85.4998
1.6252 2.40377 85.4998
1.7095 2.40377 85.4998
1.7938 2.40377 85.4998
1.8781 2.31947 85.4998
1.9624 2.31947 85.4998
2.0467 2.31947 85.4998
2.131 2.23517 85.4998
2.2153 2.23517 85.4998
2.2996 2.15087 85.4998
2.3839 2.06657 85.4998
2.4682 2.06657 85.4998
2.5525 1.98227 85.4998
2.5525 1.89797 85.4998
2.6368 1.81367 85.4998
2.7211 1.72937 85.4998
2.8054 1.64507 85.4998
2.8054 1.56077 85.4998
2.8897 1.47647 85.4998
2.8897 1.39217 85.4998
2.974 1.30787 85.4998
2.974 1.22357 85.4998
3.0583 1.13927 85.4998
3.0583 1.05497 85.4998
3.1426 0.970671 85.4998
3.1426 0.886372 85.4998
3.1426 0.802071 85.4998
3.1426 0.717772 85.4998
3.1426 0.633471 85.4998
3.1426 0.549171 85.4998
3.0583 0.46487 85.4998
3.0583 0.380571 85.4998
2.974 0.29627 85.4998
2.974 0.211971 85.4998
2.8897 0.12767 85.4998
2.8897 0.0433712 85.4998
2.8054 -0.0409298 85.4998
2.8054 -0.125229 85.4998
2.7211 -0.20953 85.4998
2.6368 -0.293829 85.4998
2.6368 -0.37813 85.4998
2.5525 -0.462429 85.4998
2.4682 -0.54673 85.4998
2.3839 -0.631029 85.4998
2.2996 -0.71533 85.4998
2.2153 -0.71533 85.4998
2.131 -0.799629 85.4998
2.0467 -0.799629 85.4998
1.9624 -0.799629 85.4998
1.8781 -0.88393 85.4998
1.7938 -0.88393 85.4998
1.7095 -0.88393 85.4998
1.6252 -0.88393 85.4998
1.5409 -0.88393 85.4998
1.4566 -0.88393 85.4998
1.3723 -0.88393 85.4998
1.288 -0.88393 85.4998
1.2037 -0.88393 85.4998
1.1194 -0.88393 85.4998
1.0351 -0.88393 85.4998
0.950798 -0.88393 85.4998
0.866499 -0.88393 85.4998
0.782198 -0.88393 85.4998
0.697899 -0.88393 85.4998
0.613598 -0.88393 85.4998
0.529299 -0.88393 85.4998
0.444998 -0.88393 85.4998
0.360699 -0.88393 85.4998
0.276398 -0.799629 85.4998
0.192099 -0.799629 85.4998
0.107798 -0.71533 85.4998
0.0234985 -0.71533 85.4998
-0.0608025 -0.631029 85.4998
-0.145102 -0.54673 85.4998
-0.229403 -0.462429 85.4998
-0.313702 -0.37813 85.4998
-0.398003 -0.293829 85.4998
-0.482302 -0.20953 85.4998
-0.482302 -0.125229 85.4998
-0.566601 -0.0409298 85.4998
-0.566601 0.0433712 85.4998
-0.650902 0.12767 85.4998
-0.650902 0.211971 85.4998
-0.650902 0.29627 85.4998
-0.650902 0.380571 85.4998
-0.650902 0.46487 85.4998
-0.650902 0.549171 85.4998
-0.650902 0.633471 85.4998
-0.650902 0.717772 85.4998
-0.650902 0.802071 85.4998
-0.650902 0.886372 85.4998
-0.650902 0.970671 85.4998
-0.650902 1.05497 85.4998
-0.650902 1.13927 85.4998
-0.566601 1.22357 85.4998
-0.566601 1.30787 85.4998
-0.482302 1.39217 85.4998
-0.482302 1.47647 85.4998
-0.398003 1.56077 85.4998
-0.313702 1.64507 85.4998
-0.229403 1.72937 85.4998
-0.145102 1.81367 85.4998
-0.0608025 1.89797 85.4998
0.0234985 1.98227 85.4998
0.107798 2.06657 85.4998
0.192099 2.06657 85.4998
0.276398 2.15087 85.4998
0.360699 2.15087 85.4998
0.444998 2.23517 85.4998
0.529299 2.23517 85.4998
0.613598 2.31947 85.4998
0.697899 2.31947 85.4998
0.782198 2.31947 85.4998
0.866499 2.31947 85.4998
0.950798 2.40377 85.4998
0.866499 2.31947 85.6998
0.950798 2.31947 85.6998
1.0351 2.31947 85.6998
1.1194 2.31947 85.6998
1.2037 2.31947 85.6998
1.288 2.31947 85.6998
1.3723 2.31947 85.6998
1.4566 2.31947 85.6998
1.5409 2.31947 85.6998
1.6252 2.31947 85.6998
1.7095 2.31947 85.6998
1.7938 2.31947 85.6998
1.8781 2.31947 85.6998
1.9624 2.23517 85.6998
2.0467 2.23517 85.6998
2.131 2.15087 85.6998
2.2153 2.15087 85.6998
2.2996 2.06657 85.6998
2.3839 1.98227 85.6998
2.4682 1.98227 85.6998
2.5525 1.89797 85.6998
2.5525 1.81367 85.6998
2.6368 1.72937 85.6998
2.7211 1.64507 85.6998
2.8054 1.56077 85.6998
2.8054 1.47647 85.6998
2.8897 1.39217 85.6998
2.8897 1.30787 85.6998
2.974 1.22357 85.6998
2.974 1.13927 85.6998
3.0583 1.05497 85.6998
3.0583 0.970671 85.6998
3.0583 0.886372 85.6998
3.1426 0.802071 85.6998
3.1426 0.717772 85.6998
3.1426 0.633471 85.6998
3.1426 0.549171 85.6998
3.1426 0.46487 85.6998
3.1426 0.380571 85.6998
3.1426 0.29627 85.6998
3.1426 0.211971 85.6998
3.1426 0.12767 85.6998
3.1426 0.0433712 85.6998
3.0583 -0.0409298 85.6998
3.0583 -0.125229 85.6998
2.974 -0.20953 85.6998
2.974 -0.293829 85.6998
2.8897 -0.37813 85.6998
2.8054 -0.462429 85.6998
2.8054 -0.54673 85.6998
2.7211 -0.631029 85.6998
2.6368 -0.71533 85.6998
2.5525 -0.799629 85.6998
2.4682 -0.88393 85.6998
2.3839 -0.88393 85.6998
2.2996 -0.968229 85.6998
2.2153 -0.968229 85.6998
2.131 -0.968229 85.6998
2.0467 -0.968229 85.6998
1.9624 -0.968229 85.6998
1.8781 -0.968229 85.6998
1.7938 -0.968229 85.6998
1.7095 -0.968229 85.6998
1.6252 -0.968229 85.6998
1.5409 -0.968229 85.6998
1.4566 -0.968229 85.6998
1.3723 -0.88393 85.6998
1.288 -0.88393 85.6998
1.2037 -0.88393 85.6998
1.1194 -0.88393 85.6998
1.0351 -0.88393 85.6998
0.950798 -0.88393 85.6998
0.866499 -0.968229 85.6998
0.782198 -0.968229 85.6998
0.697899 -0.968229 85.6998
0.613598 -0.968229 85.6998
0.529299 -0.968229 85.6998
0.444998 -0.968229 85.6998
0.360699 -0.968229 85.6998
0.276398 -0.968229 85.6998
0.192099 -0.968229 85.6998
0.107798 -0.88393 85.6998
0.0234985 -0.88393 85.6998
-0.0608025 -0.799629 85.6998
-0.145102 -0.799629 85.6998
-0.229403 -0.71533 85.6998
-0.313702 -0.631029 85.6998
-0.398003 -0.54673 85.6998
-0.482302 -0.462429 85.6998
-0.566601 -0.37813 85.6998
-0.566601 -0.293829 85.6998
-0.650902 -0.20953 85.6998
-0.650902 -0.125229 85.6998
-0.735201 -0.0409298 85.6998
-0.735201 0.0433712 85.6998
-0.819502 0.12767 85.6998
-0.819502 0.211971 85.6998
-0.819502 0.29627 85.6998
-0.819502 0.380571 85.6998
-0.819502 0.46487 85.6998
-0.819502 0.549171 85.6998
-0.819502 0.633471 85.6998
-0.819502 0.717772 85.6998
-0.819502 0.802071 85.6998
-0.735201 0.886372 85.6998
-0.735201 0.970671 85.6998
-0.650902 1.05497 85.6998
-0.650902 1.13927 85.6998
-0.566601 1.22357 85.6998
-0.566601 1.30787 85.6998
-0.482302 1.39217 85.6998
-0.482302 1.47647 85.6998
-0.398003 1.56077 85.6998
-0.313702 1.64507 85.6998
-0.229403 1.72937 85.6998
-0.145102 1.81367 85.6998
-0.0608025 1.81367 85.6998
0.0234985 1.89797 85.6998
0.107798 1.98227 85.6998
0.192099 2.06657 85.6998
0.276398 2.06657 85.6998
0.360699 2.15087 85.6998
0.444998 2.15087 85.6998
0.529299 2.15087 85.6998
0.613598 2.23517 85.6998
0.697899 2.23517 85.6998
0.782198 2.23517 85.6998
0.866499 2.31947 85.6998
0.697899 2.23517 85.8998
0.782198 2.23517 85.8998
0.866499 2.23517 85.8998
0.950798 2.23517 85.8998
1.0351 2.23517 85.8998
1.1194 2.23517 85.8998
1.2037 2.23517 85.8998
1.288 2.23517 85.8998
1.3723 2.23517 85.8998
1.4566 2.23517 85.8998
1.5409 2.23517 85.8998
1.6252 2.23517 85.8998
1.7095 2.23517 85.8998
1.7938 2.15087 85.8998
1.8781 2.15087 85.8998
1.9624 2.06657 85.8998
2.0467 2.06657 85.8998
2.131 1.98227 85.8998
2.2153 1.89797 85.8998
2.2996 1.81367 85.8998
2.3839 1.81367 85.8998
2.4682 1.72937 85.8998
2.5525 1.64507 85.8998
2.6368 1.56077 85.8998
2.7211 1.47647 85.8998
2.8054 1.39217 85.8998
2.8897 1.30787 85.8998
2.8897 1.22357 85.8998
2.974 1.13927 85.8998
3.0583 1.05497 85.8998
3.1426 0.970671 85.8998
3.1426 0.886372 85.8998
3.2269 0.802071 85.8998
3.2269 0.717772 85.8998
3.3112 0.633471 85.8998
3.3112 0.549171 85.8998
3.3112 0.46487 85.8998
3.3112 0.380571 85.8998
3.3112 0.29627 85.8998
3.3112 0.211971 85.8998
3.3112 0.12767 85.8998
3.3112 0.0433712 85.8998
3.3112 -0.0409298 85.8998
3.2269 -0.125229 85.8998
3.2269 -0.20953 85.8998
3.1426 -0.293829 85.8998
3.0583 -0.37813 85.8998
3.0583 -0.462429 85.8998
2.974 -0.54673 85.8998
2.8897 -0.631029 85.8998
2.8054 -0.71533 85.8998
2.7211 -0.799629 85.8998
2.6368 -0.88393 85.8998
2.5525 -0.88393 85.8998
2.4682 -0.968229 85.8998
2.3839 -0.968229 85.8998
2.2996 -0.968229 85.8998
2.2153 -1.05253 85.8998
2.131 -1.05253 85.8998
2.0467 -1.05253 85.8998
1.9624 -1.05253 85.8998
1.8781 -1.05253 85.8998
1.7938 -1.05253 85.8998
1.7095 -1.05253 85.8998
1.6252 -1.05253 85.8998
1.5409 -1.05253 85.8998
1.4566 -0.968229 85.8998
1.3723 -0.968229 85.8998
1.288 -0.968229 85.8998
1.2037 -0.968229 85.8998
1.1194 -0.968229 85.8998
1.0351 -0.968229 85.8998
0.950798 -0.968229 85.8998
0.866499 -0.968229 85.8998
0.782198 -1.05253 85.8998
0.697899 -1.05253 85.8998
0.613598 -1.05253 85.8998
0.529299 -1.05253 85.8998
0.444998 -1.05253 85.8998
0.360699 -1.05253 85.8998
0.276398 -1.05253 85.8998
0.192099 -0.968229 85.8998
0.107798 -0.968229 85.8998
0.0234985 -0.88393 85.8998
-0.0608025 -0.88393 85.8998
-0.145102 -0.799629 85.8998
-0.229403 -0.799629 85.8998
-0.313702 -0.71533 85.8998
-0.398003 -0.631029 85.8998
-0.482302 -0.631029 85.8998
-0.566601 -0.54673 85.8998
-0.650902 -0.462429 85.8998
-0.735201 -0.37813 85.8998
-0.735201 -0.293829 85.8998
-0.819502 -0.20953 85.8998
-0.819502 -0.125229 85.8998
-0.819502 -0.0409298 85.8998
-0.819502 0.0433712 85.8998
-0.819502 0.12767 85.8998
-0.903801 0.211971 85.8998
-0.903801 0.29627 85.8998
-0.903801 0.380571 85.8998
-0.903801 0.46487 85.8998
-0.903801 0.549171 85.8998
-0.903801 0.633471 85.8998
-0.903801 0.717772 85.8998
-0.819502 0.802071 85.8998
-0.819502 0.886372 85.8998
-0.735201 0.970671 85.8998
-0.735201 1.05497 85.8998
-0.650902 1.13927 85.8998
-0.650902 1.22357 85.8998
-0.566601 1.30787 85.8998
-0.482302 1.39217 85.8998
-0.398003 1.47647 85.8998
-0.313702 1.56077 85.8998
-0.229403 1.64507 85.8998
-0.145102 1.72937 85.8998
-0.0608025 1.81367 85.8998
0.0234985 1.81367 85.8998
0.107798 1.89797 85.8998
0.192099 1.98227 85.8998
0.276398 1.98227 85.8998
0.360699 2.06657 85.8998
0.444998 2.06657 85.8998
0.529299 2.15087 85.8998
0.613598 2.15087 85.8998
0.697899 2.23517 85.8998
0.613598 2.15087 86.0998
0.697899 2.15087 86.0998
0.782198 2.15087 86.0998
0.866499 2.15087 86.0998
0.950798 2.15087 86.0998
1.0351 2.15087 86.0998
1.1194 2.15087 86.0998
1.2037 2.15087 86.0998
1.288 2.15087 86.0998
1.3723 2.15087 86.0998
1.4566 2.15087 86.0998
1.5409 2.15087 86.0998
1.6252 2.15087 86.0998
1.7095 2.15087 86.0998
1.7938 2.15087 86.0998
1.8781 2.06657 86.0998
1.9624 2.06657 86.0998
2.0467 1.98227 86.0998
2.131 1.89797 86.0998
2.2153 1.81367 86.0998
2.2996 1.72937 86.0998
2.3839 1.72937 86.0998
2.4682 1.64507 86.0998
2.5525 1.56077 86.0998
2.6368 1.56077 86.0998
2.7211 1.47647 86.0998
2.8054 1.39217 86.0998
2.8897 1.30787 86.0998
2.974 1.22357 86.0998
3.0583 1.13927 86.0998
3.1426 1.05497 86.0998
3.1426 0.970671 86.0998
3.2269 0.886372 86.0998
3.2269 0.802071 86.0998
3.3112 0.717772 86.0998
3.3112 0.633471 86.0998
3.3955 0.549171 86.0998
3.3955 0.46487 86.0998
3.3955 0.380571 86.0998
3.3955 0.29627 86.0998
3.3955 0.211971 86.0998
3.3955 0.12767 86.0998
3.3955 0.0433712 86.0998
3.3112 -0.0409298 86.0998
3.3112 -0.125229 86.0998
3.2269 -0.20953 86.0998
3.2269 -0.293829 86.0998
3.1426 -0.37813 86.0998
3.0583 -0.462429 86.0998
3.0583 -0.54673 86.0998
2.974 -0.631029 86.0998
2.8897 -0.71533 86.0998
2.8054 -0.799629 86.0998
2.7211 -0.88393 86.0998
2.6368 -0.88393 86.0998
2.5525 -0.968229 86.0998
2.4682 -0.968229 86.0998
2.3839 -1.05253 86.0998
2.2996 -1.05253 86.0998
2.2153 -1.05253 86.0998
2.131 -1.05253 86.0998
2.0467 -1.05253 86.0998
1.9624 -1.05253 86.0998
1.8781 -1.05253 86.0998
1.7938 -1.05253 86.0998
1.7095 -1.05253 86.0998
1.6252 -0.968229 86.0998
1.5409 -0.968229 86.0998
1.4566 -0.968229 86.0998
1.3723 -0.968229 86.0998
1.288 -0.968229 86.0998
1.2037 -0.968229 86.0998
1.1194 -0.968229 86.0998
1.0351 -1.05253 86.0998
0.950798 -1.05253 86.0998
0.866499 -1.05253 86.0998
0.782198 -1.05253 86.0998
0.697899 -1.05253 86.0998
0.613598 -1.05253 86.0998
0.529299 -1.05253 86.0998
0.444998 -1.05253 86.0998
0.360699 -1.05253 86.0998
0.276398 -1.05253 86.0998
0.192099 -1.05253 86.0998
0.107798 -0.968229 86.0998
0.0234985 -0.968229 86.0998
-0.0608025 -0.88393 86.0998
-0.145102 -0.799629 86.0998
-0.229403 -0.799629 86.0998
-0.313702 -0.71533 86.0998
-0.398003 -0.71533 86.0998
-0.482302 -0.631029 86.0998
-0.566601 -0.631029 86.0998
-0.650902 -0.54673 86.0998
-0.735201 -0.462429 86.0998
-0.735201 -0.37813 86.0998
-0.819502 -0.293829 86.0998
-0.819502 -0.20953 86.0998
-0.903801 -0.125229 86.0998
-0.903801 -0.0409298 86.0998
-0.903801 0.0433712 86.0998
-0.903801 0.12767 86.0998
-0.903801 0.211971 86.0998
-0.903801 0.29627 86.0998
-0.903801 0.380571 86.0998
-0.903801 0.46487 86.0998
-0.903801 0.549171 86.0998
-0.819502 0.633471 86.0998
-0.819502 0.717772 86.0998
-0.819502 0.802071 86.0998
-0.735201 0.886372 86.0998
-0.735201 0.970671 86.0998
-0.650902 1.05497 86.0998
-0.650902 1.13927 86.0998
-0.566601 1.22357 86.0998
-0.482302 1.30787 86.0998
-0.398003 1.39217 86.0998
-0.313702 1.47647 86.0998
-0.229403 1.56077 86.0998
-0.145102 1.64507 86.0998
-0.0608025 1.72937 86.0998
0.0234985 1.81367 86.0998
0.107798 1.81367 86.0998
0.192099 1.89797 86.0998
0.276398 1.98227 86.0998
0.360699 1.98227 86.0998
0.444998 2.06657 86.0998
0.529299 2.06657 86.0998
0.613598 2.15087 86.0998
0.866499 2.06657 86.2998
0.950798 2.06657 86.2998
1.0351 2.06657 86.2998
1.1194 2.06657 86.2998
1.2037 2.06657 86.2998
1.288 2.06657 86.2998
1.3723 2.06657 86.2998
1.4566 2.06657 86.2998
1.5409 2.06657 86.2998
1.6252 2.06657 86.2998
1.7095 2.06657 86.2998
1.7938 1.98227 86.2998
1.8781 1.98227 86.2998
1.9624 1.89797 86.2998
2.0467 1.81367 86.2998
2.131 1.81367 86.2998
2.2153 1.72937 86.2998
2.2996 1.72937 86.2998
2.3839 1.64507 86.2998
2.4682 1.56077 86.2998
2.5525 1.56077 86.2998
2.6368 1.47647 86.2998
2.7211 1.39217 86.2998
2.8054 1.30787 86.2998
2.8897 1.22357 86.2998
2.974 1.13927 86.2998
3.0583 1.05497 86.2998
3.1426 0.970671 86.2998
3.1426 0.886372 86.2998
3.2269 0.802071 86.2998
3.2269 0.717772 86.2998
3.3112 0.633471 86.2998
3.3112 0.549171 86.2998
3.3112 0.46487 86.2998
3.3112 0.380571 86.2998
3.3112 0.29627 86.2998
3.3112 0.211971 86.2998
3.3112 0.12767 86.2998
3.3112 0.0433712 86.2998
3.3112 -0.0409298 86.2998
3.2269 -0.125229 86.2998
3.2269 -0.20953 86.2998
3.1426 -0.293829 86.2998
3.1426 -0.37813 86.2998
3.0583 -0.462429 86.2998
3.0583 -0.54673 86.2998
2.974 -0.631029 86.2998
2.8897 -0.71533 86.2998
2.8054 -0.799629 86.2998
2.7211 -0.88393 86.2998
2.6368 -0.968229 86.2998
2.5525 -0.968229 86.2998
2.4682 -1.05253 86.2998
2.3839 -1.05253 86.2998
2.2996 -1.13683 86.2998
2.2153 -1.13683 86.2998
2.131 -1.13683 86.2998
2.0467 -1.13683 86.2998
1.9624 -1.13683 86.2998
1.8781 -1.13683 86.2998
1.7938 -1.13683 86.2998
1.7095 -1.05253 86.2998
1.6252 -1.05253 86.2998
1.5409 -1.05253 86.2998
1.4566 -1.05253 86.2998
1.3723 -1.05253 86.2998
1.288 -1.05253 86.2998
1.2037 -1.05253 86.2998
1.1194 -1.05253 86.2998
1.0351 -1.05253 86.2998
0.950798 -1.13683 86.2998
0.866499 -1.13683 86.2998
0.782198 -1.13683 86.2998
0.697899 -1.13683 86.2998
0.613598 -1.13683 86.2998
0.529299 -1.13683 86.2998
0.444998 -1.13683 86.2998
0.360699 -1.13683 86.2998
0.276398 -1.13683 86.2998
0.192099 -1.05253 86.2998
0.107798 -1.05253 86.2998
0.0234985 -0.968229 86.2998
-0.0608025 -0.968229 86.2998
-0.145102 -0.88393 86.2998
-0.229403 -0.799629 86.2998
-0.313702 -0.799629 86.2998
-0.398003 -0.71533 86.2998
-0.482302 -0.631029 86.2998
-0.566601 -0.631029 86.2998
-0.650902 -0.54673 86.2998
-0.735201 -0.462429 86.2998
-0.735201 -0.37813 86.2998
-0.819502 -0.293829 86.2998
-0.819502 -0.20953 86.2998
-0.903801 -0.125229 86.2998
-0.903801 -0.0409298 86.2998
-0.903801 0.0433712 86.2998
-0.903801 0.12767 86.2998
-0.903801 0.211971 86.2998
-0.903801 0.29627 86.2998
-0.903801 0.380571 86.2998
-0.819502 0.46487 86.2998
-0.819502 0.549171 86.2998
-0.819502 0.633471 86.2998
-0.735201 0.717772 86.2998
-0.735201 0.802071 86.2998
-0.650902 0.886372 86.2998
-0.566601 0.970671 86.2998
-0.482302 1.05497 86.2998
-0.398003 1.13927 86.2998
-0.313702 1.13927 86.2998
-0.229403 1.22357 86.2998
-0.145102 1.30787 86.2998
-0.145102 1.39217 86.2998
-0.0608025 1.47647 86.2998
0.0234985 1.47647 86.2998
0.107798 1.56077 86.2998
0.192099 1.64507 86.2998
0.276398 1.72937 86.2998
0.360699 1.81367 86.2998
0.444998 1.81367 86.2998
0.529299 1.89797 86.2998
0.613598 1.89797 86.2998
0.697899 1.98227 86.2998
0.782198 1.98227 86.2998
0.866499 2.06657 86.2998
0.950798 1.98227 86.4998
1.0351 1.98227 86.4998
1.1194 1.98227 86.4998
1.2037 1.98227 86.4998
1.288 1.98227 86.4998
1.3723 1.98227 86.4998
1.4566 1.98227 86.4998
1.5409 1.98227 86.4998
1.6252 1.89797 86.4998
1.7095 1.89797 86.4998
1.7938 1.81367 86.4998
1.8781 1.81367 86.4998
1.9624 1.72937 86.4998
2.0467 1.72937 86.4998
2.131 1.64507 86.4998
2.2153 1.64507 86.4998
2.2996 1.56077 86.4998
2.3839 1.56077 86.4998
2.4682 1.47647 86.4998
2.5525 1.39217 86.4998
2.6368 1.30787 86.4998
2.7211 1.22357 86.4998
2.8054 1.13927 86.4998
2.8897 1.05497 86.4998
2.974 0.970671 86.4998
3.0583 0.886372 86.4998
3.0583 0.802071 86.4998
3.1426 0.717772 86.4998
3.1426 0.633471 86.4998
3.2269 0.549171 86.4998
3.2269 0.46487 86.4998
3.2269 0.380571 86.4998
3.2269 0.29627 86.4998
3.2269 0.211971 86.4998
3.2269 0.12767 86.4998
3.2269 0.0433712 86.4998
3.2269 -0.0409298 86.4998
3.2269 -0.125229 86.4998
3.1426 -0.20953 86.4998
3.1426 -0.293829 86.4998
3.1426 -0.37813 86.4998
3.1426 -0.462429 86.4998
3.1426 -0.54673 86.4998
3.0583 -0.631029 86.4998
3.0583 -0.71533 86.4998
2.974 -0.799629 86.4998
2.8897 -0.88393 86.4998
2.8054 -0.968229 86.4998
2.7211 -0.968229 86.4998
2.6368 -1.05253 86.4998
2.5525 -1.05253 86.4998
2.4682 -1.13683 86.4998
2.3839 -1.13683 86.4998
2.2996 -1.13683 86.4998
2.2153 -1.13683 86.4998
2.131 -1.13683 86.4998
2.0467 -1.13683 86.4998
1.9624 -1.13683 86.4998
1.8781 -1.13683 86.4998
1.7938 -1.13683 86.4998
1.7095 -1.13683 86.4998
1.6252 -1.13683 86.4998
1.5409 -1.13683 86.4998
1.4566 -1.05253 86.4998
1.3723 -1.05253 86.4998
1.288 -1.05253 86.4998
1.2037 -1.05253 86.4998
1.1194 -1.05253 86.4998
1.0351 -1.05253 86.4998
0.950798 -1.05253 86.4998
0.866499 -1.13683 86.4998
0.782198 -1.13683 86.4998
0.697899 -1.13683 86.4998
0.613598 -1.13683 86.4998
0.529299 -1.13683 86.4998
0.444998 -1.13683 86.4998
0.360699 -1.13683 86.4998
0.276398 -1.13683 86.4998
0.192099 -1.05253 86.4998
0.107798 -1.05253 86.4998
0.0234985 -1.05253 86.4998
-0.0608025 -1.05253 86.4998
-0.145102 -0.968229 86.4998
-0.229403 -0.968229 86.4998
-0.313702 -0.88393 86.4998
-0.398003 -0.799629 86.4998
-0.482302 -0.71533 86.4998
-0.482302 -0.631029 86.4998
-0.566601 -0.54673 86.4998
-0.650902 -0.462429 86.4998
-0.735201 -0.37813 86.4998
-0.735201 -0.293829 86.4998
-0.819502 -0.20953 86.4998
-0.819502 -0.125229 86.4998
-0.819502 -0.0409298 86.4998
-0.819502 0.0433712 86.4998
-0.819502 0.12767 86.4998
-0.819502 0.211971 86.4998
-0.819502 0.29627 86.4998
-0.819502 0.380571 86.4998
-0.819502 0.46487 86.4998
-0.735201 0.549171 86.4998
-0.735201 0.633471 86.4998
-0.650902 0.717772 86.4998
-0.566601 0.802071 86.4998
-0.482302 0.886372 86.4998
-0.398003 0.970671 86.4998
-0.313702 1.05497 86.4998
-0.229403 1.13927 86.4998
-0.145102 1.22357 86.4998
-0.0608025 1.22357 86.4998
0.0234985 1.30787 86.4998
0.107798 1.39217 86.4998
0.107798 1.47647 86.4998
0.192099 1.47647 86.4998
0.276398 1.56077 86.4998
0.360699 1.64507 86.4998
0.444998 1.64507 86.4998
0.529299 1.72937 86.4998
0.613598 1.81367 86.4998
0.697899 1.81367 86.4998
0.782198 1.89797 86.4998
0.866499 1.89797 86.4998
0.950798 1.98227 86.4998
0.697899 1.72937 86.6998
0.782198 1.72937 86.6998
0.866499 1.72937 86.6998
0.950798 1.72937 86.6998
1.0351 1.72937 86.6998
1.1194 1.72937 86.6998
1.2037 1.72937 86.6998
1.288 1.72937 86.6998
1.3723 1.72937 86.6998
1.4566 1.72937 86.6998
1.5409 1.72937 86.6998
1.6252 1.72937 86.6998
1.7095 1.64507 86.6998
1.7938 1.64507 86.6998
1.8781 1.56077 86.6998
1.9624 1.56077 86.6998
2.0467 1.47647 86.6998
2.131 1.39217 86.6998
2.2153 1.39217 86.6998
2.2996 1.30787 86.6998
2.3839 1.22357 86.6998
2.4682 1.22357 86.6998
2.5525 1.13927 86.6998
2.6368 1.05497 86.6998
2.7211 0.970671 86.6998
2.8054 0.886372 86.6998
2.8897 0.802071 86.6998
2.8897 0.717772 86.6998
2.974 0.633471 86.6998
3.0583 0.549171 86.6998
3.0583 0.46487 86.6998
3.1426 0.380571 86.6998
3.1426 0.29627 86.6998
3.2269 0.211971 86.6998
3.2269 0.12767 86.6998
3.2269 0.0433712 86.6998
3.2269 -0.0409298 86.6998
3.2269 -0.125229 86.6998
3.2269 -0.20953 86.6998
3.2269 -0.293829 86.6998
3.2269 -0.37813 86.6998
3.2269 -0.462429 86.6998
3.1426 -0.54673 86.6998
3.1426 -0.631029 86.6998
3.0583 -0.71533 86.6998
3.0583 -0.799629 86.6998
2.974 -0.88393 86.6998
2.8897 -0.968229 86.6998
2.8054 -0.968229 86.6998
2.7211 -1.05253 86.6998
2.6368 -1.13683 86.6998
2.5525 -1.13683 86.6998
2.4682 -1.22113 86.6998
2.3839 -1.22113 86.6998
2.2996 -1.22113 86.6998
2.2153 -1.22113 86.6998
2.131 -1.22113 86.6998
2.0467 -1.22113 86.6998
1.9624 -1.22113 86.6998
1.8781 -1.22113 86.6998
1.7938 -1.22113 86.6998
1.7095 -1.22113 86.6998
1.6252 -1.13683 86.6998
1.5409 -1.13683 86.6998
1.4566 -1.13683 86.6998
1.3723 -1.13683 86.6998
1.288 -1.13683 86.6998
1.2037 -1.13683 86.6998
1.1194 -1.13683 86.6998
1.0351 -1.13683 86.6998
0.950798 -1.22113 86.6998
0.866499 -1.22113 86.6998
0.782198 -1.22113 86.6998
0.697899 -1.22113 86.6998
0.613598 -1.22113 86.6998
0.529299 -1.22113 86.6998
0.444998 -1.22113 86.6998
0.360699 -1.22113 86.6998
0.276398 -1.22113 86.6998
0.192099 -1.22113 86.6998
0.107798 -1.22113 86.6998
0.0234985 -1.22113 86.6998
-0.0608025 -1.13683 86.6998
-0.145102 -1.13683 86.6998
-0.229403 -1.05253 86.6998
-0.313702 -0.968229 86.6998
-0.398003 -0.88393 86.6998
-0.482302 -0.799629 86.6998
-0.482302 -0.71533 86.6998
-0.566601 -0.631029 86.6998
-0.566601 -0.54673 86.6998
-0.650902 -0.462429 86.6998
-0.650902 -0.37813 86.6998
-0.650902 -0.293829 86.6998
-0.650902 -0.20953 86.6998
-0.650902 -0.125229 86.6998
-0.650902 -0.0409298 86.6998
-0.650902 0.0433712 86.6998
-0.650902 0.12767 86.6998
-0.650902 0.211971 86.6998
-0.650902 0.29627 86.6998
-0.650902 0.380571 86.6998
-0.566601 0.46487 86.6998
-0.566601 0.549171 86.6998
-0.482302 0.633471 86.6998
-0.398003 0.717772 86.6998
-0.313702 0.802071 86.6998
-0.229403 0.886372 86.6998
-0.229403 0.970671 86.6998
-0.145102 1.05497 86.6998
-0.0608025 1.13927 86.6998
-0.0608025 1.22357 86.6998
0.0234985 1.22357 86.6998
0.107798 1.30787 86.6998
0.107798 1.39217 86.6998
0.192099 1.47647 86.6998
0.276398 1.47647 86.6998
0.360699 1.56077 86.6998
0.444998 1.56077 86.6998
0.529299 1.64507 86.6998
0.613598 1.64507 86.6998
0.697899 1.72937 86.6998
0.697899 1.64507 86.8998
0.782198 1.64507 86.8998
0.866499 1.64507 86.8998
0.950798 1.64507 86.8998
1.0351 1.64507 86.8998
1.1194 1.64507 86.8998
1.2037 1.64507 86.8998
1.288 1.64507 86.8998
1.3723 1.64507 86.8998
1.4566 1.64507 86.8998
1.5409 1.64507 86.8998
1.6252 1.64507 86.8998
1.7095 1.64507 86.8998
1.7938 1.56077 86.8998
1.8781 1.56077 86.8998
1.9624 1.47647 86.8998
2.0467 1.39217 86.8998
2.131 1.39217 86.8998
2.2153 1.30787 86.8998
2.2996 1.22357 86.8998
2.3839 1.22357 86.8998
2.4682 1.13927 86.8998
2.5525 1.05497 86.8998
2.6368 0.970671 86.8998
2.7211 0.886372 86.8998
2.8054 0.802071 86.8998
2.8054 0.717772 86.8998
2.8897 0.633471 86.8998
2.974 0.549171 86.8998
3.0583 0.46487 86.8998
3.0583 0.380571 86.8998
3.1426 0.29627 86.8998
3.1426 0.211971 86.8998
3.1426 0.12767 86.8998
3.1426 0.0433712 86.8998
3.1426 -0.0409298 86.8998
3.1426 -0.125229 86.8998
3.1426 -0.20953 86.8998
3.1426 -0.293829 86.8998
3.1426 -0.37813 86.8998
3.1426 -0.462429 86.8998
3.1426 -0.54673 86.8998
3.0583 -0.631029 86.8998
3.0583 -0.71533 86.8998
2.974 -0.799629 86.8998
2.8897 -0.88393 86.8998
2.8054 -0.968229 86.8998
2.8054 -1.05253 86.8998
2.7211 -1.13683 86.8998
2.6368 -1.13683 86.8998
2.5525 -1.22113 86.8998
2.4682 -1.22113 86.8998
2.3839 -1.30543 86.8998
2.2996 -1.30543 86.8998
2.2153 -1.30543 86.8998
2.131 -1.30543 86.8998
2.0467 -1.30543 86.8998
1.9624 -1.30543 86.8998
1.8781 -1.30543 86.8998
1.7938 -1.30543 86.8998
1.7095 -1.22113 86.8998
1.6252 -1.22113 86.8998
1.5409 -1.22113 86.8998
1.4566 -1.13683 86.8998
1.3723 -1.13683 86.8998
1.288 -1.13683 86.8998
1.2037 -1.13683 86.8998
1.1194 -1.13683 86.8998
1.0351 -1.22113 86.8998
0.950798 -1.22113 86.8998
0.866499 -1.30543 86.8998
0.782198 -1.30543 86.8998
0.697899 -1.30543 86.8998
0.613598 -1.30543 86.8998
0.529299 -1.30543 86.8998
0.444998 -1.30543 86.8998
0.360699 -1.30543 86.8998
0.276398 -1.30543 86.8998
0.192099 -1.30543 86.8998
0.107798 -1.30543 86.8998
0.0234985 -1.22113 86.8998
-0.0608025 -1.22113 86.8998
-0.145102 -1.13683 86.8998
-0.229403 -1.13683 86.8998
-0.313702 -1.05253 86.8998
-0.313702 -0.968229 86.8998
-0.398003 -0.88393 86.8998
-0.398003 -0.799629 86.8998
-0.482302 -0.71533 86.8998
-0.482302 -0.631029 86.8998
-0.566601 -0.54673 86.8998
-0.566601 -0.462429 86.8998
-0.566601 -0.37813 86.8998
-0.566601 -0.293829 86.8998
-0.566601 -0.20953 86.8998
-0.566601 -0.125229 86.8998
-0.566601 -0.0409298 86.8998
-0.566601 0.0433712 86.8998
-0.566601 0.12767 86.8998
-0.566601 0.211971 86.8998
-0.566601 0.29627 86.8998
-0.482302 0.380571 86.8998
-0.482302 0.46487 86.8998
-0.398003 0.549171 86.8998
-0.398003 0.633471 86.8998
-0.313702 0.717772 86.8998
-0.229403 0.802071 86.8998
-0.229403 0.886372 86.8998
-0.145102 0.970671 86.8998
-0.0608025 1.05497 86.8998
-0.0608025 1.13927 86.8998
0.0234985 1.22357 86.8998
0.107798 1.22357 86.8998
0.192099 1.30787 86.8998
0.276398 1.39217 86.8998
0.360699 1.47647 86.8998
0.444998 1.47647 86.8998
0.529299 1.56077 86.8998
0.613598 1.56077 86.8998
0.697899 1.64507 86.8998
0.866499 1.39217 87.0998
0.950798 1.39217 87.0998
1.0351 1.39217 87.0998
1.1194 1.39217 87.0998
1.2037 1.39217 87.0998
1.288 1.39217 87.0998
1.3723 1.39217 87.0998
1.4566 1.39217 87.0998
1.5409 1.39217 87.0998
1.6252 1.39217 87.0998
1.7095 1.30787 87.0998
1.7938 1.30787 87.0998
1.8781 1.22357 87.0998
1.9624 1.13927 87.0998
2.0467 1.05497 87.0998
2.131 0.970671 87.0998
2.2153 0.970671 87.0998
2.2996 0.886372 87.0998
2.3839 0.802071 87.0998
2.4682 0.717772 87.0998
2.5525 0.633471 87.0998
2.5525 0.549171 87.0998
2.6368 0.46487 87.0998
2.7211 0.380571 87.0998
2.8054 0.29627 87.0998
2.8054 0.211971 87.0998
2.8897 0.12767 87.0998
2.8897 0.0433712 87.0998
2.8897 -0.0409298 87.0998
2.8897 -0.125229 87.0998
2.8897 -0.20953 87.0998
2.8897 -0.293829 87.0998
2.8897 -0.37813 87.0998
2.8897 -0.462429 87.0998
2.8897 -0.54673 87.0998
2.8897 -0.631029 87.0998
2.8897 -0.71533 87.0998
2.8897 -0.799629 87.0998
2.8054 -0.88393 87.0998
2.8054 -0.968229 87.0998
2.7211 -1.05253 87.0998
2.6368 -1.13683 87.0998
2.5525 -1.13683 87.0998
2.4682 -1.22113 87.0998
2.3839 -1.22113 87.0998
2.2996 -1.22113 87.0998
2.2153 -1.22113 87.0998
2.131 -1.22113 87.0998
2.0467 -1.22113 87.0998
1.9624 -1.22113 87.0998
1.8781 -1.22113 87.0998
1.7938 -1.22113 87.0998
1.7095 -1.22113 87.0998
1.6252 -1.30543 87.0998
1.5409 -1.30543 87.0998
1.4566 -1.30543 87.0998
1.3723 -1.30543 87.0998
1.288 -1.30543 87.0998
1.2037 -1.30543 87.0998
1.1194 -1.30543 87.0998
1.0351 -1.30543 87.0998
0.950798 -1.30543 87.0998
0.866499 -1.22113 87.0998
0.782198 -1.22113 87.0998
0.697899 -1.22113 87.0998
0.613598 -1.22113 87.0998
0.529299 -1.22113 87.0998
0.444998 -1.22113 87.0998
0.360699 -1.22113 87.0998
0.276398 -1.22113 87.0998
0.192099 -1.22113 87.0998
0.107798 -1.22113 87.0998
0.0234985 -1.22113 87.0998
-0.0608025 -1.13683 87.0998
-0.145102 -1.13683 87.0998
-0.229403 -1.05253 87.0998
-0.313702 -0.968229 87.0998
-0.313702 -0.88393 87.0998
-0.398003 -0.799629 87.0998
-0.398003 -0.71533 87.0998
-0.398003 -0.631029 87.0998
-0.398003 -0.54673 87.0998
-0.398003 -0.462429 87.0998
-0.398003 -0.37813 87.0998
-0.398003 -0.293829 87.0998
-0.398003 -0.20953 87.0998
-0.398003 -0.125229 87.0998
-0.313702 -0.0409298 87.0998
-0.313702 0.0433712 87.0998
-0.313702 0.12767 87.0998
-0.229403 0.211971 87.0998
-0.229403 0.29627 87.0998
-0.145102 0.380571 87.0998
-0.145102 0.46487 87.0998
-0.0608025 0.549171 87.0998
0.0234985 0.633471 87.0998
0.0234985 0.717772 87.0998
0.107798 0.802071 87.0998
0.192099 0.886372 87.0998
0.192099 0.970671 87.0998
0.276398 0.970671 87.0998
0.360699 1.05497 87.0998
0.444998 1.13927 87.0998
0.529299 1.22357 87.0998
0.613598 1.22357 87.0998
0.697899 1.30787 87.0998
0.782198 1.30787 87.0998
0.866499 1.39217 87.0998
0.950798 1.13927 87.2998
1.0351 1.13927 87.2998
1.1194 1.13927 87.2998
1.2037 1.13927 87.2998
1.288 1.13927 87.2998
1.3723 1.13927 87.2998
1.4566 1.13927 87.2998
1.5409 1.13927 87.2998
1.6252 1.13927 87.2998
1.7095 1.05497 87.2998
1.7938 1.05497 87.2998
1.8781 0.970671 87.2998
1.9624 0.886372 87.2998
2.0467 0.802071 87.2998
2.131 0.802071 87.2998
2.2153 0.717772 87.2998
2.2996 0.633471 87.2998
2.2996 0.549171 87.2998
2.3839 0.46487 87.2998
2.4682 0.380571 87.2998
2.4682 0.29627 87.2998
2.5525 0.211971 87.2998
2.5525 0.12767 87.2998
2.6368 0.0433712 87.2998
2.6368 -0.0409298 87.2998
2.6368 -0.125229 87.2998
2.6368 -0.20953 87.2998
2.6368 -0.293829 87.2998
2.6368 -0.37813 87.2998
2.6368 -0.462429 87.2998
2.6368 -0.54673 87.2998
2.6368 -0.631029 87.2998
2.6368 -0.71533 87.2998
2.5525 -0.799629 87.2998
2.5525 -0.88393 87.2998
2.4682 -0.968229 87.2998
2.3839 -0.968229 87.2998
2.2996 -1.05253 87.2998
2.2153 -1.13683 87.2998
2.131 -1.13683 87.2998
2.0467 -1.22113 87.2998
1.9624 -1.22113 87.2998
1.8781 -1.30543 87.2998
1.7938 -1.30543 87.2998
1.7095 -1.30543 87.2998
1.6252 -1.30543 87.2998
1.5409 -1.38973 87.2998
1.4566 -1.38973 87.2998
1.3723 -1.38973 87.2998
1.288 -1.38973 87.2998
1.2037 -1.38973 87.2998
1.1194 -1.38973 87.2998
1.0351 -1.38973 87.2998
0.950798 -1.30543 87.2998
0.866499 -1.30543 87.2998
0.782198 -1.30543 87.2998
0.697899 -1.30543 87.2998
0.613598 -1.22113 87.2998
0.529299 -1.22113 87.2998
0.444998 -1.13683 87.2998
0.360699 -1.13683 87.2998
0.276398 -1.05253 87.2998
0.192099 -1.05253 87.2998
0.107798 -0.968229 87.2998
0.0234985 -0.968229 87.2998
-0.0608025 -0.88393 87.2998
-0.0608025 -0.799629 87.2998
-0.145102 -0.71533 87.2998
-0.145102 -0.631029 87.2998
-0.145102 -0.54673 87.2998
-0.145102 -0.462429 87.2998
-0.145102 -0.37813 87.2998
-0.145102 -0.293829 87.2998
-0.145102 -0.20953 87.2998
-0.145102 -0.125229 87.2998
-0.145102 -0.0409298 87.2998
-0.0608025 0.0433712 87.2998
-0.0608025 0.12767 87.2998
0.0234985 0.211971 87.2998
0.0234985 0.29627 87.2998
0.107798 0.380571 87.2998
0.192099 0.46487 87.2998
0.192099 0.549171 87.2998
0.276398 0.633471 87.2998
0.360699 0.717772 87.2998
0.444998 0.802071 87.2998
0.529299 0.802071 87.2998
0.613598 0.886372 87.2998
0.697899 0.970671 87.2998
0.782198 1.05497 87.2998
0.866499 1.05497 87.2998
0.950798 1.13927 87.2998
0.950798 1.05497 87.4998
1.0351 1.05497 87.4998
1.1194 1.05497 87.4998
1.2037 1.05497 87.4998
1.288 1.05497 87.4998
1.3723 1.05497 87.4998
1.4566 1.05497 87.4998
1.5409 1.05497 87.4998
1.6252 1.05497 87.4998
1.7095 0.970671 87.4998
1.7938 0.970671 87.4998
1.8781 0.886372 87.4998
1.9624 0.886372 87.4998
2.0467 0.802071 87.4998
2.131 0.802071 87.4998
2.2153 0.717772 87.4998
2.2996 0.633471 87.4998
2.3839 0.549171 87.4998
2.4682 0.46487 87.4998
2.4682 0.380571 87.4998
2.5525 0.29627 87.4998
2.5525 0.211971 87.4998
2.6368 0.12767 87.4998
2.6368 0.0433712 87.4998
2.7211 -0.0409298 87.4998
2.7211 -0.125229 87.4998
2.7211 -0.20953 87.4998
2.7211 -0.293829 87.4998
2.7211 -0.37813 87.4998
2.7211 -0.462429 87.4998
2.7211 -0.54673 87.4998
2.6368 -0.631029 87.4998
2.6368 -0.71533 87.4998
2.5525 -0.799629 87.4998
2.5525 -0.88393 87.4998
2.4682 -0.968229 87.4998
2.3839 -1.05253 87.4998
2.2996 -1.13683 87.4998
2.2153 -1.13683 87.4998
2.131 -1.22113 87.4998
2.0467 -1.22113 87.4998
1.9624 -1.30543 87.4998
1.8781 -1.30543 87.4998
1.7938 -1.38973 87.4998
1.7095 -1.38973 87.4998
1.6252 -1.38973 87.4998
1.5409 -1.38973 87.4998
1.4566 -1.38973 87.4998
1.3723 -1.38973 87.4998
1.288 -1.38973 87.4998
1.2037 -1.38973 87.4998
1.1194 -1.38973 87.4998
1.0351 -1.38973 87.4998
0.950798 -1.38973 87.4998
0.866499 -1.30543 87.4998
0.782198 -1.30543 87.4998
0.697899 -1.22113 87.4998
0.613598 -1.22113 87.4998
0.529299 -1.13683 87.4998
0.444998 -1.13683 87.4998
0.360699 -1.05253 87.4998
0.276398 -1.05253 87.4998
0.192099 -0.968229 87.4998
0.107798 -0.88393 87.4998
0.0234985 -0.799629 87.4998
0.0234985 -0.71533 87.4998
-0.0608025 -0.631029 87.4998
-0.0608025 -0.54673 87.4998
-0.0608025 -0.462429 87.4998
-0.0608025 -0.37813 87.4998
-0.0608025 -0.293829 87.4998
-0.0608025 -0.20953 87.4998
-0.0608025 -0.125229 87.4998
-0.0608025 -0.0409298 87.4998
-0.0608025 0.0433712 87.4998
-0.0608025 0.12767 87.4998
0.0234985 0.211971 87.4998
0.0234985 0.29627 87.4998
0.107798 0.380571 87.4998
0.107798 0.46487 87.4998
0.192099 0.549171 87.4998
0.276398 0.633471 87.4998
0.360699 0.717772 87.4998
0.444998 0.802071 87.4998
0.529299 0.802071 87.4998
0.613598 0.886372 87.4998
0.697899 0.886372 87.4998
0.782198 0.970671 87.4998
0.866499 0.970671 87.4998
0.950798 1.05497 87.4998
0.866499 0.970671 87.6998
0.950798 0.970671 87.6998
1.0351 0.970671 87.6998
1.1194 0.970671 87.6998
1.2037 0.970671 87.6998
1.288 0.970671 87.6998
1.3723 0.970671 87.6998
1.4566 0.970671 87.6998
1.5409 0.970671 87.6998
1.6252 0.970671 87.6998
1.7095 0.970671 87.6998
1.7938 0.886372 87.6998
1.8781 0.886372 87.6998
1.9624 0.802071 87.6998
2.0467 0.802071 87.6998
2.131 0.717772 87.6998
2.2153 0.633471 87.6998
2.2996 0.549171 87.6998
2.3839 0.46487 87.6998
2.4682 0.380571 87.6998
2.4682 0.29627 87.6998
2.5525 0.211971 87.6998
2.5525 0.12767 87.6998
2.6368 0.0433712 87.6998
2.6368 -0.0409298 87.6998
2.6368 -0.125229 87.6998
2.6368 -0.20953 87.6998
2.6368 -0.293829 87.6998
2.6368 -0.37813 87.6998
2.6368 -0.462429 87.6998
2.6368 -0.54673 87.6998
2.6368 -0.631029 87.6998
2.5525 -0.71533 87.6998
2.5525 -0.799629 87.6998
2.4682 -0.88393 87.6998
2.3839 -0.968229 87.6998
2.2996 -1.05253 87.6998
2.2153 -1.13683 87.6998
2.131 -1.13683 87.6998
2.0467 -1.22113 87.6998
1.9624 -1.22113 87.6998
1.8781 -1.30543 87.6998
1.7938 -1.30543 87.6998
1.7095 -1.30543 87.6998
1.6252 -1.30543 87.6998
1.5409 -1.38973 87.6998
1.4566 -1.38973 87.6998
1.3723 -1.38973 87.6998
1.288 -1.38973 87.6998
1.2037 -1.38973 87.6998
1.1194 -1.38973 87.6998
1.0351 -1.30543 87.6998
0.950798 -1.30543 87.6998
0.866499 -1.30543 87.6998
0.782198 -1.22113 87.6998
0.697899 -1.22113 87.6998
0.613598 -1.13683 87.6998
0.529299 -1.13683 87.6998
0.444998 -1.05253 87.6998
0.360699 -0.968229 87.6998
0.276398 -0.88393 87.6998
0.192099 -0.88393 87.6998
0.107798 -0.799629 87.6998
0.107798 -0.71533 87.6998
0.0234985 -0.631029 87.6998
0.0234985 -0.54673 87.6998
0.0234985 -0.462429 87.6998
0.0234985 -0.37813 87.6998
0.0234985 -0.293829 87.6998
0.0234985 -0.20953 87.6998
0.0234985 -0.125229 87.6998
0.0234985 -0.0409298 87.6998
0.0234985 0.0433712 87.6998
0.0234985 0.12767 87.6998
0.0234985 0.211971 87.6998
0.107798 0.29627 87.6998
0.107798 0.380571 87.6998
0.192099 0.46487 87.6998
0.276398 0.549171 87.6998
0.360699 0.633471 87.6998
0.444998 0.717772 87.6998
0.529299 0.802071 87.6998
0.613598 0.802071 87.6998
0.697899 0.886372 87.6998
0.782198 0.886372 87.6998
0.866499 0.970671 87.6998
1.1194 1.05497 87.8998
1.2037 1.05497 87.8998
1.288 1.05497 87.8998
1.3723 1.05497 87.8998
1.4566 1.05497 87.8998
1.5409 1.05497 87.8998
1.6252 0.970671 87.8998
1.7095 0.970671 87.8998
1.7938 0.886372 87.8998
1.8781 0.886372 87.8998
1.9624 0.802071 87.8998
2.0467 0.802071 87.8998
2.131 0.717772 87.8998
2.2153 0.633471 87.8998
2.2996 0.549171 87.8998
2.2996 0.46487 87.8998
2.3839 0.380571 87.8998
2.3839 0.29627 87.8998
2.4682 0.211971 87.8998
2.4682 0.12767 87.8998
2.5525 0.0433712 87.8998
2.5525 -0.0409298 87.8998
2.5525 -0.125229 87.8998
2.5525 -0.20953 87.8998
2.5525 -0.293829 87.8998
2.5525 -0.37813 87.8998
2.5525 -0.462429 87.8998
2.5525 -0.54673 87.8998
2.5525 -0.631029 87.8998
2.4682 -0.71533 87.8998
2.4682 -0.799629 87.8998
2.3839 -0.88393 87.8998
2.3839 -0.968229 87.8998
2.2996 -1.05253 87.8998
2.2153 -1.13683 87.8998
2.131 -1.22113 87.8998
2.0467 -1.22113 87.8998
1.9624 -1.30543 87.8998
1.8781 -1.30543 87.8998
1.7938 -1.38973 87.8998
1.7095 -1.38973 87.8998
1.6252 -1.38973 87.8998
1.5409 -1.38973 87.8998
1.4566 -1.38973 87.8998
1.3723 -1.38973 87.8998
1.288 -1.38973 87.8998
1.2037 -1.38973 87.8998
1.1194 -1.38973 87.8998
1.0351 -1.38973 87.8998
0.950798 -1.38973 87.8998
0.866499 -1.30543 87.8998
0.782198 -1.30543 87.8998
0.697899 -1.22113 87.8998
0.613598 -1.22113 87.8998
0.529299 -1.13683 87.8998
0.444998 -1.13683 87.8998
0.360699 -1.05253 87.8998
0.276398 -0.968229 87.8998
0.276398 -0.88393 87.8998
0.192099 -0.799629 87.8998
0.192099 -0.71533 87.8998
0.107798 -0.631029 87.8998
0.107798 -0.54673 87.8998
0.107798 -0.462429 87.8998
0.107798 -0.37813 87.8998
0.107798 -0.293829 87.8998
0.107798 -0.20953 87.8998
0.107798 -0.125229 87.8998
0.107798 -0.0409298 87.8998
0.107798 0.0433712 87.8998
0.107798 0.12767 87.8998
0.107798 0.211971 87.8998
0.192099 0.29627 87.8998
0.192099 0.380571 87.8998
0.276398 0.46487 87.8998
0.276398 0.549171 87.8998
0.360699 0.633471 87.8998
0.444998 0.717772 87.8998
0.529299 0.802071 87.8998
0.613598 0.802071 87.8998
0.697899 0.886372 87.8998
0.782198 0.886372 87.8998
0.866499 0.970671 87.8998
0.950798 0.970671 87.8998
1.0351 0.970671 87.8998
1.1194 1.05497 87.8998
1.0351 0.970671 88.0998
1.1194 0.970671 88.0998
1.2037 0.970671 88.0998
1.288 0.970671 88.0998
1.3723 0.970671 88.0998
1.4566 0.970671 88.0998
1.5409 0.970671 88.0998
1.6252 0.970671 88.0998
1.7095 0.886372 88.0998
1.7938 0.886372 88.0998
1.8781 0.802071 88.0998
1.9624 0.802071 88.0998
2.0467 0.717772 88.0998
2.131 0.633471 88.0998
2.2153 0.549171 88.0998
2.2996 0.46487 88.0998
2.2996 0.380571 88.0998
2.3839 0.29627 88.0998
2.3839 0.211971 88.0998
2.4682 0.12767 88.0998
2.4682 0.0433712 88.0998
2.5525 -0.0409298 88.0998
2.5525 -0.125229 88.0998
2.5525 -0.20953 88.0998
2.5525 -0.293829 88.0998
2.5525 -0.37813 88.0998
2.5525 -0.462429 88.0998
2.5525 -0.54673 88.0998
2.5525 -0.631029 88.0998
2.5525 -0.71533 88.0998
2.4682 -0.799629 88.0998
2.4682 -0.88393 88.0998
2.3839 -0.968229 88.0998
2.3839 -1.05253 88.0998
2.2996 -1.13683 88.0998
2.2153 -1.22113 88.0998
2.131 -1.22113 88.0998
2.0467 -1.30543 88.0998
1.9624 -1.30543 88.0998
1.8781 -1.38973 88.0998
1.7938 -1.38973 88.0998
1.7095 -1.38973 88.0998
1.6252 -1.38973 88.0998
1.5409 -1.38973 88.0998
1.4566 -1.38973 88.0998
1.3723 -1.38973 88.0998
1.288 -1.38973 88.0998
1.2037 -1.38973 88.0998
1.1194 -1.38973 88.0998
1.0351 -1.30543 88.0998
0.950798 -1.30543 88.0998
0.866499 -1.30543 88.0998
0.782198 -1.22113 88.0998
0.697899 -1.22113 88.0998
0.613598 -1.13683 88.0998
0.529299 -1.13683 88.0998
0.444998 -1.05253 88.0998
0.360699 -0.968229 88.0998
0.276398 -0.88393 88.0998
0.276398 -0.799629 88.0998
0.192099 -0.71533 88.0998
0.192099 -0.631029 88.0998
0.192099 -0.54673 88.0998
0.107798 -0.462429 88.0998
0.107798 -0.37813 88.0998
0.107798 -0.293829 88.0998
0.107798 -0.20953 88.0998
0.107798 -0.125229 88.0998
0.107798 -0.0409298 88.0998
0.192099 0.0433712 88.0998
0.192099 0.12767 88.0998
0.192099 0.211971 88.0998
0.192099 0.29627 88.0998
0.276398 0.380571 88.0998
0.276398 0.46487 88.0998
0.360699 0.549171 88.0998
0.444998 0.633471 88.0998
0.529299 0.717772 88.0998
0.613598 0.802071 88.0998
0.697899 0.802071 88.0998
0.782198 0.886372 88.0998
0.866499 0.886372 88.0998
0.950798 0.886372 88.0998
1.0351 0.970671 88.0998
1.0351 0.802071 88.2998
1.1194 0.802071 88.2998
1.2037 0.802071 88.2998
1.288 0.802071 88.2998
1.3723 0.802071 88.2998
1.4566 0.802071 88.2998
1.5409 0.802071 88.2998
1.6252 0.802071 88.2998
1.7095 0.717772 88.2998
1.7938 0.717772 88.2998
1.8781 0.717772 88.2998
1.9624 0.633471 88.2998
2.0467 0.633471 88.2998
2.131 0.549171 88.2998
2.2153 0.46487 88.2998
2.2996 0.380571 88.2998
2.2996 0.29627 88.2998
2.3839 0.211971 88.2998
2.3839 0.12767 88.2998
2.4682 0.0433712 88.2998
2.4682 -0.0409298 88.2998
2.4682 -0.125229 88.2998
2.5525 -0.20953 88.2998
2.5525 -0.293829 88.2998
2.5525 -0.37813 88.2998
2.5525 -0.462429 88.2998
2.5525 -0.54673 88.2998
2.5525 -0.631029 88.2998
2.5525 -0.71533 88.2998
2.4682 -0.799629 88.2998
2.4682 -0.88393 88.2998
2.3839 -0.968229 88.2998
2.3839 -1.05253 88.2998
2.2996 -1.13683 88.2998
2.2153 -1.22113 88.2998
2.131 -1.22113 88.2998
2.0467 -1.30543 88.2998
1.9624 -1.30543 88.2998
1.8781 -1.38973 88.2998
1.7938 -1.38973 88.2998
1.7095 -1.47403 88.2998
1.6252 -1.47403 88.2998
1.5409 -1.47403 88.2998
1.4566 -1.47403 88.2998
1.3723 -1.47403 88.2998
1.288 -1.47403 88.2998
1.2037 -1.47403 88.2998
1.1194 -1.38973 88.2998
1.0351 -1.38973 88.2998
0.950798 -1.38973 88.2998
0.866499 -1.30543 88.2998
0.782198 -1.30543 88.2998
0.697899 -1.22113 88.2998
0.613598 -1.22113 88.2998
0.529299 -1.13683 88.2998
0.444998 -1.05253 88.2998
0.360699 -0.968229 88.2998
0.360699 -0.88393 88.2998
0.276398 -0.799629 88.2998
0.276398 -0.71533 88.2998
0.192099 -0.631029 88.2998
0.192099 -0.54673 88.2998
0.192099 -0.462429 88.2998
0.192099 -0.37813 88.2998
0.192099 -0.293829 88.2998
0.192099 -0.20953 88.2998
0.192099 -0.125229 88.2998
0.192099 -0.0409298 88.2998
0.192099 0.0433712 88.2998
0.276398 0.12767 88.2998
0.276398 0.211971 88.2998
0.360699 0.29627 88.2998
0.360699 0.380571 88.2998
0.444998 0.46487 88.2998
0.529299 0.549171 88.2998
0.613598 0.633471 88.2998
0.697899 0.633471 88.2998
0.782198 0.717772 88.2998
0.866499 0.717772 88.2998
0.950798 0.717772 88.2998
1.0351 0.802071 88.2998
0.950798 0.717772 88.4998
1.0351 0.717772 88.4998
1.1194 0.717772 88.4998
1.2037 0.717772 88.4998
1.288 0.717772 88.4998
1.3723 0.717772 88.4998
1.4566 0.717772 88.4998
1.5409 0.717772 88.4998
1.6252 0.717772 88.4998
1.7095 0.717772 88.4998
1.7938 0.633471 88.4998
1.8781 0.633471 88.4998
1.9624 0.549171 88.4998
2.0467 0.549171 88.4998
2.131 0.46487 88.4998
2.2153 0.380571 88.4998
2.2996 0.29627 88.4998
2.2996 0.211971 88.4998
2.3839 0.12767 88.4998
2.3839 0.0433712 88.4998
2.4682 -0.0409298 88.4998
2.4682 -0.125229 88.4998
2.4682 -0.20953 88.4998
2.4682 -0.293829 88.4998
2.4682 -0.37813 88.4998
2.4682 -0.462429 88.4998
2.4682 -0.54673 88.4998
2.4682 -0.631029 88.4998
2.4682 -0.71533 88.4998
2.4682 -0.799629 88.4998
2.3839 -0.88393 88.4998
2.3839 -0.968229 88.4998
2.2996 -1.05253 88.4998
2.2996 -1.13683 88.4998
2.2153 -1.22113 88.4998
2.131 -1.22113 88.4998
2.0467 -1.30543 88.4998
1.9624 -1.30543 88.4998
1.8781 -1.38973 88.4998
1.7938 -1.38973 88.4998
1.7095 -1.47403 88.4998
1.6252 -1.47403 88.4998
1.5409 -1.47403 88.4998
1.4566 -1.47403 88.4998
1.3723 -1.47403 88.4998
1.288 -1.47403 88.4998
1.2037 -1.47403 88.4998
1.1194 -1.47403 88.4998
1.0351 -1.47403 88.4998
0.950798 -1.38973 88.4998
0.866499 -1.38973 88.4998
0.782198 -1.30543 88.4998
0.697899 -1.30543 88.4998
0.613598 -1.22113 88.4998
0.529299 -1.13683 88.4998
0.444998 -1.05253 88.4998
0.444998 -0.968229 88.4998
0.360699 -0.88393 88.4998
0.360699 -0.799629 88.4998
0.276398 -0.71533 88.4998
0.276398 -0.631029 88.4998
0.276398 -0.54673 88.4998
0.276398 -0.462429 88.4998
0.276398 -0.37813 88.4998
0.276398 -0.293829 88.4998
0.276398 -0.20953 88.4998
0.276398 -0.125229 88.4998
0.276398 -0.0409298 88.4998
0.276398 0.0433712 88.4998
0.360699 0.12767 88.4998
0.360699 0.211971 88.4998
0.444998 0.29627 88.4998
0.444998 0.380571 88.4998
0.529299 0.46487 88.4998
0.613598 0.549171 88.4998
0.697899 0.549171 88.4998
0.782198 0.633471 88.4998
0.866499 0.633471 88.4998
0.950798 0.717772 88.4998
1.1194 0.717772 88.6998
1.2037 0.717772 88.6998
1.288 0.717772 88.6998
1.3723 0.717772 88.6998
1.4566 0.717772 88.6998
1.5409 0.717772 88.6998
1.6252 0.717772 88.6998
1.7095 0.633471 88.6998
1.7938 0.633471 88.6998
1.8781 0.549171 88.6998
1.9624 0.549171 88.6998
2.0467 0.46487 88.6998
2.131 0.46487 88.6998
2.2153 0.380571 88.6998
2.2153 0.29627 88.6998
2.2996 0.211971 88.6998
2.3839 0.12767 88.6998
2.3839 0.0433712 88.6998
2.4682 -0.0409298 88.6998
2.4682 -0.125229 88.6998
2.4682 -0.20953 88.6998
2.4682 -0.293829 88.6998
2.4682 -0.37813 88.6998
2.4682 -0.462429 88.6998
2.4682 -0.54673 88.6998
2.4682 -0.631029 88.6998
2.4682 -0.71533 88.6998
2.4682 -0.799629 88.6998
2.4682 -0.88393 88.6998
2.3839 -0.968229 88.6998
2.3839 -1.05253 88.6998
2.2996 -1.13683 88.6998
2.2153 -1.22113 88.6998
2.131 -1.22113 88.6998
2.0467 -1.30543 88.6998
1.9624 -1.30543 88.6998
1.8781 -1.38973 88.6998
1.7938 -1.38973 88.6998
1.7095 -1.47403 88.6998
1.6252 -1.47403 88.6998
1.5409 -1.47403 88.6998
1.4566 -1.47403 88.6998
1.3723 -1.47403 88.6998
1.288 -1.47403 88.6998
1.2037 -1.47403 88.6998
1.1194 -1.47403 88.6998
1.0351 -1.38973 88.6998
0.950798 -1.38973 88.6998
0.866499 -1.30543 88.6998
0.782198 -1.30543 88.6998
0.697899 -1.22113 88.6998
0.613598 -1.22113 88.6998
0.529299 -1.13683 88.6998
0.444998 -1.05253 88.6998
0.444998 -0.968229 88.6998
0.360699 -0.88393 88.6998
0.360699 -0.799629 88.6998
0.276398 -0.71533 88.6998
0.276398 -0.631029 88.6998
0.276398 -0.54673 88.6998
0.276398 -0.462429 88.6998
0.276398 -0.37813 88.6998
0.276398 -0.293829 88.6998
0.276398 -0.20953 88.6998
0.276398 -0.125229 88.6998
0.276398 -0.0409298 88.6998
0.360699 0.0433712 88.6998
0.360699 0.12767 88.6998
0.444998 0.211971 88.6998
0.444998 0.29627 88.6998
0.529299 0.380571 88.6998
0.613598 0.46487 88.6998
0.697899 0.549171 88.6998
0.782198 0.549171 88.6998
0.866499 0.633471 88.6998
0.950798 0.633471 88.6998
1.0351 0.633471 88.6998
1.1194 0.717772 88.6998
1.0351 0.633471 88.8998
1.1194 0.633471 88.8998
1.2037 0.633471 88.8998
1.288 0.633471 88.8998
1.3723 0.633471 88.8998
1.4566 0.633471 88.8998
1.5409 0.633471 88.8998
1.6252 0.633471 88.8998
1.7095 0.633471 88.8998
1.7938 0.633471 88.8998
1.8781 0.633471 88.8998
1.9624 0.549171 88.8998
2.0467 0.549171 88.8998
2.131 0.46487 88.8998
2.2153 0.46487 88.8998
2.2153 0.380571 88.8998
2.2996 0.29627 88.8998
2.3839 0.211971 88.8998
2.3839 0.12767 88.8998
2.4682 0.0433712 88.8998
2.4682 -0.0409298 88.8998
2.5525 -0.125229 88.8998
2.5525 -0.20953 88.8998
2.5525 -0.293829 88.8998
2.5525 -0.37813 88.8998
2.5525 -0.462429 88.8998
2.5525 -0.54673 88.8998
2.5525 -0.631029 88.8998
2.5525 -0.71533 88.8998
2.5525 -0.799629 88.8998
2.4682 -0.88393 88.8998
2.4682 -0.968229 88.8998
2.3839 -1.05253 88.8998
2.3839 -1.13683 88.8998
2.2996 -1.22113 88.8998
2.2153 -1.22113 88.8998
2.131 -1.30543 88.8998
2.0467 -1.30543 88.8998
1.9624 -1.38973 88.8998
1.8781 -1.38973 88.8998
1.7938 -1.38973 88.8998
1.7095 -1.38973 88.8998
1.6252 -1.47403 88.8998
1.5409 -1.47403 88.8998
1.4566 -1.47403 88.8998
1.3723 -1.47403 88.8998
1.288 -1.47403 88.8998
1.2037 -1.38973 88.8998
1.1194 -1.38973 88.8998
1.0351 -1.38973 88.8998
0.950798 -1.38973 88.8998
0.866499 -1.38973 88.8998
0.782198 -1.30543 88.8998
0.697899 -1.30543 88.8998
0.613598 -1.22113 88.8998
0.529299 -1.22113 88.8998
0.529299 -1.13683 88.8998
0.444998 -1.05253 88.8998
0.444998 -0.968229 88.8998
0.360699 -0.88393 88.8998
0.360699 -0.799629 88.8998
0.276398 -0.71533 88.8998
0.276398 -0.631029 88.8998
0.276398 -0.54673 88.8998
0.276398 -0.462429 88.8998
0.276398 -0.37813 88.8998
0.276398 -0.293829 88.8998
0.276398 -0.20953 88.8998
0.360699 -0.125229 88.8998
0.360699 -0.0409298 88.8998
0.360699 0.0433712 88.8998
0.444998 0.12767 88.8998
0.444998 0.211971 88.8998
0.529299 0.29627 88.8998
0.613598 0.380571 88.8998
0.697899 0.46487 88.8998
0.782198 0.46487 88.8998
0.866499 0.549171 88.8998
0.950798 0.549171 88.8998
1.0351 0.633471 88.8998
1.0351 0.549171 89.0998
1.1194 0.549171 89.0998
1.2037 0.549171 89.0998
1.288 0.549171 89.0998
1.3723 0.549171 89.0998
1.4566 0.549171 89.0998
1.5409 0.549171 89.0998
1.6252 0.549171 89.0998
1.7095 0.549171 89.0998
1.7938 0.549171 89.0998
1.8781 0.549171 89.0998
1.9624 0.549171 89.0998
2.0467 0.46487 89.0998
2.131 0.46487 89.0998
2.2153 0.380571 89.0998
2.2153 0.29627 89.0998
2.2996 0.211971 89.0998
2.3839 0.12767 89.0998
2.3839 0.0433712 89.0998
2.4682 -0.0409298 89.0998
2.4682 -0.125229 89.0998
2.4682 -0.20953 89.0998
2.4682 -0.293829 89.0998
2.4682 -0.37813 89.0998
2.4682 -0.462429 89.0998
2.4682 -0.54673 89.0998
2.4682 -0.631029 89.0998
2.4682 -0.71533 89.0998
2.4682 -0.799629 89.0998
2.4682 -0.88393 89.0998
2.3839 -0.968229 89.0998
2.3839 -1.05253 89.0998
2.2996 -1.13683 89.0998
2.2153 -1.22113 89.0998
2.131 -1.22113 89.0998
2.0467 -1.30543 89.0998
1.9624 -1.30543 89.0998
1.8781 -1.30543 89.0998
1.7938 -1.30543 89.0998
1.7095 -1.38973 89.0998
1.6252 -1.38973 89.0998
1.5409 -1.38973 89.0998
1.4566 -1.38973 89.0998
1.3723 -1.38973 89.0998
1.288 -1.38973 89.0998
1.2037 -1.38973 89.0998
1.1194 -1.30543 89.0998
1.0351 -1.30543 89.0998
0.950798 -1.30543 89.0998
0.866499 -1.30543 89.0998
0.782198 -1.30543 89.0998
0.697899 -1.22113 89.0998
0.613598 -1.22113 89.0998
0.529299 -1.13683 89.0998
0.529299 -1.05253 89.0998
0.444998 -0.968229 89.0998
0.444998 -0.88393 89.0998
0.360699 -0.799629 89.0998
0.360699 -0.71533 89.0998
0.360699 -0.631029 89.0998
0.360699 -0.54673 89.0998
0.360699 -0.462429 89.0998
0.360699 -0.37813 89.0998
0.360699 -0.293829 89.0998
0.360699 -0.20953 89.0998
0.360699 -0.125229 89.0998
0.444998 -0.0409298 89.0998
0.444998 0.0433712 89.0998
0.529299 0.12767 89.0998
0.613598 0.211971 89.0998
0.613598 0.29627 89.0998
0.697899 0.380571 89.0998
0.782198 0.380571 89.0998
0.866499 0.46487 89.0998
0.950798 0.46487 89.0998
1.0351 0.549171 89.0998
1.2037 0.29627 89.2998
1.288 0.29627 89.2998
1.3723 0.29627 89.2998
1.4566 0.29627 89.2998
1.5409 0.29627 89.2998
1.6252 0.29627 89.2998
1.7095 0.29627 89.2998
1.7938 0.29627 89.2998
1.8781 0.211971 89.2998
1.9624 0.211971 89.2998
1.9624 0.12767 89.2998
2.0467 0.0433712 89.2998
2.131 -0.0409298 89.2998
2.131 -0.125229 89.2998
2.2153 -0.20953 89.2998
2.2153 -0.293829 89.2998
2.2153 -0.37813 89.2998
2.2153 -0.462429 89.2998
2.2153 -0.54673 89.2998
2.2153 -0.631029 89.2998
2.2153 -0.71533 89.2998
2.131 -0.799629 89.2998
2.131 -0.88393 89.2998
2.0467 -0.968229 89.2998
1.9624 -0.968229 89.2998
1.8781 -1.05253 89.2998
1.7938 -1.05253 89.2998
1.7095 -1.05253 89.2998
1.6252 -1.05253 89.2998
1.5409 -1.13683 89.2998
1.4566 -1.13683 89.2998
1.3723 -1.13683 89.2998
1.288 -1.05253 89.2998
1.2037 -1.05253 89.2998
1.1194 -1.05253 89.2998
1.0351 -1.05253 89.2998
0.950798 -1.05253 89.2998
0.866499 -0.968229 89.2998
0.782198 -0.968229 89.2998
0.782198 -0.88393 89.2998
0.697899 -0.799629 89.2998
0.697899 -0.71533 89.2998
0.613598 -0.631029 89.2998
0.613598 -0.54673 89.2998
0.613598 -0.462429 89.2998
0.613598 -0.37813 89.2998
0.613598 -0.293829 89.2998
0.697899 -0.20953 89.2998
0.697899 -0.125229 89.2998
0.782198 -0.0409298 89.2998
0.866499 0.0433712 89.2998
0.866499 0.12767 89.2998
0.950798 0.12767 89.2998
1.0351 0.211971 89.2998
1.1194 0.211971 89.2998
1.2037 0.29627 89.2998
