# Output from PinnacleROI.cpp
# First line is number of curves
# Second line is space-separated number of points in each curve
# Remainder are the points themselves
16
40 43 50 58 72 79 84 86 87 92 93 95 98 97 100 86 
-3.5171 2.48807 90.4997
-3.4328 2.48807 90.4997
-3.3485 2.48807 90.4997
-3.2642 2.48807 90.4997
-3.1799 2.40377 90.4997
-3.0956 2.40377 90.4997
-3.0956 2.31947 90.4997
-3.0956 2.23517 90.4997
-3.0956 2.15087 90.4997
-3.0956 2.06657 90.4997
-3.0956 1.98227 90.4997
-3.0956 1.89797 90.4997
-3.0956 1.81367 90.4997
-3.1799 1.72937 90.4997
-3.1799 1.64507 90.4997
-3.1799 1.56077 90.4997
-3.1799 1.47647 90.4997
-3.2642 1.39217 90.4997
-3.2642 1.30787 90.4997
-3.2642 1.22357 90.4997
-3.3485 1.13927 90.4997
-3.3485 1.05497 90.4997
-3.4328 1.05497 90.4997
-3.5171 1.13927 90.4997
-3.5171 1.22357 90.4997
-3.6014 1.30787 90.4997
-3.6014 1.39217 90.4997
-3.6014 1.47647 90.4997
-3.6014 1.56077 90.4997
-3.6014 1.64507 90.4997
-3.6014 1.72937 90.4997
-3.5171 1.81367 90.4997
-3.5171 1.89797 90.4997
-3.5171 1.98227 90.4997
-3.5171 2.06657 90.4997
-3.5171 2.15087 90.4997
-3.5171 2.23517 90.4997
-3.5171 2.31947 90.4997
-3.5171 2.40377 90.4997
-3.5171 2.48807 90.4997
-3.5171 2.48807 90.6997
-3.4328 2.48807 90.6997
-3.3485 2.48807 90.6997
-3.2642 2.48807 90.6997
-3.1799 2.40377 90.6997
-3.0956 2.40377 90.6997
-3.0113 2.31947 90.6997
-3.0113 2.23517 90.6997
-3.0113 2.15087 90.6997
-3.0113 2.06657 90.6997
-3.0113 1.98227 90.6997
-3.0113 1.89797 90.6997
-3.0956 1.81367 90.6997
-3.1799 1.72937 90.6997
-3.1799 1.64507 90.6997
-3.1799 1.56077 90.6997
-3.1799 1.47647 90.6997
-3.2642 1.39217 90.6997
-3.2642 1.30787 90.6997
-3.2642 1.22357 90.6997
-3.3485 1.13927 90.6997
-3.3485 1.05497 90.6997
-3.3485 0.970671 90.6997
-3.4328 0.886372 90.6997
-3.5171 0.970671 90.6997
-3.5171 1.05497 90.6997
-3.6014 1.13927 90.6997
-3.6014 1.22357 90.6997
-3.6014 1.30787 90.6997
-3.6014 1.39217 90.6997
-3.6014 1.47647 90.6997
-3.6014 1.56077 90.6997
-3.6014 1.64507 90.6997
-3.6014 1.72937 90.6997
-3.5171 1.81367 90.6997
-3.5171 1.89797 90.6997
-3.5171 1.98227 90.6997
-3.5171 2.06657 90.6997
-3.5171 2.15087 90.6997
-3.5171 2.23517 90.6997
-3.5171 2.31947 90.6997
-3.5171 2.40377 90.6997
-3.5171 2.48807 90.6997
-3.5171 2.57237 90.8997
-3.4328 2.57237 90.8997
-3.3485 2.57237 90.8997
-3.2642 2.57237 90.8997
-3.1799 2.57237 90.8997
-3.0956 2.48807 90.8997
-3.0113 2.40377 90.8997
-3.0113 2.31947 90.8997
-3.0113 2.23517 90.8997
-3.0113 2.15087 90.8997
-3.0113 2.06657 90.8997
-3.0113 1.98227 90.8997
-3.0113 1.89797 90.8997
-3.0113 1.81367 90.8997
-3.0956 1.72937 90.8997
-3.0956 1.64507 90.8997
-3.1799 1.56077 90.8997
-3.1799 1.47647 90.8997
-3.2642 1.39217 90.8997
-3.2642 1.30787 90.8997
-3.2642 1.22357 90.8997
-3.3485 1.13927 90.8997
-3.3485 1.05497 90.8997
-3.4328 0.970671 90.8997
-3.5171 0.886372 90.8997
-3.5171 0.802071 90.8997
-3.6014 0.717772 90.8997
-3.6857 0.717772 90.8997
-3.6857 0.802071 90.8997
-3.6857 0.886372 90.8997
-3.6857 0.970671 90.8997
-3.6857 1.05497 90.8997
-3.6857 1.13927 90.8997
-3.6857 1.22357 90.8997
-3.6014 1.30787 90.8997
-3.6014 1.39217 90.8997
-3.6014 1.47647 90.8997
-3.6014 1.56077 90.8997
-3.6014 1.64507 90.8997
-3.6014 1.72937 90.8997
-3.5171 1.81367 90.8997
-3.5171 1.89797 90.8997
-3.5171 1.98227 90.8997
-3.5171 2.06657 90.8997
-3.5171 2.15087 90.8997
-3.5171 2.23517 90.8997
-3.5171 2.31947 90.8997
-3.5171 2.40377 90.8997
-3.5171 2.48807 90.8997
-3.5171 2.57237 90.8997
-3.6014 2.57237 91.0997
-3.5171 2.57237 91.0997
-3.4328 2.57237 91.0997
-3.3485 2.57237 91.0997
-3.2642 2.57237 91.0997
-3.1799 2.57237 91.0997
-3.0956 2.48807 91.0997
-3.0113 2.40377 91.0997
-3.0113 2.31947 91.0997
-2.927 2.23517 91.0997
-2.927 2.15087 91.0997
-2.927 2.06657 91.0997
-2.927 1.98227 91.0997
-2.927 1.89797 91.0997
-3.0113 1.81367 91.0997
-3.0113 1.72937 91.0997
-3.0956 1.64507 91.0997
-3.1799 1.56077 91.0997
-3.1799 1.47647 91.0997
-3.2642 1.39217 91.0997
-3.2642 1.30787 91.0997
-3.3485 1.22357 91.0997
-3.4328 1.13927 91.0997
-3.4328 1.05497 91.0997
-3.5171 0.970671 91.0997
-3.6014 0.886372 91.0997
-3.6014 0.802071 91.0997
-3.6857 0.717772 91.0997
-3.77 0.633471 91.0997
-3.8543 0.549171 91.0997
-3.8543 0.46487 91.0997
-3.9386 0.380571 91.0997
-4.0229 0.46487 91.0997
-4.0229 0.549171 91.0997
-4.0229 0.633471 91.0997
-4.0229 0.717772 91.0997
-4.0229 0.802071 91.0997
-4.0229 0.886372 91.0997
-4.0229 0.970671 91.0997
-3.9386 1.05497 91.0997
-3.8543 1.13927 91.0997
-3.77 1.22357 91.0997
-3.6857 1.30787 91.0997
-3.6857 1.39217 91.0997
-3.6857 1.47647 91.0997
-3.6857 1.56077 91.0997
-3.6014 1.64507 91.0997
-3.6014 1.72937 91.0997
-3.5171 1.81367 91.0997
-3.5171 1.89797 91.0997
-3.5171 1.98227 91.0997
-3.5171 2.06657 91.0997
-3.5171 2.15087 91.0997
-3.5171 2.23517 91.0997
-3.5171 2.31947 91.0997
-3.5171 2.40377 91.0997
-3.5171 2.48807 91.0997
-3.6014 2.57237 91.0997
-3.6014 2.82527 91.2997
-3.5171 2.82527 91.2997
-3.4328 2.82527 91.2997
-3.3485 2.82527 91.2997
-3.2642 2.74097 91.2997
-3.1799 2.65667 91.2997
-3.0956 2.57237 91.2997
-3.0956 2.48807 91.2997
-3.0113 2.40377 91.2997
-3.0113 2.31947 91.2997
-3.0113 2.23517 91.2997
-3.0113 2.15087 91.2997
-3.0113 2.06657 91.2997
-3.0113 1.98227 91.2997
-3.0113 1.89797 91.2997
-3.0956 1.81367 91.2997
-3.0956 1.72937 91.2997
-3.0956 1.64507 91.2997
-3.1799 1.56077 91.2997
-3.1799 1.47647 91.2997
-3.2642 1.39217 91.2997
-3.2642 1.30787 91.2997
-3.3485 1.22357 91.2997
-3.3485 1.13927 91.2997
-3.4328 1.05497 91.2997
-3.4328 0.970671 91.2997
-3.5171 0.886372 91.2997
-3.6014 0.802071 91.2997
-3.6014 0.717772 91.2997
-3.6857 0.633471 91.2997
-3.77 0.549171 91.2997
-3.77 0.46487 91.2997
-3.77 0.380571 91.2997
-3.8543 0.29627 91.2997
-3.9386 0.211971 91.2997
-4.0229 0.12767 91.2997
-4.1072 0.0433712 91.2997
-4.1915 0.0433712 91.2997
-4.2758 0.0433712 91.2997
-4.2758 0.12767 91.2997
-4.2758 0.211971 91.2997
-4.3601 0.29627 91.2997
-4.3601 0.380571 91.2997
-4.3601 0.46487 91.2997
-4.3601 0.549171 91.2997
-4.3601 0.633471 91.2997
-4.3601 0.717772 91.2997
-4.3601 0.802071 91.2997
-4.3601 0.886372 91.2997
-4.3601 0.970671 91.2997
-4.2758 1.05497 91.2997
-4.1915 1.13927 91.2997
-4.1915 1.22357 91.2997
-4.1072 1.30787 91.2997
-4.0229 1.39217 91.2997
-4.0229 1.47647 91.2997
-3.9386 1.56077 91.2997
-3.9386 1.64507 91.2997
-3.9386 1.72937 91.2997
-3.8543 1.81367 91.2997
-3.77 1.89797 91.2997
-3.6857 1.98227 91.2997
-3.6857 2.06657 91.2997
-3.6014 2.15087 91.2997
-3.6014 2.23517 91.2997
-3.5171 2.31947 91.2997
-3.6014 2.40377 91.2997
-3.6857 2.48807 91.2997
-3.77 2.57237 91.2997
-3.77 2.65667 91.2997
-3.6857 2.74097 91.2997
-3.6014 2.82527 91.2997
-3.6014 2.82527 91.4997
-3.5171 2.82527 91.4997
-3.4328 2.82527 91.4997
-3.3485 2.82527 91.4997
-3.2642 2.74097 91.4997
-3.1799 2.65667 91.4997
-3.0956 2.57237 91.4997
-3.0956 2.48807 91.4997
-3.0956 2.40377 91.4997
-3.0956 2.31947 91.4997
-3.0956 2.23517 91.4997
-3.0956 2.15087 91.4997
-3.0956 2.06657 91.4997
-3.0956 1.98227 91.4997
-3.1799 1.89797 91.4997
-3.1799 1.81367 91.4997
-3.1799 1.72937 91.4997
-3.1799 1.64507 91.4997
-3.2642 1.56077 91.4997
-3.2642 1.47647 91.4997
-3.2642 1.39217 91.4997
-3.3485 1.30787 91.4997
-3.3485 1.22357 91.4997
-3.3485 1.13927 91.4997
-3.4328 1.05497 91.4997
-3.4328 0.970671 91.4997
-3.5171 0.886372 91.4997
-3.6014 0.802071 91.4997
-3.6014 0.717772 91.4997
-3.6857 0.633471 91.4997
-3.77 0.549171 91.4997
-3.77 0.46487 91.4997
-3.77 0.380571 91.4997
-3.8543 0.29627 91.4997
-3.8543 0.211971 91.4997
-3.9386 0.12767 91.4997
-4.0229 0.0433712 91.4997
-4.1072 0.0433712 91.4997
-4.1915 0.0433712 91.4997
-4.2758 0.0433712 91.4997
-4.3601 0.12767 91.4997
-4.4444 0.211971 91.4997
-4.5287 0.29627 91.4997
-4.613 0.211971 91.4997
-4.6973 0.12767 91.4997
-4.6973 0.211971 91.4997
-4.6973 0.29627 91.4997
-4.6973 0.380571 91.4997
-4.6973 0.46487 91.4997
-4.6973 0.549171 91.4997
-4.613 0.633471 91.4997
-4.5287 0.717772 91.4997
-4.4444 0.802071 91.4997
-4.4444 0.886372 91.4997
-4.4444 0.970671 91.4997
-4.3601 1.05497 91.4997
-4.3601 1.13927 91.4997
-4.2758 1.22357 91.4997
-4.1915 1.30787 91.4997
-4.1915 1.39217 91.4997
-4.1072 1.47647 91.4997
-4.0229 1.56077 91.4997
-4.0229 1.64507 91.4997
-4.0229 1.72937 91.4997
-3.9386 1.81367 91.4997
-3.9386 1.89797 91.4997
-3.8543 1.98227 91.4997
-3.77 2.06657 91.4997
-3.6857 2.15087 91.4997
-3.6857 2.23517 91.4997
-3.6014 2.31947 91.4997
-3.6857 2.40377 91.4997
-3.77 2.48807 91.4997
-3.8543 2.48807 91.4997
-3.9386 2.57237 91.4997
-3.8543 2.57237 91.4997
-3.77 2.65667 91.4997
-3.6857 2.74097 91.4997
-3.6014 2.82527 91.4997
-3.3485 2.90957 91.6997
-3.2642 2.82527 91.6997
-3.1799 2.74097 91.6997
-3.0956 2.65667 91.6997
-3.0956 2.57237 91.6997
-3.0956 2.48807 91.6997
-3.0956 2.40377 91.6997
-3.0956 2.31947 91.6997
-3.1799 2.23517 91.6997
-3.1799 2.15087 91.6997
-3.2642 2.06657 91.6997
-3.2642 1.98227 91.6997
-3.2642 1.89797 91.6997
-3.3485 1.81367 91.6997
-3.3485 1.72937 91.6997
-3.3485 1.64507 91.6997
-3.4328 1.56077 91.6997
-3.5171 1.47647 91.6997
-3.6014 1.39217 91.6997
-3.6014 1.30787 91.6997
-3.6857 1.22357 91.6997
-3.77 1.13927 91.6997
-3.77 1.05497 91.6997
-3.8543 0.970671 91.6997
-3.8543 0.886372 91.6997
-3.8543 0.802071 91.6997
-3.9386 0.717772 91.6997
-3.9386 0.633471 91.6997
-3.9386 0.549171 91.6997
-3.9386 0.46487 91.6997
-4.0229 0.380571 91.6997
-4.1072 0.380571 91.6997
-4.1915 0.380571 91.6997
-4.2758 0.380571 91.6997
-4.3601 0.380571 91.6997
-4.4444 0.380571 91.6997
-4.5287 0.29627 91.6997
-4.613 0.211971 91.6997
-4.6973 0.12767 91.6997
-4.7816 0.0433712 91.6997
-4.8659 -0.0409298 91.6997
-4.9502 -0.125229 91.6997
-5.0345 -0.20953 91.6997
-5.0345 -0.125229 91.6997
-5.0345 -0.0409298 91.6997
-5.0345 0.0433712 91.6997
-5.0345 0.12767 91.6997
-5.0345 0.211971 91.6997
-4.9502 0.29627 91.6997
-4.8659 0.380571 91.6997
-4.7816 0.46487 91.6997
-4.7816 0.549171 91.6997
-4.6973 0.633471 91.6997
-4.6973 0.717772 91.6997
-4.613 0.802071 91.6997
-4.5287 0.886372 91.6997
-4.4444 0.970671 91.6997
-4.4444 1.05497 91.6997
-4.3601 1.13927 91.6997
-4.2758 1.22357 91.6997
-4.1915 1.30787 91.6997
-4.1915 1.39217 91.6997
-4.1072 1.47647 91.6997
-4.0229 1.56077 91.6997
-4.0229 1.64507 91.6997
-4.0229 1.72937 91.6997
-3.9386 1.81367 91.6997
-3.9386 1.89797 91.6997
-3.8543 1.98227 91.6997
-3.77 2.06657 91.6997
-3.6857 2.15087 91.6997
-3.6857 2.23517 91.6997
-3.6014 2.31947 91.6997
-3.6857 2.40377 91.6997
-3.77 2.48807 91.6997
-3.8543 2.48807 91.6997
-3.9386 2.57237 91.6997
-3.8543 2.57237 91.6997
-3.77 2.65667 91.6997
-3.6857 2.74097 91.6997
-3.6014 2.82527 91.6997
-3.5171 2.82527 91.6997
-3.4328 2.82527 91.6997
-3.3485 2.90957 91.6997
-3.3485 2.90957 91.8997
-3.2642 2.90957 91.8997
-3.1799 2.90957 91.8997
-3.0956 2.82527 91.8997
-3.0956 2.74097 91.8997
-3.0956 2.65667 91.8997
-3.0956 2.57237 91.8997
-3.0956 2.48807 91.8997
-3.0956 2.40377 91.8997
-3.0956 2.31947 91.8997
-3.1799 2.23517 91.8997
-3.1799 2.15087 91.8997
-3.2642 2.06657 91.8997
-3.2642 1.98227 91.8997
-3.2642 1.89797 91.8997
-3.3485 1.81367 91.8997
-3.3485 1.72937 91.8997
-3.3485 1.64507 91.8997
-3.4328 1.56077 91.8997
-3.5171 1.47647 91.8997
-3.6014 1.39217 91.8997
-3.6014 1.30787 91.8997
-3.6857 1.22357 91.8997
-3.77 1.13927 91.8997
-3.77 1.05497 91.8997
-3.8543 0.970671 91.8997
-3.8543 0.886372 91.8997
-3.8543 0.802071 91.8997
-3.9386 0.717772 91.8997
-3.9386 0.633471 91.8997
-3.9386 0.549171 91.8997
-3.9386 0.46487 91.8997
-4.0229 0.380571 91.8997
-4.1072 0.380571 91.8997
-4.1915 0.380571 91.8997
-4.2758 0.380571 91.8997
-4.3601 0.380571 91.8997
-4.4444 0.380571 91.8997
-4.5287 0.29627 91.8997
-4.613 0.211971 91.8997
-4.613 0.12767 91.8997
-4.6973 0.0433712 91.8997
-4.7816 -0.0409298 91.8997
-4.8659 -0.125229 91.8997
-4.9502 -0.20953 91.8997
-5.0345 -0.125229 91.8997
-5.1188 -0.125229 91.8997
-5.1188 -0.0409298 91.8997
-5.1188 0.0433712 91.8997
-5.1188 0.12767 91.8997
-5.1188 0.211971 91.8997
-5.0345 0.29627 91.8997
-5.0345 0.380571 91.8997
-4.9502 0.46487 91.8997
-4.8659 0.549171 91.8997
-4.7816 0.633471 91.8997
-4.6973 0.717772 91.8997
-4.613 0.802071 91.8997
-4.5287 0.886372 91.8997
-4.4444 0.970671 91.8997
-4.4444 1.05497 91.8997
-4.3601 1.13927 91.8997
-4.2758 1.22357 91.8997
-4.1915 1.30787 91.8997
-4.1915 1.39217 91.8997
-4.1072 1.47647 91.8997
-4.0229 1.56077 91.8997
-4.0229 1.64507 91.8997
-4.0229 1.72937 91.8997
-3.9386 1.81367 91.8997
-3.9386 1.89797 91.8997
-3.8543 1.98227 91.8997
-3.77 2.06657 91.8997
-3.6857 2.15087 91.8997
-3.6857 2.23517 91.8997
-3.6014 2.31947 91.8997
-3.6857 2.40377 91.8997
-3.77 2.48807 91.8997
-3.8543 2.48807 91.8997
-3.8543 2.57237 91.8997
-3.77 2.57237 91.8997
-3.6857 2.65667 91.8997
-3.6014 2.74097 91.8997
-3.5171 2.82527 91.8997
-3.4328 2.82527 91.8997
-3.3485 2.90957 91.8997
-3.4328 2.90957 92.0997
-3.3485 2.90957 92.0997
-3.2642 2.90957 92.0997
-3.1799 2.90957 92.0997
-3.1799 2.82527 92.0997
-3.1799 2.74097 92.0997
-3.1799 2.65667 92.0997
-3.1799 2.57237 92.0997
-3.1799 2.48807 92.0997
-3.1799 2.40377 92.0997
-3.2642 2.31947 92.0997
-3.2642 2.23517 92.0997
-3.2642 2.15087 92.0997
-3.3485 2.06657 92.0997
-3.3485 1.98227 92.0997
-3.3485 1.89797 92.0997
-3.3485 1.81367 92.0997
-3.4328 1.72937 92.0997
-3.4328 1.64507 92.0997
-3.4328 1.56077 92.0997
-3.5171 1.47647 92.0997
-3.6014 1.39217 92.0997
-3.6014 1.30787 92.0997
-3.6857 1.22357 92.0997
-3.77 1.13927 92.0997
-3.77 1.05497 92.0997
-3.77 0.970671 92.0997
-3.8543 0.886372 92.0997
-3.8543 0.802071 92.0997
-3.8543 0.717772 92.0997
-3.8543 0.633471 92.0997
-3.8543 0.549171 92.0997
-3.8543 0.46487 92.0997
-3.9386 0.380571 92.0997
-4.0229 0.380571 92.0997
-4.1072 0.380571 92.0997
-4.1915 0.380571 92.0997
-4.2758 0.380571 92.0997
-4.3601 0.380571 92.0997
-4.4444 0.380571 92.0997
-4.5287 0.29627 92.0997
-4.613 0.211971 92.0997
-4.613 0.12767 92.0997
-4.6973 0.0433712 92.0997
-4.7816 -0.0409298 92.0997
-4.8659 -0.125229 92.0997
-4.9502 -0.125229 92.0997
-5.0345 -0.125229 92.0997
-5.1188 -0.0409298 92.0997
-5.1188 0.0433712 92.0997
-5.1188 0.12767 92.0997
-5.1188 0.211971 92.0997
-5.0345 0.29627 92.0997
-5.0345 0.380571 92.0997
-4.9502 0.46487 92.0997
-4.8659 0.549171 92.0997
-4.7816 0.633471 92.0997
-4.6973 0.717772 92.0997
-4.613 0.802071 92.0997
-4.5287 0.886372 92.0997
-4.5287 0.970671 92.0997
-4.4444 1.05497 92.0997
-4.3601 1.13927 92.0997
-4.2758 1.22357 92.0997
-4.2758 1.30787 92.0997
-4.1915 1.39217 92.0997
-4.1072 1.47647 92.0997
-4.1072 1.56077 92.0997
-4.0229 1.64507 92.0997
-4.0229 1.72937 92.0997
-4.0229 1.81367 92.0997
-3.9386 1.89797 92.0997
-3.9386 1.98227 92.0997
-3.9386 2.06657 92.0997
-3.9386 2.15087 92.0997
-3.9386 2.23517 92.0997
-4.0229 2.31947 92.0997
-4.1072 2.40377 92.0997
-4.1072 2.48807 92.0997
-4.0229 2.48807 92.0997
-3.9386 2.57237 92.0997
-3.8543 2.57237 92.0997
-3.77 2.65667 92.0997
-3.6857 2.74097 92.0997
-3.6014 2.82527 92.0997
-3.5171 2.82527 92.0997
-3.4328 2.90957 92.0997
-3.6014 2.99387 92.2997
-3.5171 2.99387 92.2997
-3.4328 2.99387 92.2997
-3.3485 2.99387 92.2997
-3.2642 2.99387 92.2997
-3.1799 2.90957 92.2997
-3.1799 2.82527 92.2997
-3.1799 2.74097 92.2997
-3.1799 2.65667 92.2997
-3.2642 2.57237 92.2997
-3.2642 2.48807 92.2997
-3.3485 2.40377 92.2997
-3.3485 2.31947 92.2997
-3.3485 2.23517 92.2997
-3.4328 2.15087 92.2997
-3.4328 2.06657 92.2997
-3.4328 1.98227 92.2997
-3.4328 1.89797 92.2997
-3.5171 1.81367 92.2997
-3.5171 1.72937 92.2997
-3.5171 1.64507 92.2997
-3.5171 1.56077 92.2997
-3.6014 1.47647 92.2997
-3.6014 1.39217 92.2997
-3.6857 1.30787 92.2997
-3.6857 1.22357 92.2997
-3.77 1.13927 92.2997
-3.77 1.05497 92.2997
-3.77 0.970671 92.2997
-3.8543 0.886372 92.2997
-3.8543 0.802071 92.2997
-3.8543 0.717772 92.2997
-3.8543 0.633471 92.2997
-3.8543 0.549171 92.2997
-3.8543 0.46487 92.2997
-3.9386 0.380571 92.2997
-4.0229 0.380571 92.2997
-4.1072 0.380571 92.2997
-4.1915 0.380571 92.2997
-4.2758 0.46487 92.2997
-4.3601 0.549171 92.2997
-4.4444 0.549171 92.2997
-4.5287 0.46487 92.2997
-4.613 0.380571 92.2997
-4.613 0.29627 92.2997
-4.613 0.211971 92.2997
-4.6973 0.12767 92.2997
-4.6973 0.0433712 92.2997
-4.7816 -0.0409298 92.2997
-4.8659 -0.125229 92.2997
-4.9502 -0.125229 92.2997
-5.0345 -0.0409298 92.2997
-5.1188 0.0433712 92.2997
-5.1188 0.12767 92.2997
-5.1188 0.211971 92.2997
-5.0345 0.29627 92.2997
-5.0345 0.380571 92.2997
-4.9502 0.46487 92.2997
-4.8659 0.549171 92.2997
-4.8659 0.633471 92.2997
-4.7816 0.717772 92.2997
-4.7816 0.802071 92.2997
-4.6973 0.886372 92.2997
-4.613 0.970671 92.2997
-4.5287 1.05497 92.2997
-4.5287 1.13927 92.2997
-4.4444 1.22357 92.2997
-4.3601 1.30787 92.2997
-4.2758 1.39217 92.2997
-4.2758 1.47647 92.2997
-4.1915 1.56077 92.2997
-4.1072 1.64507 92.2997
-4.1072 1.72937 92.2997
-4.1072 1.81367 92.2997
-4.1072 1.89797 92.2997
-4.0229 1.98227 92.2997
-4.0229 2.06657 92.2997
-4.0229 2.15087 92.2997
-4.1072 2.23517 92.2997
-4.1072 2.31947 92.2997
-4.1915 2.40377 92.2997
-4.1915 2.48807 92.2997
-4.1915 2.57237 92.2997
-4.1915 2.65667 92.2997
-4.1915 2.74097 92.2997
-4.1072 2.74097 92.2997
-4.0229 2.74097 92.2997
-3.9386 2.82527 92.2997
-3.8543 2.90957 92.2997
-3.77 2.90957 92.2997
-3.6857 2.90957 92.2997
-3.6014 2.99387 92.2997
-3.6857 3.07817 92.4997
-3.6014 3.07817 92.4997
-3.5171 3.07817 92.4997
-3.4328 3.07817 92.4997
-3.3485 3.07817 92.4997
-3.2642 3.07817 92.4997
-3.1799 3.07817 92.4997
-3.0956 2.99387 92.4997
-3.0956 2.90957 92.4997
-3.0956 2.82527 92.4997
-3.0956 2.74097 92.4997
-3.0956 2.65667 92.4997
-3.1799 2.57237 92.4997
-3.1799 2.48807 92.4997
-3.2642 2.40377 92.4997
-3.2642 2.31947 92.4997
-3.2642 2.23517 92.4997
-3.3485 2.15087 92.4997
-3.3485 2.06657 92.4997
-3.4328 1.98227 92.4997
-3.4328 1.89797 92.4997
-3.4328 1.81367 92.4997
-3.5171 1.72937 92.4997
-3.5171 1.64507 92.4997
-3.5171 1.56077 92.4997
-3.5171 1.47647 92.4997
-3.5171 1.39217 92.4997
-3.6014 1.30787 92.4997
-3.6014 1.22357 92.4997
-3.6857 1.13927 92.4997
-3.6857 1.05497 92.4997
-3.6857 0.970671 92.4997
-3.77 0.886372 92.4997
-3.77 0.802071 92.4997
-3.77 0.717772 92.4997
-3.77 0.633471 92.4997
-3.8543 0.549171 92.4997
-3.9386 0.549171 92.4997
-4.0229 0.549171 92.4997
-4.1072 0.549171 92.4997
-4.1915 0.549171 92.4997
-4.2758 0.549171 92.4997
-4.3601 0.549171 92.4997
-4.4444 0.46487 92.4997
-4.5287 0.380571 92.4997
-4.613 0.29627 92.4997
-4.6973 0.211971 92.4997
-4.6973 0.12767 92.4997
-4.6973 0.0433712 92.4997
-4.7816 -0.0409298 92.4997
-4.8659 -0.125229 92.4997
-4.9502 -0.125229 92.4997
-4.9502 -0.0409298 92.4997
-5.0345 0.0433712 92.4997
-5.0345 0.12767 92.4997
-5.0345 0.211971 92.4997
-5.0345 0.29627 92.4997
-4.9502 0.380571 92.4997
-4.9502 0.46487 92.4997
-4.9502 0.549171 92.4997
-4.8659 0.633471 92.4997
-4.8659 0.717772 92.4997
-4.7816 0.802071 92.4997
-4.7816 0.886372 92.4997
-4.7816 0.970671 92.4997
-4.6973 1.05497 92.4997
-4.613 1.13927 92.4997
-4.5287 1.22357 92.4997
-4.5287 1.30787 92.4997
-4.5287 1.39217 92.4997
-4.4444 1.47647 92.4997
-4.4444 1.56077 92.4997
-4.3601 1.64507 92.4997
-4.2758 1.72937 92.4997
-4.2758 1.81367 92.4997
-4.2758 1.89797 92.4997
-4.1915 1.98227 92.4997
-4.1915 2.06657 92.4997
-4.1072 2.15087 92.4997
-4.1072 2.23517 92.4997
-4.1072 2.31947 92.4997
-4.1915 2.40377 92.4997
-4.1915 2.48807 92.4997
-4.1915 2.57237 92.4997
-4.1915 2.65667 92.4997
-4.1915 2.74097 92.4997
-4.1915 2.82527 92.4997
-4.1072 2.82527 92.4997
-4.0229 2.90957 92.4997
-3.9386 2.99387 92.4997
-3.8543 2.99387 92.4997
-3.77 2.99387 92.4997
-3.6857 3.07817 92.4997
-3.6014 3.33107 92.6997
-3.5171 3.33107 92.6997
-3.4328 3.33107 92.6997
-3.3485 3.33107 92.6997
-3.2642 3.33107 92.6997
-3.1799 3.24677 92.6997
-3.0956 3.16247 92.6997
-3.0113 3.07817 92.6997
-3.0113 2.99387 92.6997
-3.0113 2.90957 92.6997
-3.0113 2.82527 92.6997
-3.0113 2.74097 92.6997
-3.0956 2.65667 92.6997
-3.0956 2.57237 92.6997
-3.1799 2.48807 92.6997
-3.1799 2.40377 92.6997
-3.2642 2.31947 92.6997
-3.2642 2.23517 92.6997
-3.3485 2.15087 92.6997
-3.3485 2.06657 92.6997
-3.4328 1.98227 92.6997
-3.4328 1.89797 92.6997
-3.4328 1.81367 92.6997
-3.5171 1.72937 92.6997
-3.5171 1.64507 92.6997
-3.5171 1.56077 92.6997
-3.5171 1.47647 92.6997
-3.5171 1.39217 92.6997
-3.6014 1.30787 92.6997
-3.6014 1.22357 92.6997
-3.6014 1.13927 92.6997
-3.6014 1.05497 92.6997
-3.6014 0.970671 92.6997
-3.6014 0.886372 92.6997
-3.6857 0.802071 92.6997
-3.6857 0.717772 92.6997
-3.77 0.633471 92.6997
-3.8543 0.549171 92.6997
-3.9386 0.549171 92.6997
-4.0229 0.549171 92.6997
-4.1072 0.549171 92.6997
-4.1915 0.633471 92.6997
-4.2758 0.633471 92.6997
-4.3601 0.549171 92.6997
-4.4444 0.46487 92.6997
-4.5287 0.380571 92.6997
-4.613 0.380571 92.6997
-4.6973 0.29627 92.6997
-4.7816 0.211971 92.6997
-4.7816 0.12767 92.6997
-4.7816 0.0433712 92.6997
-4.8659 -0.0409298 92.6997
-4.9502 -0.0409298 92.6997
-4.9502 0.0433712 92.6997
-5.0345 0.12767 92.6997
-5.0345 0.211971 92.6997
-5.0345 0.29627 92.6997
-4.9502 0.380571 92.6997
-4.9502 0.46487 92.6997
-4.9502 0.549171 92.6997
-4.8659 0.633471 92.6997
-4.8659 0.717772 92.6997
-4.8659 0.802071 92.6997
-4.8659 0.886372 92.6997
-4.8659 0.970671 92.6997
-4.7816 1.05497 92.6997
-4.7816 1.13927 92.6997
-4.7816 1.22357 92.6997
-4.7816 1.30787 92.6997
-4.7816 1.39217 92.6997
-4.7816 1.47647 92.6997
-4.6973 1.56077 92.6997
-4.6973 1.64507 92.6997
-4.613 1.72937 92.6997
-4.5287 1.81367 92.6997
-4.5287 1.89797 92.6997
-4.4444 1.98227 92.6997
-4.4444 2.06657 92.6997
-4.3601 2.15087 92.6997
-4.3601 2.23517 92.6997
-4.2758 2.31947 92.6997
-4.2758 2.40377 92.6997
-4.1915 2.48807 92.6997
-4.1915 2.57237 92.6997
-4.1915 2.65667 92.6997
-4.1915 2.74097 92.6997
-4.1915 2.82527 92.6997
-4.1915 2.90957 92.6997
-4.1072 2.99387 92.6997
-4.0229 2.99387 92.6997
-3.9386 3.07817 92.6997
-3.8543 3.16247 92.6997
-3.77 3.24677 92.6997
-3.6857 3.24677 92.6997
-3.6014 3.33107 92.6997
-3.8543 3.41537 92.8997
-3.77 3.41537 92.8997
-3.6857 3.41537 92.8997
-3.6014 3.41537 92.8997
-3.5171 3.41537 92.8997
-3.4328 3.41537 92.8997
-3.3485 3.41537 92.8997
-3.2642 3.41537 92.8997
-3.1799 3.41537 92.8997
-3.0956 3.41537 92.8997
-3.0113 3.33107 92.8997
-2.927 3.24677 92.8997
-2.927 3.16247 92.8997
-2.927 3.07817 92.8997
-2.927 2.99387 92.8997
-3.0113 2.90957 92.8997
-3.0113 2.82527 92.8997
-3.0113 2.74097 92.8997
-3.0956 2.65667 92.8997
-3.0956 2.57237 92.8997
-3.1799 2.48807 92.8997
-3.1799 2.40377 92.8997
-3.2642 2.31947 92.8997
-3.2642 2.23517 92.8997
-3.3485 2.15087 92.8997
-3.3485 2.06657 92.8997
-3.4328 1.98227 92.8997
-3.5171 1.89797 92.8997
-3.5171 1.81367 92.8997
-3.6014 1.72937 92.8997
-3.6014 1.64507 92.8997
-3.6857 1.56077 92.8997
-3.6857 1.47647 92.8997
-3.77 1.39217 92.8997
-3.77 1.30787 92.8997
-3.77 1.22357 92.8997
-3.77 1.13927 92.8997
-3.77 1.05497 92.8997
-3.77 0.970671 92.8997
-3.77 0.886372 92.8997
-3.8543 0.802071 92.8997
-3.9386 0.802071 92.8997
-4.0229 0.802071 92.8997
-4.1072 0.802071 92.8997
-4.1915 0.802071 92.8997
-4.2758 0.802071 92.8997
-4.3601 0.717772 92.8997
-4.3601 0.633471 92.8997
-4.3601 0.549171 92.8997
-4.4444 0.46487 92.8997
-4.5287 0.380571 92.8997
-4.613 0.380571 92.8997
-4.6973 0.29627 92.8997
-4.7816 0.211971 92.8997
-4.7816 0.12767 92.8997
-4.7816 0.0433712 92.8997
-4.8659 0.0433712 92.8997
-4.8659 0.12767 92.8997
-4.9502 0.211971 92.8997
-5.0345 0.29627 92.8997
-4.9502 0.380571 92.8997
-4.9502 0.46487 92.8997
-4.9502 0.549171 92.8997
-4.8659 0.633471 92.8997
-4.8659 0.717772 92.8997
-4.8659 0.802071 92.8997
-4.8659 0.886372 92.8997
-4.8659 0.970671 92.8997
-4.8659 1.05497 92.8997
-4.8659 1.13927 92.8997
-4.8659 1.22357 92.8997
-4.8659 1.30787 92.8997
-4.8659 1.39217 92.8997
-4.8659 1.47647 92.8997
-4.7816 1.56077 92.8997
-4.7816 1.64507 92.8997
-4.7816 1.72937 92.8997
-4.7816 1.81367 92.8997
-4.7816 1.89797 92.8997
-4.6973 1.98227 92.8997
-4.6973 2.06657 92.8997
-4.613 2.15087 92.8997
-4.613 2.23517 92.8997
-4.613 2.31947 92.8997
-4.5287 2.40377 92.8997
-4.5287 2.48807 92.8997
-4.4444 2.57237 92.8997
-4.3601 2.65667 92.8997
-4.2758 2.74097 92.8997
-4.1915 2.82527 92.8997
-4.1072 2.90957 92.8997
-4.1072 2.99387 92.8997
-4.1072 3.07817 92.8997
-4.0229 3.16247 92.8997
-4.0229 3.24677 92.8997
-4.0229 3.33107 92.8997
-3.9386 3.33107 92.8997
-3.8543 3.41537 92.8997
-3.9386 3.58397 93.0997
-3.8543 3.58397 93.0997
-3.77 3.58397 93.0997
-3.6857 3.58397 93.0997
-3.6014 3.58397 93.0997
-3.5171 3.58397 93.0997
-3.4328 3.58397 93.0997
-3.3485 3.58397 93.0997
-3.2642 3.58397 93.0997
-3.1799 3.58397 93.0997
-3.0956 3.58397 93.0997
-3.0113 3.58397 93.0997
-2.927 3.49967 93.0997
-2.8427 3.41537 93.0997
-2.8427 3.33107 93.0997
-2.8427 3.24677 93.0997
-2.8427 3.16247 93.0997
-2.8427 3.07817 93.0997
-2.927 2.99387 93.0997
-3.0113 2.90957 93.0997
-3.0956 2.82527 93.0997
-3.0956 2.74097 93.0997
-3.1799 2.65667 93.0997
-3.2642 2.57237 93.0997
-3.3485 2.48807 93.0997
-3.3485 2.40377 93.0997
-3.4328 2.31947 93.0997
-3.4328 2.23517 93.0997
-3.5171 2.15087 93.0997
-3.6014 2.06657 93.0997
-3.6014 1.98227 93.0997
-3.6857 1.89797 93.0997
-3.6857 1.81367 93.0997
-3.77 1.72937 93.0997
-3.77 1.64507 93.0997
-3.8543 1.56077 93.0997
-3.8543 1.47647 93.0997
-3.8543 1.39217 93.0997
-3.8543 1.30787 93.0997
-3.8543 1.22357 93.0997
-3.8543 1.13927 93.0997
-3.8543 1.05497 93.0997
-3.9386 0.970671 93.0997
-4.0229 0.970671 93.0997
-4.1072 0.970671 93.0997
-4.1915 1.05497 93.0997
-4.2758 1.05497 93.0997
-4.3601 0.970671 93.0997
-4.4444 0.886372 93.0997
-4.4444 0.802071 93.0997
-4.4444 0.717772 93.0997
-4.5287 0.633471 93.0997
-4.5287 0.549171 93.0997
-4.613 0.46487 93.0997
-4.6973 0.380571 93.0997
-4.6973 0.29627 93.0997
-4.7816 0.211971 93.0997
-4.8659 0.29627 93.0997
-4.9502 0.380571 93.0997
-4.8659 0.46487 93.0997
-4.8659 0.549171 93.0997
-4.8659 0.633471 93.0997
-4.8659 0.717772 93.0997
-4.8659 0.802071 93.0997
-4.8659 0.886372 93.0997
-4.8659 0.970671 93.0997
-4.7816 1.05497 93.0997
-4.7816 1.13927 93.0997
-4.7816 1.22357 93.0997
-4.7816 1.30787 93.0997
-4.7816 1.39217 93.0997
-4.7816 1.47647 93.0997
-4.7816 1.56077 93.0997
-4.6973 1.64507 93.0997
-4.6973 1.72937 93.0997
-4.6973 1.81367 93.0997
-4.6973 1.89797 93.0997
-4.613 1.98227 93.0997
-4.613 2.06657 93.0997
-4.613 2.15087 93.0997
-4.613 2.23517 93.0997
-4.5287 2.31947 93.0997
-4.5287 2.40377 93.0997
-4.4444 2.48807 93.0997
-4.3601 2.57237 93.0997
-4.3601 2.65667 93.0997
-4.3601 2.74097 93.0997
-4.3601 2.82527 93.0997
-4.2758 2.90957 93.0997
-4.2758 2.99387 93.0997
-4.1915 3.07817 93.0997
-4.1915 3.16247 93.0997
-4.1072 3.24677 93.0997
-4.1072 3.33107 93.0997
-4.0229 3.41537 93.0997
-3.9386 3.49967 93.0997
-3.9386 3.58397 93.0997
-3.8543 3.66827 93.2997
-3.77 3.66827 93.2997
-3.6857 3.66827 93.2997
-3.6014 3.66827 93.2997
-3.5171 3.66827 93.2997
-3.4328 3.66827 93.2997
-3.3485 3.66827 93.2997
-3.2642 3.66827 93.2997
-3.1799 3.66827 93.2997
-3.0956 3.66827 93.2997
-3.0113 3.66827 93.2997
-2.927 3.58397 93.2997
-2.8427 3.58397 93.2997
-2.7584 3.49967 93.2997
-2.6741 3.41537 93.2997
-2.6741 3.33107 93.2997
-2.6741 3.24677 93.2997
-2.6741 3.16247 93.2997
-2.7584 3.07817 93.2997
-2.8427 2.99387 93.2997
-2.8427 2.90957 93.2997
-2.927 2.82527 93.2997
-3.0113 2.82527 93.2997
-3.0956 2.82527 93.2997
-3.1799 2.74097 93.2997
-3.2642 2.65667 93.2997
-3.3485 2.65667 93.2997
-3.4328 2.65667 93.2997
-3.5171 2.57237 93.2997
-3.6014 2.48807 93.2997
-3.6857 2.40377 93.2997
-3.77 2.31947 93.2997
-3.77 2.23517 93.2997
-3.8543 2.15087 93.2997
-3.8543 2.06657 93.2997
-3.9386 1.98227 93.2997
-4.0229 1.89797 93.2997
-4.0229 1.81367 93.2997
-4.1072 1.72937 93.2997
-4.1072 1.64507 93.2997
-4.1915 1.56077 93.2997
-4.1915 1.47647 93.2997
-4.1915 1.39217 93.2997
-4.2758 1.30787 93.2997
-4.2758 1.22357 93.2997
-4.3601 1.13927 93.2997
-4.3601 1.05497 93.2997
-4.3601 0.970671 93.2997
-4.4444 0.886372 93.2997
-4.4444 0.802071 93.2997
-4.4444 0.717772 93.2997
-4.4444 0.633471 93.2997
-4.5287 0.549171 93.2997
-4.5287 0.46487 93.2997
-4.613 0.380571 93.2997
-4.613 0.29627 93.2997
-4.613 0.211971 93.2997
-4.6973 0.12767 93.2997
-4.6973 0.211971 93.2997
-4.7816 0.29627 93.2997
-4.7816 0.380571 93.2997
-4.7816 0.46487 93.2997
-4.7816 0.549171 93.2997
-4.7816 0.633471 93.2997
-4.7816 0.717772 93.2997
-4.7816 0.802071 93.2997
-4.7816 0.886372 93.2997
-4.7816 0.970671 93.2997
-4.6973 1.05497 93.2997
-4.6973 1.13927 93.2997
-4.6973 1.22357 93.2997
-4.6973 1.30787 93.2997
-4.6973 1.39217 93.2997
-4.6973 1.47647 93.2997
-4.6973 1.56077 93.2997
-4.613 1.64507 93.2997
-4.613 1.72937 93.2997
-4.613 1.81367 93.2997
-4.613 1.89797 93.2997
-4.5287 1.98227 93.2997
-4.5287 2.06657 93.2997
-4.5287 2.15087 93.2997
-4.5287 2.23517 93.2997
-4.4444 2.31947 93.2997
-4.3601 2.40377 93.2997
-4.3601 2.48807 93.2997
-4.2758 2.57237 93.2997
-4.2758 2.65667 93.2997
-4.1915 2.74097 93.2997
-4.1915 2.82527 93.2997
-4.1072 2.90957 93.2997
-4.0229 2.99387 93.2997
-4.0229 3.07817 93.2997
-4.0229 3.16247 93.2997
-4.0229 3.24677 93.2997
-4.0229 3.33107 93.2997
-3.9386 3.41537 93.2997
-3.9386 3.49967 93.2997
-3.8543 3.58397 93.2997
-3.8543 3.66827 93.2997
-3.6014 3.58397 93.4997
-3.5171 3.58397 93.4997
-3.4328 3.58397 93.4997
-3.3485 3.58397 93.4997
-3.2642 3.58397 93.4997
-3.1799 3.58397 93.4997
-3.0956 3.58397 93.4997
-3.0113 3.49967 93.4997
-3.0113 3.41537 93.4997
-3.0113 3.33107 93.4997
-3.0113 3.24677 93.4997
-3.0113 3.16247 93.4997
-3.0956 3.07817 93.4997
-3.1799 2.99387 93.4997
-3.2642 2.99387 93.4997
-3.3485 2.99387 93.4997
-3.4328 2.90957 93.4997
-3.5171 2.82527 93.4997
-3.6014 2.74097 93.4997
-3.6857 2.65667 93.4997
-3.6857 2.57237 93.4997
-3.77 2.48807 93.4997
-3.8543 2.40377 93.4997
-3.8543 2.31947 93.4997
-3.8543 2.23517 93.4997
-3.9386 2.15087 93.4997
-4.0229 2.06657 93.4997
-4.0229 1.98227 93.4997
-4.0229 1.89797 93.4997
-4.1072 1.81367 93.4997
-4.1072 1.72937 93.4997
-4.1072 1.64507 93.4997
-4.1915 1.56077 93.4997
-4.2758 1.56077 93.4997
-4.3601 1.47647 93.4997
-4.3601 1.39217 93.4997
-4.4444 1.30787 93.4997
-4.4444 1.22357 93.4997
-4.4444 1.13927 93.4997
-4.5287 1.05497 93.4997
-4.5287 0.970671 93.4997
-4.613 0.886372 93.4997
-4.613 0.802071 93.4997
-4.613 0.717772 93.4997
-4.613 0.633471 93.4997
-4.613 0.549171 93.4997
-4.613 0.46487 93.4997
-4.6973 0.380571 93.4997
-4.6973 0.46487 93.4997
-4.6973 0.549171 93.4997
-4.6973 0.633471 93.4997
-4.6973 0.717772 93.4997
-4.6973 0.802071 93.4997
-4.6973 0.886372 93.4997
-4.6973 0.970671 93.4997
-4.6973 1.05497 93.4997
-4.613 1.13927 93.4997
-4.613 1.22357 93.4997
-4.613 1.30787 93.4997
-4.613 1.39217 93.4997
-4.613 1.47647 93.4997
-4.613 1.56077 93.4997
-4.613 1.64507 93.4997
-4.5287 1.72937 93.4997
-4.5287 1.81367 93.4997
-4.5287 1.89797 93.4997
-4.5287 1.98227 93.4997
-4.5287 2.06657 93.4997
-4.4444 2.15087 93.4997
-4.4444 2.23517 93.4997
-4.4444 2.31947 93.4997
-4.3601 2.40377 93.4997
-4.2758 2.48807 93.4997
-4.1915 2.57237 93.4997
-4.1915 2.65667 93.4997
-4.1072 2.74097 93.4997
-4.0229 2.82527 93.4997
-4.0229 2.90957 93.4997
-3.9386 2.99387 93.4997
-3.9386 3.07817 93.4997
-3.8543 3.16247 93.4997
-3.77 3.24677 93.4997
-3.77 3.33107 93.4997
-3.6857 3.41537 93.4997
-3.6857 3.49967 93.4997
-3.6014 3.58397 93.4997
