# Output from PinnacleROI.cpp
# First line is number of curves
# Second line is space-separated number of points in each curve
# Remainder are the points themselves
20
65 76 95 97 110 116 125 133 134 133 126 120 107 94 96 99 94 87 87 89 
-5.5403 2.99387 88.8998
-5.456 2.99387 88.8998
-5.3717 2.99387 88.8998
-5.2874 2.99387 88.8998
-5.2031 2.99387 88.8998
-5.1188 2.99387 88.8998
-5.0345 2.90957 88.8998
-5.0345 2.82527 88.8998
-5.0345 2.74097 88.8998
-5.0345 2.65667 88.8998
-5.0345 2.57237 88.8998
-5.0345 2.48807 88.8998
-5.0345 2.40377 88.8998
-5.0345 2.31947 88.8998
-5.0345 2.23517 88.8998
-5.0345 2.15087 88.8998
-5.0345 2.06657 88.8998
-5.0345 1.98227 88.8998
-5.0345 1.89797 88.8998
-4.9502 1.81367 88.8998
-4.9502 1.72937 88.8998
-4.9502 1.64507 88.8998
-4.9502 1.56077 88.8998
-4.9502 1.47647 88.8998
-4.8659 1.39217 88.8998
-4.7816 1.30787 88.8998
-4.6973 1.30787 88.8998
-4.613 1.22357 88.8998
-4.613 1.13927 88.8998
-4.613 1.05497 88.8998
-4.613 0.970671 88.8998
-4.6973 0.886372 88.8998
-4.7816 0.886372 88.8998
-4.8659 0.886372 88.8998
-4.9502 0.970671 88.8998
-5.0345 0.970671 88.8998
-5.1188 1.05497 88.8998
-5.2031 1.13927 88.8998
-5.2874 1.13927 88.8998
-5.3717 1.22357 88.8998
-5.456 1.22357 88.8998
-5.5403 1.30787 88.8998
-5.6246 1.30787 88.8998
-5.7089 1.30787 88.8998
-5.7932 1.30787 88.8998
-5.8775 1.39217 88.8998
-5.9618 1.47647 88.8998
-5.9618 1.56077 88.8998
-5.9618 1.64507 88.8998
-5.9618 1.72937 88.8998
-5.9618 1.81367 88.8998
-5.9618 1.89797 88.8998
-5.9618 1.98227 88.8998
-5.8775 2.06657 88.8998
-5.8775 2.15087 88.8998
-5.7932 2.23517 88.8998
-5.7932 2.31947 88.8998
-5.7932 2.40377 88.8998
-5.7932 2.48807 88.8998
-5.7932 2.57237 88.8998
-5.7089 2.65667 88.8998
-5.7089 2.74097 88.8998
-5.7089 2.82527 88.8998
-5.6246 2.90957 88.8998
-5.5403 2.99387 88.8998
-5.456 3.33107 89.0998
-5.3717 3.33107 89.0998
-5.2874 3.33107 89.0998
-5.2031 3.33107 89.0998
-5.1188 3.24677 89.0998
-5.1188 3.16247 89.0998
-5.1188 3.07817 89.0998
-5.1188 2.99387 89.0998
-5.1188 2.90957 89.0998
-5.1188 2.82527 89.0998
-5.1188 2.74097 89.0998
-5.1188 2.65667 89.0998
-5.1188 2.57237 89.0998
-5.1188 2.48807 89.0998
-5.1188 2.40377 89.0998
-5.0345 2.31947 89.0998
-5.0345 2.23517 89.0998
-5.0345 2.15087 89.0998
-5.0345 2.06657 89.0998
-5.0345 1.98227 89.0998
-4.9502 1.89797 89.0998
-4.9502 1.81367 89.0998
-4.8659 1.72937 89.0998
-4.8659 1.64507 89.0998
-4.7816 1.56077 89.0998
-4.6973 1.47647 89.0998
-4.613 1.39217 89.0998
-4.5287 1.30787 89.0998
-4.4444 1.22357 89.0998
-4.3601 1.13927 89.0998
-4.2758 1.13927 89.0998
-4.1915 1.05497 89.0998
-4.1915 0.970671 89.0998
-4.1915 0.886372 89.0998
-4.2758 0.802071 89.0998
-4.3601 0.802071 89.0998
-4.4444 0.802071 89.0998
-4.5287 0.717772 89.0998
-4.613 0.717772 89.0998
-4.6973 0.717772 89.0998
-4.7816 0.717772 89.0998
-4.8659 0.717772 89.0998
-4.9502 0.802071 89.0998
-5.0345 0.886372 89.0998
-5.1188 0.886372 89.0998
-5.2031 0.970671 89.0998
-5.2874 0.970671 89.0998
-5.3717 0.970671 89.0998
-5.456 1.05497 89.0998
-5.5403 1.13927 89.0998
-5.6246 1.22357 89.0998
-5.7089 1.30787 89.0998
-5.7932 1.39217 89.0998
-5.8775 1.47647 89.0998
-5.9618 1.56077 89.0998
-5.9618 1.64507 89.0998
-5.9618 1.72937 89.0998
-5.9618 1.81367 89.0998
-5.9618 1.89797 89.0998
-5.9618 1.98227 89.0998
-5.8775 2.06657 89.0998
-5.8775 2.15087 89.0998
-5.8775 2.23517 89.0998
-5.7932 2.31947 89.0998
-5.7932 2.40377 89.0998
-5.7089 2.48807 89.0998
-5.7089 2.57237 89.0998
-5.7089 2.65667 89.0998
-5.7089 2.74097 89.0998
-5.7089 2.82527 89.0998
-5.6246 2.90957 89.0998
-5.6246 2.99387 89.0998
-5.6246 3.07817 89.0998
-5.5403 3.16247 89.0998
-5.5403 3.24677 89.0998
-5.456 3.33107 89.0998
-5.2874 3.33107 89.2998
-5.2031 3.33107 89.2998
-5.1188 3.33107 89.2998
-5.0345 3.33107 89.2998
-4.9502 3.24677 89.2998
-4.9502 3.16247 89.2998
-4.8659 3.07817 89.2998
-4.8659 2.99387 89.2998
-4.8659 2.90957 89.2998
-4.8659 2.82527 89.2998
-4.8659 2.74097 89.2998
-4.8659 2.65667 89.2998
-4.8659 2.57237 89.2998
-4.8659 2.48807 89.2998
-4.9502 2.40377 89.2998
-4.9502 2.31947 89.2998
-4.9502 2.23517 89.2998
-4.9502 2.15087 89.2998
-4.9502 2.06657 89.2998
-4.9502 1.98227 89.2998
-4.9502 1.89797 89.2998
-4.8659 1.81367 89.2998
-4.8659 1.72937 89.2998
-4.8659 1.64507 89.2998
-4.8659 1.56077 89.2998
-4.7816 1.47647 89.2998
-4.7816 1.39217 89.2998
-4.6973 1.30787 89.2998
-4.613 1.30787 89.2998
-4.5287 1.22357 89.2998
-4.4444 1.22357 89.2998
-4.3601 1.22357 89.2998
-4.2758 1.22357 89.2998
-4.1915 1.22357 89.2998
-4.1072 1.22357 89.2998
-4.0229 1.22357 89.2998
-3.9386 1.30787 89.2998
-3.8543 1.30787 89.2998
-3.77 1.30787 89.2998
-3.6857 1.30787 89.2998
-3.6014 1.22357 89.2998
-3.6014 1.13927 89.2998
-3.6014 1.05497 89.2998
-3.6014 0.970671 89.2998
-3.6014 0.886372 89.2998
-3.6857 0.802071 89.2998
-3.6857 0.717772 89.2998
-3.77 0.633471 89.2998
-3.8543 0.633471 89.2998
-3.9386 0.549171 89.2998
-4.0229 0.549171 89.2998
-4.1072 0.549171 89.2998
-4.1915 0.549171 89.2998
-4.2758 0.549171 89.2998
-4.3601 0.549171 89.2998
-4.4444 0.549171 89.2998
-4.5287 0.549171 89.2998
-4.613 0.549171 89.2998
-4.6973 0.549171 89.2998
-4.7816 0.549171 89.2998
-4.8659 0.549171 89.2998
-4.9502 0.633471 89.2998
-5.0345 0.717772 89.2998
-5.1188 0.717772 89.2998
-5.2031 0.802071 89.2998
-5.2874 0.886372 89.2998
-5.3717 0.970671 89.2998
-5.456 1.05497 89.2998
-5.5403 1.13927 89.2998
-5.6246 1.22357 89.2998
-5.7089 1.30787 89.2998
-5.7089 1.39217 89.2998
-5.7932 1.47647 89.2998
-5.7932 1.56077 89.2998
-5.7932 1.64507 89.2998
-5.7932 1.72937 89.2998
-5.7932 1.81367 89.2998
-5.7932 1.89797 89.2998
-5.7932 1.98227 89.2998
-5.7932 2.06657 89.2998
-5.7932 2.15087 89.2998
-5.7932 2.23517 89.2998
-5.7932 2.31947 89.2998
-5.7089 2.40377 89.2998
-5.7089 2.48807 89.2998
-5.7089 2.57237 89.2998
-5.6246 2.65667 89.2998
-5.6246 2.74097 89.2998
-5.6246 2.82527 89.2998
-5.5403 2.90957 89.2998
-5.5403 2.99387 89.2998
-5.456 3.07817 89.2998
-5.3717 3.16247 89.2998
-5.3717 3.24677 89.2998
-5.2874 3.33107 89.2998
-5.1188 3.24677 89.4998
-5.0345 3.24677 89.4998
-4.9502 3.24677 89.4998
-4.8659 3.16247 89.4998
-4.8659 3.07817 89.4998
-4.8659 2.99387 89.4998
-4.8659 2.90957 89.4998
-4.8659 2.82527 89.4998
-4.8659 2.74097 89.4998
-4.8659 2.65667 89.4998
-4.8659 2.57237 89.4998
-4.8659 2.48807 89.4998
-4.8659 2.40377 89.4998
-4.8659 2.31947 89.4998
-4.8659 2.23517 89.4998
-4.8659 2.15087 89.4998
-4.8659 2.06657 89.4998
-4.7816 1.98227 89.4998
-4.7816 1.89797 89.4998
-4.7816 1.81367 89.4998
-4.7816 1.72937 89.4998
-4.7816 1.64507 89.4998
-4.6973 1.56077 89.4998
-4.613 1.47647 89.4998
-4.5287 1.47647 89.4998
-4.4444 1.39217 89.4998
-4.3601 1.39217 89.4998
-4.2758 1.39217 89.4998
-4.1915 1.39217 89.4998
-4.1072 1.39217 89.4998
-4.0229 1.39217 89.4998
-3.9386 1.39217 89.4998
-3.8543 1.39217 89.4998
-3.77 1.39217 89.4998
-3.6857 1.39217 89.4998
-3.6014 1.39217 89.4998
-3.5171 1.39217 89.4998
-3.4328 1.30787 89.4998
-3.4328 1.22357 89.4998
-3.4328 1.13927 89.4998
-3.4328 1.05497 89.4998
-3.5171 0.970671 89.4998
-3.6014 0.886372 89.4998
-3.6014 0.802071 89.4998
-3.6857 0.717772 89.4998
-3.77 0.717772 89.4998
-3.8543 0.633471 89.4998
-3.9386 0.633471 89.4998
-4.0229 0.549171 89.4998
-4.1072 0.549171 89.4998
-4.1915 0.46487 89.4998
-4.1915 0.380571 89.4998
-4.2758 0.29627 89.4998
-4.3601 0.29627 89.4998
-4.4444 0.29627 89.4998
-4.5287 0.29627 89.4998
-4.613 0.29627 89.4998
-4.6973 0.380571 89.4998
-4.7816 0.380571 89.4998
-4.8659 0.46487 89.4998
-4.9502 0.549171 89.4998
-5.0345 0.549171 89.4998
-5.1188 0.633471 89.4998
-5.2031 0.717772 89.4998
-5.2874 0.802071 89.4998
-5.2874 0.886372 89.4998
-5.3717 0.970671 89.4998
-5.456 0.970671 89.4998
-5.5403 1.05497 89.4998
-5.6246 1.13927 89.4998
-5.7089 1.13927 89.4998
-5.7932 1.22357 89.4998
-5.8775 1.22357 89.4998
-5.9618 1.30787 89.4998
-5.9618 1.39217 89.4998
-5.9618 1.47647 89.4998
-5.9618 1.56077 89.4998
-5.9618 1.64507 89.4998
-5.9618 1.72937 89.4998
-5.9618 1.81367 89.4998
-5.8775 1.89797 89.4998
-5.7932 1.98227 89.4998
-5.7932 2.06657 89.4998
-5.7932 2.15087 89.4998
-5.7932 2.23517 89.4998
-5.7089 2.31947 89.4998
-5.6246 2.40377 89.4998
-5.5403 2.48807 89.4998
-5.5403 2.57237 89.4998
-5.456 2.65667 89.4998
-5.3717 2.74097 89.4998
-5.3717 2.82527 89.4998
-5.2874 2.90957 89.4998
-5.2874 2.99387 89.4998
-5.2874 3.07817 89.4998
-5.2031 3.16247 89.4998
-5.1188 3.24677 89.4998
-5.2031 3.49967 89.6998
-5.1188 3.49967 89.6998
-5.0345 3.49967 89.6998
-4.9502 3.49967 89.6998
-4.8659 3.49967 89.6998
-4.8659 3.41537 89.6998
-4.8659 3.33107 89.6998
-4.8659 3.24677 89.6998
-4.8659 3.16247 89.6998
-4.8659 3.07817 89.6998
-4.8659 2.99387 89.6998
-4.8659 2.90957 89.6998
-4.8659 2.82527 89.6998
-4.8659 2.74097 89.6998
-4.8659 2.65667 89.6998
-4.8659 2.57237 89.6998
-4.8659 2.48807 89.6998
-4.8659 2.40377 89.6998
-4.8659 2.31947 89.6998
-4.8659 2.23517 89.6998
-4.8659 2.15087 89.6998
-4.8659 2.06657 89.6998
-4.7816 1.98227 89.6998
-4.7816 1.89797 89.6998
-4.7816 1.81367 89.6998
-4.7816 1.72937 89.6998
-4.6973 1.64507 89.6998
-4.613 1.56077 89.6998
-4.5287 1.56077 89.6998
-4.4444 1.47647 89.6998
-4.3601 1.47647 89.6998
-4.2758 1.47647 89.6998
-4.1915 1.47647 89.6998
-4.1072 1.47647 89.6998
-4.0229 1.56077 89.6998
-3.9386 1.64507 89.6998
-3.8543 1.64507 89.6998
-3.77 1.64507 89.6998
-3.6857 1.64507 89.6998
-3.6014 1.64507 89.6998
-3.5171 1.64507 89.6998
-3.4328 1.64507 89.6998
-3.4328 1.56077 89.6998
-3.3485 1.47647 89.6998
-3.3485 1.39217 89.6998
-3.3485 1.30787 89.6998
-3.3485 1.22357 89.6998
-3.3485 1.13927 89.6998
-3.3485 1.05497 89.6998
-3.4328 0.970671 89.6998
-3.4328 0.886372 89.6998
-3.5171 0.802071 89.6998
-3.6014 0.802071 89.6998
-3.6857 0.717772 89.6998
-3.77 0.633471 89.6998
-3.8543 0.549171 89.6998
-3.9386 0.549171 89.6998
-4.0229 0.46487 89.6998
-4.1072 0.46487 89.6998
-4.1915 0.380571 89.6998
-4.2758 0.29627 89.6998
-4.3601 0.29627 89.6998
-4.4444 0.29627 89.6998
-4.5287 0.29627 89.6998
-4.613 0.29627 89.6998
-4.6973 0.29627 89.6998
-4.7816 0.29627 89.6998
-4.8659 0.29627 89.6998
-4.9502 0.380571 89.6998
-5.0345 0.46487 89.6998
-5.1188 0.46487 89.6998
-5.2031 0.549171 89.6998
-5.2874 0.633471 89.6998
-5.3717 0.717772 89.6998
-5.3717 0.802071 89.6998
-5.456 0.886372 89.6998
-5.5403 0.886372 89.6998
-5.6246 0.970671 89.6998
-5.7089 1.05497 89.6998
-5.7932 1.05497 89.6998
-5.8775 1.13927 89.6998
-5.9618 1.13927 89.6998
-6.0461 1.22357 89.6998
-6.0461 1.30787 89.6998
-6.0461 1.39217 89.6998
-6.0461 1.47647 89.6998
-6.0461 1.56077 89.6998
-6.0461 1.64507 89.6998
-5.9618 1.72937 89.6998
-5.9618 1.81367 89.6998
-5.9618 1.89797 89.6998
-5.9618 1.98227 89.6998
-5.8775 2.06657 89.6998
-5.8775 2.15087 89.6998
-5.8775 2.23517 89.6998
-5.8775 2.31947 89.6998
-5.7932 2.40377 89.6998
-5.7932 2.48807 89.6998
-5.7932 2.57237 89.6998
-5.7089 2.65667 89.6998
-5.6246 2.74097 89.6998
-5.6246 2.82527 89.6998
-5.5403 2.90957 89.6998
-5.456 2.99387 89.6998
-5.456 3.07817 89.6998
-5.3717 3.16247 89.6998
-5.3717 3.24677 89.6998
-5.3717 3.33107 89.6998
-5.2874 3.41537 89.6998
-5.2031 3.49967 89.6998
-5.2031 3.75257 89.8997
-5.1188 3.75257 89.8997
-5.0345 3.75257 89.8997
-4.9502 3.75257 89.8997
-4.8659 3.66827 89.8997
-4.8659 3.58397 89.8997
-4.8659 3.49967 89.8997
-4.8659 3.41537 89.8997
-4.8659 3.33107 89.8997
-4.8659 3.24677 89.8997
-4.8659 3.16247 89.8997
-4.8659 3.07817 89.8997
-4.8659 2.99387 89.8997
-4.8659 2.90957 89.8997
-4.8659 2.82527 89.8997
-4.8659 2.74097 89.8997
-4.8659 2.65667 89.8997
-4.8659 2.57237 89.8997
-4.8659 2.48807 89.8997
-4.8659 2.40377 89.8997
-4.8659 2.31947 89.8997
-4.8659 2.23517 89.8997
-4.8659 2.15087 89.8997
-4.8659 2.06657 89.8997
-4.8659 1.98227 89.8997
-4.8659 1.89797 89.8997
-4.7816 1.81367 89.8997
-4.7816 1.72937 89.8997
-4.6973 1.64507 89.8997
-4.613 1.56077 89.8997
-4.5287 1.56077 89.8997
-4.4444 1.47647 89.8997
-4.3601 1.47647 89.8997
-4.2758 1.47647 89.8997
-4.1915 1.47647 89.8997
-4.1072 1.47647 89.8997
-4.0229 1.56077 89.8997
-3.9386 1.64507 89.8997
-3.8543 1.72937 89.8997
-3.77 1.72937 89.8997
-3.6857 1.81367 89.8997
-3.6014 1.81367 89.8997
-3.5171 1.72937 89.8997
-3.5171 1.64507 89.8997
-3.4328 1.56077 89.8997
-3.3485 1.47647 89.8997
-3.2642 1.39217 89.8997
-3.2642 1.30787 89.8997
-3.2642 1.22357 89.8997
-3.3485 1.13927 89.8997
-3.3485 1.05497 89.8997
-3.4328 0.970671 89.8997
-3.4328 0.886372 89.8997
-3.5171 0.802071 89.8997
-3.6014 0.802071 89.8997
-3.6857 0.717772 89.8997
-3.77 0.633471 89.8997
-3.8543 0.549171 89.8997
-3.9386 0.549171 89.8997
-4.0229 0.46487 89.8997
-4.1072 0.46487 89.8997
-4.1915 0.46487 89.8997
-4.2758 0.380571 89.8997
-4.3601 0.380571 89.8997
-4.4444 0.380571 89.8997
-4.5287 0.29627 89.8997
-4.613 0.29627 89.8997
-4.6973 0.29627 89.8997
-4.7816 0.211971 89.8997
-4.8659 0.211971 89.8997
-4.9502 0.211971 89.8997
-5.0345 0.211971 89.8997
-5.1188 0.29627 89.8997
-5.2031 0.380571 89.8997
-5.2874 0.46487 89.8997
-5.3717 0.549171 89.8997
-5.456 0.633471 89.8997
-5.5403 0.717772 89.8997
-5.6246 0.802071 89.8997
-5.6246 0.886372 89.8997
-5.7089 0.970671 89.8997
-5.7932 0.970671 89.8997
-5.8775 1.05497 89.8997
-5.9618 1.05497 89.8997
-6.0461 1.13927 89.8997
-6.1304 1.22357 89.8997
-6.1304 1.30787 89.8997
-6.1304 1.39217 89.8997
-6.1304 1.47647 89.8997
-6.1304 1.56077 89.8997
-6.0461 1.64507 89.8997
-5.9618 1.72937 89.8997
-5.9618 1.81367 89.8997
-5.9618 1.89797 89.8997
-5.9618 1.98227 89.8997
-5.8775 2.06657 89.8997
-5.8775 2.15087 89.8997
-5.8775 2.23517 89.8997
-5.8775 2.31947 89.8997
-5.7932 2.40377 89.8997
-5.7932 2.48807 89.8997
-5.7932 2.57237 89.8997
-5.7089 2.65667 89.8997
-5.7089 2.74097 89.8997
-5.6246 2.82527 89.8997
-5.6246 2.90957 89.8997
-5.5403 2.99387 89.8997
-5.5403 3.07817 89.8997
-5.5403 3.16247 89.8997
-5.5403 3.24677 89.8997
-5.456 3.33107 89.8997
-5.456 3.41537 89.8997
-5.3717 3.49967 89.8997
-5.2874 3.58397 89.8997
-5.2874 3.66827 89.8997
-5.2031 3.75257 89.8997
-5.2874 4.00547 90.0997
-5.2031 4.00547 90.0997
-5.1188 4.00547 90.0997
-5.0345 4.00547 90.0997
-4.9502 4.00547 90.0997
-4.8659 3.92117 90.0997
-4.8659 3.83687 90.0997
-4.8659 3.75257 90.0997
-4.8659 3.66827 90.0997
-4.8659 3.58397 90.0997
-4.8659 3.49967 90.0997
-4.8659 3.41537 90.0997
-4.8659 3.33107 90.0997
-4.8659 3.24677 90.0997
-4.8659 3.16247 90.0997
-4.8659 3.07817 90.0997
-4.8659 2.99387 90.0997
-4.8659 2.90957 90.0997
-4.8659 2.82527 90.0997
-4.8659 2.74097 90.0997
-4.8659 2.65667 90.0997
-4.8659 2.57237 90.0997
-4.8659 2.48807 90.0997
-4.8659 2.40377 90.0997
-4.7816 2.31947 90.0997
-4.7816 2.23517 90.0997
-4.7816 2.15087 90.0997
-4.7816 2.06657 90.0997
-4.6973 1.98227 90.0997
-4.6973 1.89797 90.0997
-4.613 1.81367 90.0997
-4.5287 1.81367 90.0997
-4.4444 1.72937 90.0997
-4.3601 1.72937 90.0997
-4.2758 1.72937 90.0997
-4.1915 1.72937 90.0997
-4.1072 1.81367 90.0997
-4.0229 1.89797 90.0997
-3.9386 1.98227 90.0997
-3.8543 1.98227 90.0997
-3.77 2.06657 90.0997
-3.6857 2.06657 90.0997
-3.6014 2.06657 90.0997
-3.6014 1.98227 90.0997
-3.6014 1.89797 90.0997
-3.6014 1.81367 90.0997
-3.6014 1.72937 90.0997
-3.6014 1.64507 90.0997
-3.5171 1.56077 90.0997
-3.5171 1.47647 90.0997
-3.5171 1.39217 90.0997
-3.4328 1.30787 90.0997
-3.3485 1.22357 90.0997
-3.3485 1.13927 90.0997
-3.3485 1.05497 90.0997
-3.4328 0.970671 90.0997
-3.4328 0.886372 90.0997
-3.5171 0.802071 90.0997
-3.6014 0.802071 90.0997
-3.6857 0.717772 90.0997
-3.77 0.633471 90.0997
-3.8543 0.549171 90.0997
-3.9386 0.549171 90.0997
-4.0229 0.46487 90.0997
-4.1072 0.380571 90.0997
-4.1915 0.380571 90.0997
-4.2758 0.29627 90.0997
-4.3601 0.29627 90.0997
-4.4444 0.211971 90.0997
-4.5287 0.211971 90.0997
-4.613 0.211971 90.0997
-4.6973 0.12767 90.0997
-4.7816 0.12767 90.0997
-4.8659 0.12767 90.0997
-4.9502 0.12767 90.0997
-5.0345 0.12767 90.0997
-5.1188 0.12767 90.0997
-5.2031 0.12767 90.0997
-5.2874 0.211971 90.0997
-5.3717 0.29627 90.0997
-5.456 0.380571 90.0997
-5.5403 0.46487 90.0997
-5.6246 0.549171 90.0997
-5.7089 0.633471 90.0997
-5.7089 0.717772 90.0997
-5.7932 0.802071 90.0997
-5.8775 0.802071 90.0997
-5.9618 0.886372 90.0997
-5.9618 0.970671 90.0997
-5.9618 1.05497 90.0997
-6.0461 1.13927 90.0997
-6.0461 1.22357 90.0997
-6.0461 1.30787 90.0997
-6.0461 1.39217 90.0997
-6.0461 1.47647 90.0997
-6.0461 1.56077 90.0997
-6.0461 1.64507 90.0997
-5.9618 1.72937 90.0997
-5.9618 1.81367 90.0997
-5.9618 1.89797 90.0997
-5.9618 1.98227 90.0997
-5.8775 2.06657 90.0997
-5.8775 2.15087 90.0997
-5.8775 2.23517 90.0997
-5.8775 2.31947 90.0997
-5.7932 2.40377 90.0997
-5.7932 2.48807 90.0997
-5.7932 2.57237 90.0997
-5.7089 2.65667 90.0997
-5.7089 2.74097 90.0997
-5.6246 2.82527 90.0997
-5.6246 2.90957 90.0997
-5.5403 2.99387 90.0997
-5.5403 3.07817 90.0997
-5.5403 3.16247 90.0997
-5.5403 3.24677 90.0997
-5.456 3.33107 90.0997
-5.456 3.41537 90.0997
-5.3717 3.49967 90.0997
-5.3717 3.58397 90.0997
-5.2874 3.66827 90.0997
-5.2874 3.75257 90.0997
-5.2874 3.83687 90.0997
-5.2874 3.92117 90.0997
-5.2874 4.00547 90.0997
-5.1188 4.25837 90.2997
-5.0345 4.25837 90.2997
-4.9502 4.25837 90.2997
-4.8659 4.17407 90.2997
-4.8659 4.08977 90.2997
-4.8659 4.00547 90.2997
-4.8659 3.92117 90.2997
-4.8659 3.83687 90.2997
-4.8659 3.75257 90.2997
-4.9502 3.66827 90.2997
-4.9502 3.58397 90.2997
-4.9502 3.49967 90.2997
-4.9502 3.41537 90.2997
-4.9502 3.33107 90.2997
-4.9502 3.24677 90.2997
-4.9502 3.16247 90.2997
-4.9502 3.07817 90.2997
-4.9502 2.99387 90.2997
-4.9502 2.90957 90.2997
-4.8659 2.82527 90.2997
-4.8659 2.74097 90.2997
-4.8659 2.65667 90.2997
-4.8659 2.57237 90.2997
-4.8659 2.48807 90.2997
-4.8659 2.40377 90.2997
-4.7816 2.31947 90.2997
-4.7816 2.23517 90.2997
-4.7816 2.15087 90.2997
-4.7816 2.06657 90.2997
-4.6973 1.98227 90.2997
-4.613 1.89797 90.2997
-4.5287 1.89797 90.2997
-4.4444 1.89797 90.2997
-4.3601 1.89797 90.2997
-4.2758 1.89797 90.2997
-4.1915 1.89797 90.2997
-4.1072 1.89797 90.2997
-4.0229 1.98227 90.2997
-3.9386 1.98227 90.2997
-3.8543 2.06657 90.2997
-3.77 2.15087 90.2997
-3.6857 2.23517 90.2997
-3.6014 2.31947 90.2997
-3.6014 2.40377 90.2997
-3.6014 2.31947 90.2997
-3.6014 2.23517 90.2997
-3.6014 2.15087 90.2997
-3.6014 2.06657 90.2997
-3.6014 1.98227 90.2997
-3.6014 1.89797 90.2997
-3.6014 1.81367 90.2997
-3.6014 1.72937 90.2997
-3.6014 1.64507 90.2997
-3.6014 1.56077 90.2997
-3.6014 1.47647 90.2997
-3.6014 1.39217 90.2997
-3.6014 1.30787 90.2997
-3.5171 1.22357 90.2997
-3.4328 1.13927 90.2997
-3.5171 1.05497 90.2997
-3.5171 0.970671 90.2997
-3.6014 0.886372 90.2997
-3.6857 0.802071 90.2997
-3.77 0.717772 90.2997
-3.8543 0.633471 90.2997
-3.9386 0.549171 90.2997
-4.0229 0.46487 90.2997
-4.1072 0.380571 90.2997
-4.1915 0.380571 90.2997
-4.2758 0.29627 90.2997
-4.3601 0.29627 90.2997
-4.4444 0.211971 90.2997
-4.5287 0.211971 90.2997
-4.613 0.211971 90.2997
-4.6973 0.12767 90.2997
-4.6973 0.0433712 90.2997
-4.7816 -0.0409298 90.2997
-4.8659 -0.0409298 90.2997
-4.9502 -0.0409298 90.2997
-5.0345 -0.0409298 90.2997
-5.1188 -0.0409298 90.2997
-5.2031 -0.0409298 90.2997
-5.2874 0.0433712 90.2997
-5.3717 0.12767 90.2997
-5.456 0.211971 90.2997
-5.5403 0.29627 90.2997
-5.6246 0.380571 90.2997
-5.7089 0.46487 90.2997
-5.7932 0.549171 90.2997
-5.7932 0.633471 90.2997
-5.7932 0.717772 90.2997
-5.8775 0.802071 90.2997
-5.9618 0.886372 90.2997
-5.9618 0.970671 90.2997
-5.9618 1.05497 90.2997
-5.9618 1.13927 90.2997
-5.9618 1.22357 90.2997
-5.9618 1.30787 90.2997
-5.9618 1.39217 90.2997
-5.9618 1.47647 90.2997
-5.8775 1.56077 90.2997
-5.8775 1.64507 90.2997
-5.8775 1.72937 90.2997
-5.8775 1.81367 90.2997
-5.7932 1.89797 90.2997
-5.7932 1.98227 90.2997
-5.7932 2.06657 90.2997
-5.7932 2.15087 90.2997
-5.7932 2.23517 90.2997
-5.7089 2.31947 90.2997
-5.7089 2.40377 90.2997
-5.6246 2.48807 90.2997
-5.6246 2.57237 90.2997
-5.6246 2.65667 90.2997
-5.6246 2.74097 90.2997
-5.6246 2.82527 90.2997
-5.5403 2.90957 90.2997
-5.5403 2.99387 90.2997
-5.5403 3.07817 90.2997
-5.456 3.16247 90.2997
-5.456 3.24677 90.2997
-5.456 3.33107 90.2997
-5.3717 3.41537 90.2997
-5.3717 3.49967 90.2997
-5.3717 3.58397 90.2997
-5.2874 3.66827 90.2997
-5.2874 3.75257 90.2997
-5.2874 3.83687 90.2997
-5.2874 3.92117 90.2997
-5.2874 4.00547 90.2997
-5.2874 4.08977 90.2997
-5.2031 4.17407 90.2997
-5.1188 4.25837 90.2997
-5.2874 4.17407 90.4997
-5.2031 4.17407 90.4997
-5.1188 4.17407 90.4997
-5.0345 4.08977 90.4997
-5.0345 4.00547 90.4997
-5.0345 3.92117 90.4997
-5.0345 3.83687 90.4997
-5.0345 3.75257 90.4997
-5.0345 3.66827 90.4997
-5.0345 3.58397 90.4997
-4.9502 3.49967 90.4997
-4.9502 3.41537 90.4997
-4.9502 3.33107 90.4997
-4.9502 3.24677 90.4997
-4.9502 3.16247 90.4997
-4.9502 3.07817 90.4997
-4.8659 2.99387 90.4997
-4.8659 2.90957 90.4997
-4.8659 2.82527 90.4997
-4.8659 2.74097 90.4997
-4.7816 2.65667 90.4997
-4.7816 2.57237 90.4997
-4.7816 2.48807 90.4997
-4.7816 2.40377 90.4997
-4.6973 2.31947 90.4997
-4.6973 2.23517 90.4997
-4.6973 2.15087 90.4997
-4.6973 2.06657 90.4997
-4.613 1.98227 90.4997
-4.5287 1.98227 90.4997
-4.4444 1.98227 90.4997
-4.3601 1.98227 90.4997
-4.2758 1.98227 90.4997
-4.1915 1.98227 90.4997
-4.1072 1.98227 90.4997
-4.0229 2.06657 90.4997
-3.9386 2.06657 90.4997
-3.8543 2.15087 90.4997
-3.77 2.23517 90.4997
-3.6857 2.31947 90.4997
-3.6857 2.40377 90.4997
-3.6014 2.48807 90.4997
-3.6014 2.40377 90.4997
-3.6014 2.31947 90.4997
-3.6014 2.23517 90.4997
-3.6014 2.15087 90.4997
-3.6014 2.06657 90.4997
-3.6014 1.98227 90.4997
-3.6014 1.89797 90.4997
-3.6014 1.81367 90.4997
-3.6857 1.72937 90.4997
-3.6857 1.64507 90.4997
-3.6857 1.56077 90.4997
-3.6857 1.47647 90.4997
-3.6857 1.39217 90.4997
-3.6857 1.30787 90.4997
-3.6014 1.22357 90.4997
-3.6014 1.13927 90.4997
-3.5171 1.05497 90.4997
-3.4328 0.970671 90.4997
-3.4328 0.886372 90.4997
-3.5171 0.802071 90.4997
-3.6014 0.717772 90.4997
-3.6857 0.633471 90.4997
-3.77 0.549171 90.4997
-3.8543 0.46487 90.4997
-3.9386 0.380571 90.4997
-4.0229 0.29627 90.4997
-4.1072 0.211971 90.4997
-4.1915 0.211971 90.4997
-4.2758 0.12767 90.4997
-4.3601 0.12767 90.4997
-4.4444 0.0433712 90.4997
-4.5287 0.0433712 90.4997
-4.613 -0.0409298 90.4997
-4.6973 -0.125229 90.4997
-4.7816 -0.125229 90.4997
-4.8659 -0.125229 90.4997
-4.9502 -0.125229 90.4997
-5.0345 -0.125229 90.4997
-5.1188 -0.125229 90.4997
-5.2031 -0.125229 90.4997
-5.2874 -0.125229 90.4997
-5.3717 -0.0409298 90.4997
-5.456 0.0433712 90.4997
-5.5403 0.12767 90.4997
-5.5403 0.211971 90.4997
-5.6246 0.29627 90.4997
-5.6246 0.380571 90.4997
-5.7089 0.46487 90.4997
-5.7932 0.549171 90.4997
-5.7932 0.633471 90.4997
-5.7932 0.717772 90.4997
-5.8775 0.802071 90.4997
-5.8775 0.886372 90.4997
-5.8775 0.970671 90.4997
-5.8775 1.05497 90.4997
-5.8775 1.13927 90.4997
-5.8775 1.22357 90.4997
-5.8775 1.30787 90.4997
-5.8775 1.39217 90.4997
-5.8775 1.47647 90.4997
-5.8775 1.56077 90.4997
-5.8775 1.64507 90.4997
-5.8775 1.72937 90.4997
-5.8775 1.81367 90.4997
-5.7932 1.89797 90.4997
-5.7932 1.98227 90.4997
-5.7932 2.06657 90.4997
-5.7932 2.15087 90.4997
-5.7932 2.23517 90.4997
-5.7089 2.31947 90.4997
-5.7089 2.40377 90.4997
-5.6246 2.48807 90.4997
-5.6246 2.57237 90.4997
-5.6246 2.65667 90.4997
-5.6246 2.74097 90.4997
-5.6246 2.82527 90.4997
-5.5403 2.90957 90.4997
-5.5403 2.99387 90.4997
-5.5403 3.07817 90.4997
-5.5403 3.16247 90.4997
-5.456 3.24677 90.4997
-5.456 3.33107 90.4997
-5.456 3.41537 90.4997
-5.456 3.49967 90.4997
-5.456 3.58397 90.4997
-5.3717 3.66827 90.4997
-5.3717 3.75257 90.4997
-5.3717 3.83687 90.4997
-5.3717 3.92117 90.4997
-5.3717 4.00547 90.4997
-5.2874 4.08977 90.4997
-5.2874 4.17407 90.4997
-5.2031 4.25837 90.6997
-5.2031 4.17407 90.6997
-5.1188 4.08977 90.6997
-5.1188 4.00547 90.6997
-5.1188 3.92117 90.6997
-5.1188 3.83687 90.6997
-5.1188 3.75257 90.6997
-5.1188 3.66827 90.6997
-5.1188 3.58397 90.6997
-5.0345 3.49967 90.6997
-5.0345 3.41537 90.6997
-5.0345 3.33107 90.6997
-5.0345 3.24677 90.6997
-4.9502 3.16247 90.6997
-4.9502 3.07817 90.6997
-4.8659 2.99387 90.6997
-4.8659 2.90957 90.6997
-4.8659 2.82527 90.6997
-4.8659 2.74097 90.6997
-4.7816 2.65667 90.6997
-4.7816 2.57237 90.6997
-4.7816 2.48807 90.6997
-4.6973 2.40377 90.6997
-4.6973 2.31947 90.6997
-4.613 2.23517 90.6997
-4.613 2.15087 90.6997
-4.5287 2.06657 90.6997
-4.4444 2.06657 90.6997
-4.3601 2.06657 90.6997
-4.2758 2.06657 90.6997
-4.1915 2.15087 90.6997
-4.1072 2.15087 90.6997
-4.0229 2.23517 90.6997
-3.9386 2.23517 90.6997
-3.8543 2.31947 90.6997
-3.77 2.31947 90.6997
-3.6857 2.40377 90.6997
-3.6014 2.48807 90.6997
-3.6014 2.40377 90.6997
-3.6014 2.31947 90.6997
-3.6014 2.23517 90.6997
-3.6014 2.15087 90.6997
-3.6014 2.06657 90.6997
-3.6014 1.98227 90.6997
-3.6014 1.89797 90.6997
-3.6014 1.81367 90.6997
-3.6857 1.72937 90.6997
-3.6857 1.64507 90.6997
-3.6857 1.56077 90.6997
-3.6857 1.47647 90.6997
-3.6857 1.39217 90.6997
-3.6857 1.30787 90.6997
-3.6857 1.22357 90.6997
-3.6857 1.13927 90.6997
-3.6014 1.05497 90.6997
-3.6014 0.970671 90.6997
-3.5171 0.886372 90.6997
-3.4328 0.802071 90.6997
-3.5171 0.717772 90.6997
-3.5171 0.633471 90.6997
-3.6014 0.549171 90.6997
-3.6857 0.46487 90.6997
-3.77 0.380571 90.6997
-3.8543 0.29627 90.6997
-3.9386 0.211971 90.6997
-4.0229 0.12767 90.6997
-4.1072 0.12767 90.6997
-4.1915 0.0433712 90.6997
-4.2758 0.0433712 90.6997
-4.3601 -0.0409298 90.6997
-4.4444 -0.0409298 90.6997
-4.5287 -0.125229 90.6997
-4.613 -0.125229 90.6997
-4.6973 -0.20953 90.6997
-4.7816 -0.293829 90.6997
-4.8659 -0.293829 90.6997
-4.9502 -0.293829 90.6997
-5.0345 -0.293829 90.6997
-5.1188 -0.293829 90.6997
-5.2031 -0.20953 90.6997
-5.2874 -0.125229 90.6997
-5.3717 -0.0409298 90.6997
-5.456 0.0433712 90.6997
-5.5403 0.12767 90.6997
-5.5403 0.211971 90.6997
-5.6246 0.29627 90.6997
-5.6246 0.380571 90.6997
-5.7089 0.46487 90.6997
-5.7089 0.549171 90.6997
-5.7932 0.633471 90.6997
-5.7932 0.717772 90.6997
-5.8775 0.802071 90.6997
-5.8775 0.886372 90.6997
-5.8775 0.970671 90.6997
-5.8775 1.05497 90.6997
-5.8775 1.13927 90.6997
-5.8775 1.22357 90.6997
-5.8775 1.30787 90.6997
-5.8775 1.39217 90.6997
-5.7932 1.47647 90.6997
-5.7932 1.56077 90.6997
-5.7932 1.64507 90.6997
-5.7932 1.72937 90.6997
-5.7932 1.81367 90.6997
-5.7932 1.89797 90.6997
-5.7932 1.98227 90.6997
-5.7932 2.06657 90.6997
-5.7089 2.15087 90.6997
-5.7089 2.23517 90.6997
-5.7089 2.31947 90.6997
-5.7089 2.40377 90.6997
-5.6246 2.48807 90.6997
-5.6246 2.57237 90.6997
-5.6246 2.65667 90.6997
-5.5403 2.74097 90.6997
-5.5403 2.82527 90.6997
-5.5403 2.90957 90.6997
-5.5403 2.99387 90.6997
-5.5403 3.07817 90.6997
-5.5403 3.16247 90.6997
-5.456 3.24677 90.6997
-5.456 3.33107 90.6997
-5.456 3.41537 90.6997
-5.456 3.49967 90.6997
-5.456 3.58397 90.6997
-5.456 3.66827 90.6997
-5.3717 3.75257 90.6997
-5.3717 3.83687 90.6997
-5.3717 3.92117 90.6997
-5.3717 4.00547 90.6997
-5.2874 4.08977 90.6997
-5.2874 4.17407 90.6997
-5.2031 4.25837 90.6997
-5.2031 4.00547 90.8997
-5.1188 4.00547 90.8997
-5.1188 3.92117 90.8997
-5.1188 3.83687 90.8997
-5.0345 3.75257 90.8997
-4.9502 3.66827 90.8997
-4.9502 3.58397 90.8997
-4.9502 3.49967 90.8997
-4.9502 3.41537 90.8997
-4.9502 3.33107 90.8997
-4.8659 3.24677 90.8997
-4.8659 3.16247 90.8997
-4.8659 3.07817 90.8997
-4.8659 2.99387 90.8997
-4.8659 2.90957 90.8997
-4.7816 2.82527 90.8997
-4.7816 2.74097 90.8997
-4.6973 2.65667 90.8997
-4.613 2.57237 90.8997
-4.613 2.48807 90.8997
-4.5287 2.40377 90.8997
-4.5287 2.31947 90.8997
-4.4444 2.23517 90.8997
-4.3601 2.15087 90.8997
-4.2758 2.15087 90.8997
-4.1915 2.23517 90.8997
-4.1072 2.31947 90.8997
-4.0229 2.31947 90.8997
-3.9386 2.40377 90.8997
-3.8543 2.48807 90.8997
-3.77 2.57237 90.8997
-3.6857 2.57237 90.8997
-3.6014 2.57237 90.8997
-3.6014 2.48807 90.8997
-3.6014 2.40377 90.8997
-3.6014 2.31947 90.8997
-3.6014 2.23517 90.8997
-3.6014 2.15087 90.8997
-3.6014 2.06657 90.8997
-3.6014 1.98227 90.8997
-3.6014 1.89797 90.8997
-3.6014 1.81367 90.8997
-3.6857 1.72937 90.8997
-3.6857 1.64507 90.8997
-3.6857 1.56077 90.8997
-3.6857 1.47647 90.8997
-3.6857 1.39217 90.8997
-3.6857 1.30787 90.8997
-3.77 1.22357 90.8997
-3.77 1.13927 90.8997
-3.77 1.05497 90.8997
-3.77 0.970671 90.8997
-3.77 0.886372 90.8997
-3.77 0.802071 90.8997
-3.77 0.717772 90.8997
-3.6857 0.633471 90.8997
-3.77 0.549171 90.8997
-3.77 0.46487 90.8997
-3.8543 0.380571 90.8997
-3.9386 0.29627 90.8997
-4.0229 0.211971 90.8997
-4.1072 0.12767 90.8997
-4.1915 0.0433712 90.8997
-4.2758 0.0433712 90.8997
-4.3601 -0.0409298 90.8997
-4.4444 -0.0409298 90.8997
-4.5287 -0.0409298 90.8997
-4.613 -0.0409298 90.8997
-4.6973 -0.0409298 90.8997
-4.7816 -0.0409298 90.8997
-4.8659 -0.125229 90.8997
-4.9502 -0.20953 90.8997
-5.0345 -0.20953 90.8997
-5.1188 -0.20953 90.8997
-5.2031 -0.20953 90.8997
-5.2874 -0.20953 90.8997
-5.3717 -0.125229 90.8997
-5.456 -0.0409298 90.8997
-5.5403 0.0433712 90.8997
-5.5403 0.12767 90.8997
-5.6246 0.211971 90.8997
-5.6246 0.29627 90.8997
-5.7089 0.380571 90.8997
-5.7089 0.46487 90.8997
-5.7932 0.549171 90.8997
-5.7932 0.633471 90.8997
-5.8775 0.717772 90.8997
-5.8775 0.802071 90.8997
-5.8775 0.886372 90.8997
-5.8775 0.970671 90.8997
-5.8775 1.05497 90.8997
-5.8775 1.13927 90.8997
-5.8775 1.22357 90.8997
-5.8775 1.30787 90.8997
-5.8775 1.39217 90.8997
-5.7932 1.47647 90.8997
-5.7932 1.56077 90.8997
-5.7089 1.64507 90.8997
-5.7089 1.72937 90.8997
-5.7089 1.81367 90.8997
-5.6246 1.89797 90.8997
-5.6246 1.98227 90.8997
-5.6246 2.06657 90.8997
-5.6246 2.15087 90.8997
-5.6246 2.23517 90.8997
-5.5403 2.31947 90.8997
-5.5403 2.40377 90.8997
-5.5403 2.48807 90.8997
-5.5403 2.57237 90.8997
-5.5403 2.65667 90.8997
-5.5403 2.74097 90.8997
-5.456 2.82527 90.8997
-5.456 2.90957 90.8997
-5.456 2.99387 90.8997
-5.456 3.07817 90.8997
-5.456 3.16247 90.8997
-5.456 3.24677 90.8997
-5.3717 3.33107 90.8997
-5.3717 3.41537 90.8997
-5.3717 3.49967 90.8997
-5.3717 3.58397 90.8997
-5.3717 3.66827 90.8997
-5.3717 3.75257 90.8997
-5.2874 3.83687 90.8997
-5.2874 3.92117 90.8997
-5.2031 4.00547 90.8997
-5.2031 3.75257 91.0997
-5.1188 3.75257 91.0997
-5.0345 3.75257 91.0997
-4.9502 3.66827 91.0997
-4.9502 3.58397 91.0997
-4.9502 3.49967 91.0997
-4.9502 3.41537 91.0997
-4.9502 3.33107 91.0997
-4.8659 3.24677 91.0997
-4.8659 3.16247 91.0997
-4.8659 3.07817 91.0997
-4.8659 2.99387 91.0997
-4.8659 2.90957 91.0997
-4.7816 2.82527 91.0997
-4.7816 2.74097 91.0997
-4.6973 2.65667 91.0997
-4.613 2.57237 91.0997
-4.613 2.48807 91.0997
-4.5287 2.40377 91.0997
-4.5287 2.31947 91.0997
-4.4444 2.23517 91.0997
-4.3601 2.15087 91.0997
-4.2758 2.15087 91.0997
-4.1915 2.23517 91.0997
-4.1072 2.31947 91.0997
-4.0229 2.31947 91.0997
-3.9386 2.40377 91.0997
-3.8543 2.48807 91.0997
-3.77 2.57237 91.0997
-3.6857 2.57237 91.0997
-3.6014 2.48807 91.0997
-3.6014 2.40377 91.0997
-3.6014 2.31947 91.0997
-3.6014 2.23517 91.0997
-3.6014 2.15087 91.0997
-3.6014 2.06657 91.0997
-3.6014 1.98227 91.0997
-3.6014 1.89797 91.0997
-3.6014 1.81367 91.0997
-3.6857 1.72937 91.0997
-3.6857 1.64507 91.0997
-3.77 1.56077 91.0997
-3.77 1.47647 91.0997
-3.77 1.39217 91.0997
-3.77 1.30787 91.0997
-3.8543 1.22357 91.0997
-3.9386 1.13927 91.0997
-4.0229 1.05497 91.0997
-4.1072 0.970671 91.0997
-4.1072 0.886372 91.0997
-4.1072 0.802071 91.0997
-4.1072 0.717772 91.0997
-4.1072 0.633471 91.0997
-4.1072 0.549171 91.0997
-4.1072 0.46487 91.0997
-4.0229 0.380571 91.0997
-4.0229 0.29627 91.0997
-4.1072 0.211971 91.0997
-4.1915 0.12767 91.0997
-4.2758 0.0433712 91.0997
-4.3601 0.0433712 91.0997
-4.4444 0.0433712 91.0997
-4.5287 0.0433712 91.0997
-4.613 0.0433712 91.0997
-4.6973 0.0433712 91.0997
-4.7816 0.0433712 91.0997
-4.8659 -0.0409298 91.0997
-4.9502 -0.125229 91.0997
-5.0345 -0.20953 91.0997
-5.1188 -0.20953 91.0997
-5.2031 -0.20953 91.0997
-5.2874 -0.20953 91.0997
-5.3717 -0.20953 91.0997
-5.456 -0.125229 91.0997
-5.5403 -0.0409298 91.0997
-5.6246 0.0433712 91.0997
-5.6246 0.12767 91.0997
-5.7089 0.211971 91.0997
-5.7932 0.29627 91.0997
-5.7932 0.380571 91.0997
-5.8775 0.46487 91.0997
-5.8775 0.549171 91.0997
-5.8775 0.633471 91.0997
-5.8775 0.717772 91.0997
-5.8775 0.802071 91.0997
-5.8775 0.886372 91.0997
-5.8775 0.970671 91.0997
-5.8775 1.05497 91.0997
-5.8775 1.13927 91.0997
-5.7932 1.22357 91.0997
-5.7932 1.30787 91.0997
-5.7089 1.39217 91.0997
-5.7089 1.47647 91.0997
-5.7089 1.56077 91.0997
-5.6246 1.64507 91.0997
-5.6246 1.72937 91.0997
-5.6246 1.81367 91.0997
-5.6246 1.89797 91.0997
-5.6246 1.98227 91.0997
-5.5403 2.06657 91.0997
-5.5403 2.15087 91.0997
-5.5403 2.23517 91.0997
-5.5403 2.31947 91.0997
-5.5403 2.40377 91.0997
-5.5403 2.48807 91.0997
-5.456 2.57237 91.0997
-5.456 2.65667 91.0997
-5.456 2.74097 91.0997
-5.456 2.82527 91.0997
-5.456 2.90957 91.0997
-5.456 2.99387 91.0997
-5.3717 3.07817 91.0997
-5.3717 3.16247 91.0997
-5.3717 3.24677 91.0997
-5.3717 3.33107 91.0997
-5.3717 3.41537 91.0997
-5.3717 3.49967 91.0997
-5.2874 3.58397 91.0997
-5.2874 3.66827 91.0997
-5.2031 3.75257 91.0997
-5.0345 3.41537 91.2997
-4.9502 3.41537 91.2997
-4.9502 3.33107 91.2997
-4.8659 3.24677 91.2997
-4.8659 3.16247 91.2997
-4.8659 3.07817 91.2997
-4.7816 2.99387 91.2997
-4.6973 2.90957 91.2997
-4.6973 2.82527 91.2997
-4.6973 2.74097 91.2997
-4.613 2.65667 91.2997
-4.613 2.57237 91.2997
-4.5287 2.48807 91.2997
-4.4444 2.40377 91.2997
-4.3601 2.40377 91.2997
-4.2758 2.40377 91.2997
-4.1915 2.40377 91.2997
-4.1072 2.48807 91.2997
-4.0229 2.48807 91.2997
-3.9386 2.57237 91.2997
-3.8543 2.57237 91.2997
-3.77 2.48807 91.2997
-3.6857 2.40377 91.2997
-3.6014 2.31947 91.2997
-3.6857 2.23517 91.2997
-3.6857 2.15087 91.2997
-3.77 2.06657 91.2997
-3.77 1.98227 91.2997
-3.8543 1.89797 91.2997
-3.9386 1.81367 91.2997
-4.0229 1.72937 91.2997
-4.0229 1.64507 91.2997
-4.0229 1.56077 91.2997
-4.1072 1.47647 91.2997
-4.1072 1.39217 91.2997
-4.1915 1.30787 91.2997
-4.2758 1.22357 91.2997
-4.2758 1.13927 91.2997
-4.3601 1.05497 91.2997
-4.4444 0.970671 91.2997
-4.4444 0.886372 91.2997
-4.4444 0.802071 91.2997
-4.4444 0.717772 91.2997
-4.4444 0.633471 91.2997
-4.4444 0.549171 91.2997
-4.4444 0.46487 91.2997
-4.4444 0.380571 91.2997
-4.4444 0.29627 91.2997
-4.3601 0.211971 91.2997
-4.3601 0.12767 91.2997
-4.3601 0.0433712 91.2997
-4.4444 0.12767 91.2997
-4.5287 0.12767 91.2997
-4.613 0.0433712 91.2997
-4.6973 0.0433712 91.2997
-4.7816 0.0433712 91.2997
-4.8659 -0.0409298 91.2997
-4.9502 -0.125229 91.2997
-5.0345 -0.20953 91.2997
-5.1188 -0.20953 91.2997
-5.2031 -0.20953 91.2997
-5.2874 -0.20953 91.2997
-5.3717 -0.20953 91.2997
-5.456 -0.20953 91.2997
-5.5403 -0.125229 91.2997
-5.6246 -0.0409298 91.2997
-5.7089 0.0433712 91.2997
-5.7089 0.12767 91.2997
-5.7932 0.211971 91.2997
-5.8775 0.29627 91.2997
-5.8775 0.380571 91.2997
-5.8775 0.46487 91.2997
-5.8775 0.549171 91.2997
-5.8775 0.633471 91.2997
-5.8775 0.717772 91.2997
-5.8775 0.802071 91.2997
-5.8775 0.886372 91.2997
-5.8775 0.970671 91.2997
-5.8775 1.05497 91.2997
-5.8775 1.13927 91.2997
-5.8775 1.22357 91.2997
-5.7932 1.30787 91.2997
-5.7932 1.39217 91.2997
-5.7932 1.47647 91.2997
-5.7089 1.56077 91.2997
-5.7089 1.64507 91.2997
-5.6246 1.72937 91.2997
-5.6246 1.81367 91.2997
-5.6246 1.89797 91.2997
-5.6246 1.98227 91.2997
-5.5403 2.06657 91.2997
-5.5403 2.15087 91.2997
-5.5403 2.23517 91.2997
-5.5403 2.31947 91.2997
-5.5403 2.40377 91.2997
-5.5403 2.48807 91.2997
-5.456 2.57237 91.2997
-5.456 2.65667 91.2997
-5.3717 2.74097 91.2997
-5.3717 2.82527 91.2997
-5.2874 2.90957 91.2997
-5.2874 2.99387 91.2997
-5.2874 3.07817 91.2997
-5.2031 3.16247 91.2997
-5.2031 3.24677 91.2997
-5.1188 3.33107 91.2997
-5.0345 3.41537 91.2997
-5.0345 2.99387 91.4997
-4.9502 2.99387 91.4997
-4.8659 2.99387 91.4997
-4.7816 2.99387 91.4997
-4.6973 2.90957 91.4997
-4.6973 2.82527 91.4997
-4.6973 2.74097 91.4997
-4.613 2.65667 91.4997
-4.613 2.57237 91.4997
-4.5287 2.48807 91.4997
-4.4444 2.40377 91.4997
-4.3601 2.40377 91.4997
-4.2758 2.40377 91.4997
-4.1915 2.40377 91.4997
-4.1072 2.48807 91.4997
-4.0229 2.48807 91.4997
-3.9386 2.48807 91.4997
-3.8543 2.40377 91.4997
-3.77 2.40377 91.4997
-3.6857 2.31947 91.4997
-3.77 2.23517 91.4997
-3.77 2.15087 91.4997
-3.8543 2.06657 91.4997
-3.9386 1.98227 91.4997
-4.0229 1.89797 91.4997
-4.0229 1.81367 91.4997
-4.1072 1.72937 91.4997
-4.1072 1.64507 91.4997
-4.1072 1.56077 91.4997
-4.1915 1.47647 91.4997
-4.2758 1.39217 91.4997
-4.2758 1.30787 91.4997
-4.3601 1.22357 91.4997
-4.4444 1.13927 91.4997
-4.4444 1.05497 91.4997
-4.5287 0.970671 91.4997
-4.5287 0.886372 91.4997
-4.5287 0.802071 91.4997
-4.613 0.717772 91.4997
-4.6973 0.633471 91.4997
-4.7816 0.549171 91.4997
-4.7816 0.46487 91.4997
-4.7816 0.380571 91.4997
-4.7816 0.29627 91.4997
-4.7816 0.211971 91.4997
-4.7816 0.12767 91.4997
-4.7816 0.0433712 91.4997
-4.8659 -0.0409298 91.4997
-4.9502 -0.125229 91.4997
-5.0345 -0.20953 91.4997
-5.1188 -0.293829 91.4997
-5.2031 -0.293829 91.4997
-5.2874 -0.293829 91.4997
-5.3717 -0.293829 91.4997
-5.456 -0.293829 91.4997
-5.5403 -0.20953 91.4997
-5.6246 -0.125229 91.4997
-5.7089 -0.0409298 91.4997
-5.7932 0.0433712 91.4997
-5.7932 0.12767 91.4997
-5.8775 0.211971 91.4997
-5.8775 0.29627 91.4997
-5.9618 0.380571 91.4997
-5.9618 0.46487 91.4997
-5.9618 0.549171 91.4997
-5.9618 0.633471 91.4997
-5.9618 0.717772 91.4997
-5.9618 0.802071 91.4997
-5.9618 0.886372 91.4997
-5.9618 0.970671 91.4997
-5.9618 1.05497 91.4997
-5.8775 1.13927 91.4997
-5.8775 1.22357 91.4997
-5.7932 1.30787 91.4997
-5.7932 1.39217 91.4997
-5.7932 1.47647 91.4997
-5.7089 1.56077 91.4997
-5.7089 1.64507 91.4997
-5.6246 1.72937 91.4997
-5.6246 1.81367 91.4997
-5.5403 1.89797 91.4997
-5.5403 1.98227 91.4997
-5.5403 2.06657 91.4997
-5.456 2.15087 91.4997
-5.3717 2.23517 91.4997
-5.3717 2.31947 91.4997
-5.3717 2.40377 91.4997
-5.2874 2.48807 91.4997
-5.2031 2.57237 91.4997
-5.2031 2.65667 91.4997
-5.2031 2.74097 91.4997
-5.2031 2.82527 91.4997
-5.1188 2.90957 91.4997
-5.0345 2.99387 91.4997
-5.0345 3.07817 91.6997
-4.9502 3.07817 91.6997
-4.8659 3.07817 91.6997
-4.7816 3.07817 91.6997
-4.6973 2.99387 91.6997
-4.6973 2.90957 91.6997
-4.6973 2.82527 91.6997
-4.613 2.74097 91.6997
-4.613 2.65667 91.6997
-4.613 2.57237 91.6997
-4.5287 2.48807 91.6997
-4.4444 2.40377 91.6997
-4.3601 2.40377 91.6997
-4.2758 2.40377 91.6997
-4.1915 2.40377 91.6997
-4.1072 2.48807 91.6997
-4.0229 2.48807 91.6997
-3.9386 2.48807 91.6997
-3.8543 2.40377 91.6997
-3.77 2.40377 91.6997
-3.6857 2.31947 91.6997
-3.77 2.23517 91.6997
-3.77 2.15087 91.6997
-3.8543 2.06657 91.6997
-3.9386 1.98227 91.6997
-4.0229 1.89797 91.6997
-4.0229 1.81367 91.6997
-4.1072 1.72937 91.6997
-4.1072 1.64507 91.6997
-4.1072 1.56077 91.6997
-4.1915 1.47647 91.6997
-4.2758 1.39217 91.6997
-4.2758 1.30787 91.6997
-4.3601 1.22357 91.6997
-4.4444 1.13927 91.6997
-4.5287 1.05497 91.6997
-4.5287 0.970671 91.6997
-4.613 0.886372 91.6997
-4.6973 0.802071 91.6997
-4.7816 0.717772 91.6997
-4.7816 0.633471 91.6997
-4.8659 0.549171 91.6997
-4.8659 0.46487 91.6997
-4.9502 0.380571 91.6997
-5.0345 0.29627 91.6997
-5.1188 0.211971 91.6997
-5.1188 0.12767 91.6997
-5.1188 0.0433712 91.6997
-5.1188 -0.0409298 91.6997
-5.1188 -0.125229 91.6997
-5.1188 -0.20953 91.6997
-5.1188 -0.293829 91.6997
-5.2031 -0.293829 91.6997
-5.2874 -0.293829 91.6997
-5.3717 -0.293829 91.6997
-5.456 -0.293829 91.6997
-5.5403 -0.20953 91.6997
-5.6246 -0.125229 91.6997
-5.7089 -0.0409298 91.6997
-5.7932 0.0433712 91.6997
-5.7932 0.12767 91.6997
-5.8775 0.211971 91.6997
-5.8775 0.29627 91.6997
-5.8775 0.380571 91.6997
-5.8775 0.46487 91.6997
-5.8775 0.549171 91.6997
-5.8775 0.633471 91.6997
-5.8775 0.717772 91.6997
-5.8775 0.802071 91.6997
-5.8775 0.886372 91.6997
-5.8775 0.970671 91.6997
-5.8775 1.05497 91.6997
-5.8775 1.13927 91.6997
-5.7932 1.22357 91.6997
-5.7932 1.30787 91.6997
-5.7932 1.39217 91.6997
-5.7089 1.47647 91.6997
-5.7089 1.56077 91.6997
-5.7089 1.64507 91.6997
-5.6246 1.72937 91.6997
-5.6246 1.81367 91.6997
-5.5403 1.89797 91.6997
-5.456 1.98227 91.6997
-5.456 2.06657 91.6997
-5.456 2.15087 91.6997
-5.3717 2.23517 91.6997
-5.3717 2.31947 91.6997
-5.2874 2.40377 91.6997
-5.2874 2.48807 91.6997
-5.2031 2.57237 91.6997
-5.2031 2.65667 91.6997
-5.2031 2.74097 91.6997
-5.2031 2.82527 91.6997
-5.1188 2.90957 91.6997
-5.0345 2.99387 91.6997
-5.0345 3.07817 91.6997
-4.9502 3.16247 91.8997
-4.8659 3.16247 91.8997
-4.7816 3.16247 91.8997
-4.6973 3.07817 91.8997
-4.6973 2.99387 91.8997
-4.613 2.90957 91.8997
-4.613 2.82527 91.8997
-4.613 2.74097 91.8997
-4.613 2.65667 91.8997
-4.613 2.57237 91.8997
-4.5287 2.48807 91.8997
-4.4444 2.40377 91.8997
-4.3601 2.40377 91.8997
-4.2758 2.40377 91.8997
-4.1915 2.40377 91.8997
-4.1072 2.40377 91.8997
-4.0229 2.48807 91.8997
-3.9386 2.48807 91.8997
-3.8543 2.40377 91.8997
-3.77 2.40377 91.8997
-3.6857 2.31947 91.8997
-3.77 2.23517 91.8997
-3.77 2.15087 91.8997
-3.8543 2.06657 91.8997
-3.9386 1.98227 91.8997
-4.0229 1.89797 91.8997
-4.0229 1.81367 91.8997
-4.1072 1.72937 91.8997
-4.1072 1.64507 91.8997
-4.1072 1.56077 91.8997
-4.1915 1.47647 91.8997
-4.2758 1.39217 91.8997
-4.2758 1.30787 91.8997
-4.3601 1.22357 91.8997
-4.4444 1.13927 91.8997
-4.5287 1.05497 91.8997
-4.5287 0.970671 91.8997
-4.613 0.886372 91.8997
-4.6973 0.802071 91.8997
-4.7816 0.717772 91.8997
-4.8659 0.633471 91.8997
-4.9502 0.549171 91.8997
-5.0345 0.46487 91.8997
-5.1188 0.380571 91.8997
-5.1188 0.29627 91.8997
-5.2031 0.211971 91.8997
-5.2031 0.12767 91.8997
-5.2031 0.0433712 91.8997
-5.2031 -0.0409298 91.8997
-5.2031 -0.125229 91.8997
-5.1188 -0.20953 91.8997
-5.0345 -0.20953 91.8997
-5.0345 -0.293829 91.8997
-5.1188 -0.293829 91.8997
-5.2031 -0.293829 91.8997
-5.2874 -0.293829 91.8997
-5.3717 -0.293829 91.8997
-5.456 -0.293829 91.8997
-5.5403 -0.20953 91.8997
-5.6246 -0.125229 91.8997
-5.7089 -0.0409298 91.8997
-5.7932 0.0433712 91.8997
-5.7932 0.12767 91.8997
-5.7932 0.211971 91.8997
-5.7932 0.29627 91.8997
-5.7932 0.380571 91.8997
-5.7932 0.46487 91.8997
-5.7932 0.549171 91.8997
-5.7932 0.633471 91.8997
-5.7932 0.717772 91.8997
-5.7932 0.802071 91.8997
-5.7932 0.886372 91.8997
-5.7932 0.970671 91.8997
-5.7932 1.05497 91.8997
-5.7089 1.13927 91.8997
-5.7089 1.22357 91.8997
-5.7089 1.30787 91.8997
-5.6246 1.39217 91.8997
-5.6246 1.47647 91.8997
-5.6246 1.56077 91.8997
-5.5403 1.64507 91.8997
-5.5403 1.72937 91.8997
-5.456 1.81367 91.8997
-5.3717 1.89797 91.8997
-5.3717 1.98227 91.8997
-5.3717 2.06657 91.8997
-5.2874 2.15087 91.8997
-5.2874 2.23517 91.8997
-5.2031 2.31947 91.8997
-5.2031 2.40377 91.8997
-5.1188 2.48807 91.8997
-5.1188 2.57237 91.8997
-5.1188 2.65667 91.8997
-5.1188 2.74097 91.8997
-5.0345 2.82527 91.8997
-5.0345 2.90957 91.8997
-5.0345 2.99387 91.8997
-5.0345 3.07817 91.8997
-4.9502 3.16247 91.8997
-4.9502 3.16247 92.0997
-4.8659 3.16247 92.0997
-4.7816 3.16247 92.0997
-4.6973 3.16247 92.0997
-4.613 3.07817 92.0997
-4.613 2.99387 92.0997
-4.5287 2.90957 92.0997
-4.5287 2.82527 92.0997
-4.5287 2.74097 92.0997
-4.5287 2.65667 92.0997
-4.5287 2.57237 92.0997
-4.4444 2.48807 92.0997
-4.3601 2.40377 92.0997
-4.2758 2.40377 92.0997
-4.1915 2.40377 92.0997
-4.1072 2.31947 92.0997
-4.0229 2.23517 92.0997
-4.0229 2.15087 92.0997
-4.0229 2.06657 92.0997
-4.0229 1.98227 92.0997
-4.0229 1.89797 92.0997
-4.1072 1.81367 92.0997
-4.1072 1.72937 92.0997
-4.1072 1.64507 92.0997
-4.1915 1.56077 92.0997
-4.1915 1.47647 92.0997
-4.2758 1.39217 92.0997
-4.3601 1.30787 92.0997
-4.3601 1.22357 92.0997
-4.4444 1.13927 92.0997
-4.5287 1.05497 92.0997
-4.613 0.970671 92.0997
-4.613 0.886372 92.0997
-4.6973 0.802071 92.0997
-4.7816 0.717772 92.0997
-4.8659 0.633471 92.0997
-4.9502 0.549171 92.0997
-5.0345 0.46487 92.0997
-5.1188 0.380571 92.0997
-5.1188 0.29627 92.0997
-5.2031 0.211971 92.0997
-5.2031 0.12767 92.0997
-5.2031 0.0433712 92.0997
-5.2031 -0.0409298 92.0997
-5.1188 -0.125229 92.0997
-5.0345 -0.20953 92.0997
-4.9502 -0.20953 92.0997
-5.0345 -0.20953 92.0997
-5.1188 -0.20953 92.0997
-5.2031 -0.20953 92.0997
-5.2874 -0.20953 92.0997
-5.3717 -0.20953 92.0997
-5.456 -0.20953 92.0997
-5.5403 -0.20953 92.0997
-5.6246 -0.125229 92.0997
-5.7089 -0.0409298 92.0997
-5.7089 0.0433712 92.0997
-5.7089 0.12767 92.0997
-5.7089 0.211971 92.0997
-5.7089 0.29627 92.0997
-5.7089 0.380571 92.0997
-5.7089 0.46487 92.0997
-5.7089 0.549171 92.0997
-5.7089 0.633471 92.0997
-5.7089 0.717772 92.0997
-5.7089 0.802071 92.0997
-5.6246 0.886372 92.0997
-5.6246 0.970671 92.0997
-5.6246 1.05497 92.0997
-5.6246 1.13927 92.0997
-5.5403 1.22357 92.0997
-5.5403 1.30787 92.0997
-5.5403 1.39217 92.0997
-5.5403 1.47647 92.0997
-5.456 1.56077 92.0997
-5.456 1.64507 92.0997
-5.3717 1.72937 92.0997
-5.3717 1.81367 92.0997
-5.3717 1.89797 92.0997
-5.2874 1.98227 92.0997
-5.2874 2.06657 92.0997
-5.2874 2.15087 92.0997
-5.2031 2.23517 92.0997
-5.2031 2.31947 92.0997
-5.2031 2.40377 92.0997
-5.1188 2.48807 92.0997
-5.1188 2.57237 92.0997
-5.1188 2.65667 92.0997
-5.1188 2.74097 92.0997
-5.0345 2.82527 92.0997
-5.0345 2.90957 92.0997
-5.0345 2.99387 92.0997
-5.0345 3.07817 92.0997
-4.9502 3.16247 92.0997
-4.8659 3.16247 92.2997
-4.7816 3.16247 92.2997
-4.6973 3.16247 92.2997
-4.613 3.07817 92.2997
-4.5287 2.99387 92.2997
-4.5287 2.90957 92.2997
-4.4444 2.82527 92.2997
-4.3601 2.74097 92.2997
-4.2758 2.74097 92.2997
-4.2758 2.65667 92.2997
-4.2758 2.57237 92.2997
-4.2758 2.48807 92.2997
-4.2758 2.40377 92.2997
-4.1915 2.31947 92.2997
-4.1915 2.23517 92.2997
-4.1072 2.15087 92.2997
-4.1072 2.06657 92.2997
-4.1072 1.98227 92.2997
-4.1915 1.89797 92.2997
-4.1915 1.81367 92.2997
-4.1915 1.72937 92.2997
-4.1915 1.64507 92.2997
-4.2758 1.56077 92.2997
-4.3601 1.47647 92.2997
-4.3601 1.39217 92.2997
-4.4444 1.30787 92.2997
-4.5287 1.22357 92.2997
-4.613 1.13927 92.2997
-4.613 1.05497 92.2997
-4.6973 0.970671 92.2997
-4.7816 0.886372 92.2997
-4.8659 0.802071 92.2997
-4.8659 0.717772 92.2997
-4.9502 0.633471 92.2997
-4.9502 0.549171 92.2997
-5.0345 0.46487 92.2997
-5.1188 0.380571 92.2997
-5.1188 0.29627 92.2997
-5.2031 0.211971 92.2997
-5.2031 0.12767 92.2997
-5.2031 0.0433712 92.2997
-5.1188 -0.0409298 92.2997
-5.0345 -0.125229 92.2997
-5.1188 -0.125229 92.2997
-5.2031 -0.125229 92.2997
-5.2874 -0.125229 92.2997
-5.3717 -0.125229 92.2997
-5.456 -0.125229 92.2997
-5.5403 -0.0409298 92.2997
-5.6246 0.0433712 92.2997
-5.6246 0.12767 92.2997
-5.6246 0.211971 92.2997
-5.6246 0.29627 92.2997
-5.6246 0.380571 92.2997
-5.6246 0.46487 92.2997
-5.6246 0.549171 92.2997
-5.6246 0.633471 92.2997
-5.6246 0.717772 92.2997
-5.6246 0.802071 92.2997
-5.5403 0.886372 92.2997
-5.5403 0.970671 92.2997
-5.5403 1.05497 92.2997
-5.5403 1.13927 92.2997
-5.456 1.22357 92.2997
-5.456 1.30787 92.2997
-5.456 1.39217 92.2997
-5.456 1.47647 92.2997
-5.3717 1.56077 92.2997
-5.3717 1.64507 92.2997
-5.2874 1.72937 92.2997
-5.2874 1.81367 92.2997
-5.2874 1.89797 92.2997
-5.2031 1.98227 92.2997
-5.2031 2.06657 92.2997
-5.2031 2.15087 92.2997
-5.1188 2.23517 92.2997
-5.1188 2.31947 92.2997
-5.1188 2.40377 92.2997
-5.0345 2.48807 92.2997
-5.0345 2.57237 92.2997
-5.0345 2.65667 92.2997
-5.0345 2.74097 92.2997
-4.9502 2.82527 92.2997
-4.9502 2.90957 92.2997
-4.9502 2.99387 92.2997
-4.9502 3.07817 92.2997
-4.8659 3.16247 92.2997
-4.7816 3.24677 92.4997
-4.6973 3.24677 92.4997
-4.613 3.24677 92.4997
-4.5287 3.16247 92.4997
-4.4444 3.07817 92.4997
-4.4444 2.99387 92.4997
-4.3601 2.90957 92.4997
-4.2758 2.82527 92.4997
-4.2758 2.74097 92.4997
-4.2758 2.65667 92.4997
-4.2758 2.57237 92.4997
-4.2758 2.48807 92.4997
-4.2758 2.40377 92.4997
-4.1915 2.31947 92.4997
-4.1915 2.23517 92.4997
-4.1915 2.15087 92.4997
-4.2758 2.06657 92.4997
-4.2758 1.98227 92.4997
-4.3601 1.89797 92.4997
-4.3601 1.81367 92.4997
-4.3601 1.72937 92.4997
-4.4444 1.64507 92.4997
-4.5287 1.56077 92.4997
-4.5287 1.47647 92.4997
-4.613 1.39217 92.4997
-4.613 1.30787 92.4997
-4.613 1.22357 92.4997
-4.6973 1.13927 92.4997
-4.7816 1.05497 92.4997
-4.8659 0.970671 92.4997
-4.8659 0.886372 92.4997
-4.8659 0.802071 92.4997
-4.9502 0.717772 92.4997
-4.9502 0.633471 92.4997
-5.0345 0.549171 92.4997
-5.0345 0.46487 92.4997
-5.0345 0.380571 92.4997
-5.1188 0.29627 92.4997
-5.1188 0.211971 92.4997
-5.1188 0.12767 92.4997
-5.1188 0.0433712 92.4997
-5.0345 -0.0409298 92.4997
-5.0345 -0.125229 92.4997
-5.1188 -0.125229 92.4997
-5.2031 -0.125229 92.4997
-5.2874 -0.125229 92.4997
-5.3717 -0.125229 92.4997
-5.456 -0.0409298 92.4997
-5.5403 0.0433712 92.4997
-5.5403 0.12767 92.4997
-5.5403 0.211971 92.4997
-5.5403 0.29627 92.4997
-5.5403 0.380571 92.4997
-5.5403 0.46487 92.4997
-5.5403 0.549171 92.4997
-5.5403 0.633471 92.4997
-5.5403 0.717772 92.4997
-5.5403 0.802071 92.4997
-5.5403 0.886372 92.4997
-5.5403 0.970671 92.4997
-5.5403 1.05497 92.4997
-5.456 1.13927 92.4997
-5.456 1.22357 92.4997
-5.456 1.30787 92.4997
-5.456 1.39217 92.4997
-5.456 1.47647 92.4997
-5.3717 1.56077 92.4997
-5.3717 1.64507 92.4997
-5.2874 1.72937 92.4997
-5.2874 1.81367 92.4997
-5.2874 1.89797 92.4997
-5.2031 1.98227 92.4997
-5.2031 2.06657 92.4997
-5.2031 2.15087 92.4997
-5.1188 2.23517 92.4997
-5.1188 2.31947 92.4997
-5.1188 2.40377 92.4997
-5.0345 2.48807 92.4997
-5.0345 2.57237 92.4997
-5.0345 2.65667 92.4997
-5.0345 2.74097 92.4997
-4.9502 2.82527 92.4997
-4.9502 2.90957 92.4997
-4.9502 2.99387 92.4997
-4.9502 3.07817 92.4997
-4.8659 3.16247 92.4997
-4.7816 3.24677 92.4997
-4.6973 3.33107 92.6997
-4.613 3.33107 92.6997
-4.5287 3.33107 92.6997
-4.4444 3.24677 92.6997
-4.3601 3.16247 92.6997
-4.3601 3.07817 92.6997
-4.2758 2.99387 92.6997
-4.2758 2.90957 92.6997
-4.2758 2.82527 92.6997
-4.2758 2.74097 92.6997
-4.2758 2.65667 92.6997
-4.2758 2.57237 92.6997
-4.2758 2.48807 92.6997
-4.3601 2.40377 92.6997
-4.3601 2.31947 92.6997
-4.4444 2.23517 92.6997
-4.4444 2.15087 92.6997
-4.5287 2.06657 92.6997
-4.5287 1.98227 92.6997
-4.613 1.89797 92.6997
-4.613 1.81367 92.6997
-4.6973 1.72937 92.6997
-4.7816 1.64507 92.6997
-4.7816 1.56077 92.6997
-4.8659 1.47647 92.6997
-4.8659 1.39217 92.6997
-4.8659 1.30787 92.6997
-4.8659 1.22357 92.6997
-4.8659 1.13927 92.6997
-4.8659 1.05497 92.6997
-4.9502 0.970671 92.6997
-4.9502 0.886372 92.6997
-4.9502 0.802071 92.6997
-4.9502 0.717772 92.6997
-4.9502 0.633471 92.6997
-5.0345 0.549171 92.6997
-5.0345 0.46487 92.6997
-5.0345 0.380571 92.6997
-5.1188 0.29627 92.6997
-5.1188 0.211971 92.6997
-5.1188 0.12767 92.6997
-5.0345 0.0433712 92.6997
-5.0345 -0.0409298 92.6997
-4.9502 -0.125229 92.6997
-5.0345 -0.125229 92.6997
-5.1188 -0.125229 92.6997
-5.2031 -0.125229 92.6997
-5.2874 -0.125229 92.6997
-5.3717 -0.0409298 92.6997
-5.456 0.0433712 92.6997
-5.5403 0.12767 92.6997
-5.5403 0.211971 92.6997
-5.5403 0.29627 92.6997
-5.5403 0.380571 92.6997
-5.5403 0.46487 92.6997
-5.5403 0.549171 92.6997
-5.5403 0.633471 92.6997
-5.456 0.717772 92.6997
-5.456 0.802071 92.6997
-5.456 0.886372 92.6997
-5.456 0.970671 92.6997
-5.3717 1.05497 92.6997
-5.3717 1.13927 92.6997
-5.3717 1.22357 92.6997
-5.3717 1.30787 92.6997
-5.3717 1.39217 92.6997
-5.3717 1.47647 92.6997
-5.3717 1.56077 92.6997
-5.2874 1.64507 92.6997
-5.2874 1.72937 92.6997
-5.2874 1.81367 92.6997
-5.2031 1.89797 92.6997
-5.2031 1.98227 92.6997
-5.2031 2.06657 92.6997
-5.2031 2.15087 92.6997
-5.1188 2.23517 92.6997
-5.1188 2.31947 92.6997
-5.1188 2.40377 92.6997
-5.0345 2.48807 92.6997
-5.0345 2.57237 92.6997
-5.0345 2.65667 92.6997
-4.9502 2.74097 92.6997
-4.9502 2.82527 92.6997
-4.9502 2.90957 92.6997
-4.8659 2.99387 92.6997
-4.7816 3.07817 92.6997
-4.7816 3.16247 92.6997
-4.7816 3.24677 92.6997
-4.6973 3.33107 92.6997
