# Output from PinnacleROI.cpp
# First line is number of curves
# Second line is space-separated number of points in each curve
# Remainder are the points themselves
25
41 69 77 82 86 86 85 85 85 84 84 84 84 84 84 84 84 84 83 81 78 72 65 42 16 
3.9013 2.48807 96.4997
3.9856 2.48807 96.4997
4.0699 2.48807 96.4997
4.1542 2.48807 96.4997
4.2385 2.48807 96.4997
4.3228 2.48807 96.4997
4.4071 2.48807 96.4997
4.4914 2.40377 96.4997
4.5757 2.31947 96.4997
4.66 2.23517 96.4997
4.7443 2.15087 96.4997
4.7443 2.06657 96.4997
4.7443 1.98227 96.4997
4.7443 1.89797 96.4997
4.7443 1.81367 96.4997
4.7443 1.72937 96.4997
4.7443 1.64507 96.4997
4.66 1.56077 96.4997
4.5757 1.47647 96.4997
4.4914 1.39217 96.4997
4.4071 1.30787 96.4997
4.3228 1.30787 96.4997
4.2385 1.30787 96.4997
4.1542 1.30787 96.4997
4.0699 1.30787 96.4997
3.9856 1.30787 96.4997
3.9013 1.30787 96.4997
3.817 1.39217 96.4997
3.7327 1.47647 96.4997
3.6484 1.56077 96.4997
3.5641 1.64507 96.4997
3.5641 1.72937 96.4997
3.5641 1.81367 96.4997
3.5641 1.89797 96.4997
3.5641 1.98227 96.4997
3.5641 2.06657 96.4997
3.5641 2.15087 96.4997
3.6484 2.23517 96.4997
3.7327 2.31947 96.4997
3.817 2.40377 96.4997
3.9013 2.48807 96.4997
3.7327 2.90957 96.6997
3.817 2.90957 96.6997
3.9013 2.90957 96.6997
3.9856 2.90957 96.6997
4.0699 2.90957 96.6997
4.1542 2.90957 96.6997
4.2385 2.90957 96.6997
4.3228 2.90957 96.6997
4.4071 2.90957 96.6997
4.4914 2.90957 96.6997
4.5757 2.90957 96.6997
4.5757 2.82527 96.6997
4.66 2.74097 96.6997
4.7443 2.65667 96.6997
4.8286 2.57237 96.6997
4.9129 2.48807 96.6997
4.9129 2.40377 96.6997
4.9129 2.31947 96.6997
4.9972 2.23517 96.6997
4.9972 2.15087 96.6997
5.0815 2.06657 96.6997
5.1658 1.98227 96.6997
5.1658 1.89797 96.6997
5.1658 1.81367 96.6997
5.1658 1.72937 96.6997
5.1658 1.64507 96.6997
5.1658 1.56077 96.6997
5.1658 1.47647 96.6997
5.0815 1.39217 96.6997
4.9972 1.30787 96.6997
4.9129 1.22357 96.6997
4.8286 1.13927 96.6997
4.7443 1.05497 96.6997
4.66 0.970671 96.6997
4.5757 0.886372 96.6997
4.4914 0.886372 96.6997
4.4071 0.886372 96.6997
4.3228 0.886372 96.6997
4.2385 0.886372 96.6997
4.1542 0.886372 96.6997
4.0699 0.886372 96.6997
3.9856 0.886372 96.6997
3.9013 0.886372 96.6997
3.817 0.886372 96.6997
3.7327 0.886372 96.6997
3.6484 0.970671 96.6997
3.5641 1.05497 96.6997
3.4798 1.13927 96.6997
3.3955 1.22357 96.6997
3.3112 1.30787 96.6997
3.2269 1.39217 96.6997
3.1426 1.47647 96.6997
3.1426 1.56077 96.6997
3.1426 1.64507 96.6997
3.1426 1.72937 96.6997
3.1426 1.81367 96.6997
3.1426 1.89797 96.6997
3.1426 1.98227 96.6997
3.1426 2.06657 96.6997
3.1426 2.15087 96.6997
3.1426 2.23517 96.6997
3.1426 2.31947 96.6997
3.2269 2.40377 96.6997
3.3112 2.48807 96.6997
3.3955 2.57237 96.6997
3.4798 2.65667 96.6997
3.5641 2.74097 96.6997
3.6484 2.82527 96.6997
3.7327 2.90957 96.6997
3.7327 2.99387 96.8997
3.817 2.99387 96.8997
3.9013 2.99387 96.8997
3.9856 2.99387 96.8997
4.0699 2.99387 96.8997
4.1542 2.99387 96.8997
4.2385 2.99387 96.8997
4.3228 2.99387 96.8997
4.4071 2.99387 96.8997
4.4914 2.99387 96.8997
4.4914 2.90957 96.8997
4.5757 2.82527 96.8997
4.66 2.74097 96.8997
4.7443 2.65667 96.8997
4.7443 2.57237 96.8997
4.8286 2.48807 96.8997
4.8286 2.40377 96.8997
4.9129 2.31947 96.8997
4.9129 2.23517 96.8997
4.9972 2.15087 96.8997
5.0815 2.06657 96.8997
5.0815 1.98227 96.8997
5.0815 1.89797 96.8997
5.1658 1.81367 96.8997
5.1658 1.72937 96.8997
5.1658 1.64507 96.8997
5.2501 1.56077 96.8997
5.2501 1.47647 96.8997
5.2501 1.39217 96.8997
5.2501 1.30787 96.8997
5.2501 1.22357 96.8997
5.1658 1.13927 96.8997
5.0815 1.05497 96.8997
4.9972 0.970671 96.8997
4.9129 0.886372 96.8997
4.8286 0.802071 96.8997
4.7443 0.717772 96.8997
4.66 0.717772 96.8997
4.5757 0.717772 96.8997
4.4914 0.717772 96.8997
4.4071 0.717772 96.8997
4.3228 0.717772 96.8997
4.2385 0.717772 96.8997
4.1542 0.717772 96.8997
4.0699 0.717772 96.8997
3.9856 0.717772 96.8997
3.9013 0.717772 96.8997
3.817 0.717772 96.8997
3.7327 0.802071 96.8997
3.6484 0.802071 96.8997
3.5641 0.886372 96.8997
3.4798 0.970671 96.8997
3.3955 1.05497 96.8997
3.3112 1.13927 96.8997
3.2269 1.22357 96.8997
3.1426 1.30787 96.8997
3.1426 1.39217 96.8997
3.0583 1.47647 96.8997
3.0583 1.56077 96.8997
3.0583 1.64507 96.8997
3.0583 1.72937 96.8997
3.0583 1.81367 96.8997
3.0583 1.89797 96.8997
3.0583 1.98227 96.8997
3.0583 2.06657 96.8997
3.0583 2.15087 96.8997
3.0583 2.23517 96.8997
3.0583 2.31947 96.8997
3.1426 2.40377 96.8997
3.1426 2.48807 96.8997
3.2269 2.57237 96.8997
3.3112 2.65667 96.8997
3.3955 2.74097 96.8997
3.4798 2.82527 96.8997
3.5641 2.90957 96.8997
3.6484 2.90957 96.8997
3.7327 2.99387 96.8997
3.7327 3.07817 97.0996
3.817 3.07817 97.0996
3.9013 3.07817 97.0996
3.9856 3.07817 97.0996
4.0699 3.07817 97.0996
4.1542 3.07817 97.0996
4.2385 3.07817 97.0996
4.3228 2.99387 97.0996
4.4071 2.90957 97.0996
4.4914 2.82527 97.0996
4.5757 2.82527 97.0996
4.5757 2.74097 97.0996
4.66 2.65667 97.0996
4.7443 2.57237 97.0996
4.8286 2.48807 97.0996
4.8286 2.40377 97.0996
4.9129 2.31947 97.0996
4.9129 2.23517 97.0996
4.9972 2.15087 97.0996
4.9972 2.06657 97.0996
4.9972 1.98227 97.0996
5.0815 1.89797 97.0996
5.0815 1.81367 97.0996
5.1658 1.72937 97.0996
5.1658 1.64507 97.0996
5.2501 1.56077 97.0996
5.2501 1.47647 97.0996
5.2501 1.39217 97.0996
5.2501 1.30787 97.0996
5.2501 1.22357 97.0996
5.2501 1.13927 97.0996
5.2501 1.05497 97.0996
5.1658 0.970671 97.0996
5.0815 0.886372 97.0996
4.9972 0.802071 97.0996
4.9129 0.717772 97.0996
4.8286 0.717772 97.0996
4.7443 0.633471 97.0996
4.66 0.633471 97.0996
4.5757 0.633471 97.0996
4.4914 0.633471 97.0996
4.4071 0.633471 97.0996
4.3228 0.633471 97.0996
4.2385 0.633471 97.0996
4.1542 0.633471 97.0996
4.0699 0.633471 97.0996
3.9856 0.633471 97.0996
3.9013 0.633471 97.0996
3.817 0.633471 97.0996
3.7327 0.717772 97.0996
3.6484 0.717772 97.0996
3.5641 0.802071 97.0996
3.4798 0.802071 97.0996
3.3955 0.886372 97.0996
3.3112 0.970671 97.0996
3.2269 1.05497 97.0996
3.1426 1.13927 97.0996
3.1426 1.22357 97.0996
3.0583 1.30787 97.0996
3.0583 1.39217 97.0996
2.974 1.47647 97.0996
2.974 1.56077 97.0996
2.974 1.64507 97.0996
2.974 1.72937 97.0996
2.974 1.81367 97.0996
2.974 1.89797 97.0996
2.974 1.98227 97.0996
2.974 2.06657 97.0996
2.974 2.15087 97.0996
2.974 2.23517 97.0996
2.974 2.31947 97.0996
3.0583 2.40377 97.0996
3.0583 2.48807 97.0996
3.1426 2.57237 97.0996
3.1426 2.65667 97.0996
3.2269 2.74097 97.0996
3.3112 2.82527 97.0996
3.3955 2.90957 97.0996
3.4798 2.90957 97.0996
3.5641 2.99387 97.0996
3.6484 2.99387 97.0996
3.7327 3.07817 97.0996
3.7327 3.16247 97.2996
3.817 3.16247 97.2996
3.9013 3.16247 97.2996
3.9856 3.16247 97.2996
4.0699 3.16247 97.2996
4.1542 3.07817 97.2996
4.2385 3.07817 97.2996
4.3228 2.99387 97.2996
4.4071 2.90957 97.2996
4.4914 2.82527 97.2996
4.5757 2.74097 97.2996
4.5757 2.65667 97.2996
4.66 2.57237 97.2996
4.7443 2.48807 97.2996
4.8286 2.40377 97.2996
4.8286 2.31947 97.2996
4.9129 2.23517 97.2996
4.9129 2.15087 97.2996
4.9972 2.06657 97.2996
4.9972 1.98227 97.2996
5.0815 1.89797 97.2996
5.0815 1.81367 97.2996
5.0815 1.72937 97.2996
5.0815 1.64507 97.2996
5.1658 1.56077 97.2996
5.1658 1.47647 97.2996
5.2501 1.39217 97.2996
5.2501 1.30787 97.2996
5.2501 1.22357 97.2996
5.2501 1.13927 97.2996
5.2501 1.05497 97.2996
5.1658 0.970671 97.2996
5.1658 0.886372 97.2996
5.1658 0.802071 97.2996
5.0815 0.717772 97.2996
4.9972 0.717772 97.2996
4.9129 0.633471 97.2996
4.8286 0.633471 97.2996
4.7443 0.549171 97.2996
4.66 0.549171 97.2996
4.5757 0.549171 97.2996
4.4914 0.549171 97.2996
4.4071 0.549171 97.2996
4.3228 0.549171 97.2996
4.2385 0.549171 97.2996
4.1542 0.549171 97.2996
4.0699 0.549171 97.2996
3.9856 0.549171 97.2996
3.9013 0.549171 97.2996
3.817 0.549171 97.2996
3.7327 0.633471 97.2996
3.6484 0.633471 97.2996
3.5641 0.717772 97.2996
3.4798 0.717772 97.2996
3.3955 0.802071 97.2996
3.3112 0.802071 97.2996
3.2269 0.886372 97.2996
3.1426 0.970671 97.2996
3.1426 1.05497 97.2996
3.0583 1.13927 97.2996
3.0583 1.22357 97.2996
2.974 1.30787 97.2996
2.974 1.39217 97.2996
2.974 1.47647 97.2996
2.974 1.56077 97.2996
2.974 1.64507 97.2996
2.974 1.72937 97.2996
2.974 1.81367 97.2996
2.974 1.89797 97.2996
2.974 1.98227 97.2996
2.974 2.06657 97.2996
2.974 2.15087 97.2996
2.974 2.23517 97.2996
2.974 2.31947 97.2996
2.974 2.40377 97.2996
3.0583 2.48807 97.2996
3.0583 2.57237 97.2996
3.1426 2.65667 97.2996
3.1426 2.74097 97.2996
3.2269 2.82527 97.2996
3.3112 2.90957 97.2996
3.3955 2.99387 97.2996
3.4798 2.99387 97.2996
3.5641 3.07817 97.2996
3.6484 3.07817 97.2996
3.7327 3.16247 97.2996
3.7327 3.16247 97.4996
3.817 3.16247 97.4996
3.9013 3.16247 97.4996
3.9856 3.16247 97.4996
4.0699 3.16247 97.4996
4.1542 3.07817 97.4996
4.2385 2.99387 97.4996
4.3228 2.90957 97.4996
4.4071 2.82527 97.4996
4.4914 2.82527 97.4996
4.5757 2.74097 97.4996
4.5757 2.65667 97.4996
4.66 2.57237 97.4996
4.7443 2.48807 97.4996
4.7443 2.40377 97.4996
4.8286 2.31947 97.4996
4.8286 2.23517 97.4996
4.9129 2.15087 97.4996
4.9972 2.06657 97.4996
4.9972 1.98227 97.4996
4.9972 1.89797 97.4996
5.0815 1.81367 97.4996
5.0815 1.72937 97.4996
5.0815 1.64507 97.4996
5.0815 1.56077 97.4996
5.1658 1.47647 97.4996
5.1658 1.39217 97.4996
5.1658 1.30787 97.4996
5.1658 1.22357 97.4996
5.1658 1.13927 97.4996
5.1658 1.05497 97.4996
5.1658 0.970671 97.4996
5.1658 0.886372 97.4996
5.0815 0.802071 97.4996
5.0815 0.717772 97.4996
4.9972 0.717772 97.4996
4.9129 0.633471 97.4996
4.8286 0.633471 97.4996
4.7443 0.549171 97.4996
4.66 0.549171 97.4996
4.5757 0.549171 97.4996
4.4914 0.549171 97.4996
4.4071 0.549171 97.4996
4.3228 0.549171 97.4996
4.2385 0.549171 97.4996
4.1542 0.549171 97.4996
4.0699 0.549171 97.4996
3.9856 0.549171 97.4996
3.9013 0.549171 97.4996
3.817 0.549171 97.4996
3.7327 0.633471 97.4996
3.6484 0.633471 97.4996
3.5641 0.717772 97.4996
3.4798 0.717772 97.4996
3.3955 0.802071 97.4996
3.3112 0.802071 97.4996
3.2269 0.886372 97.4996
3.1426 0.970671 97.4996
3.1426 1.05497 97.4996
3.0583 1.13927 97.4996
3.0583 1.22357 97.4996
2.974 1.30787 97.4996
2.974 1.39217 97.4996
2.974 1.47647 97.4996
2.974 1.56077 97.4996
2.974 1.64507 97.4996
2.974 1.72937 97.4996
2.974 1.81367 97.4996
2.974 1.89797 97.4996
2.974 1.98227 97.4996
2.974 2.06657 97.4996
2.974 2.15087 97.4996
2.974 2.23517 97.4996
2.974 2.31947 97.4996
2.974 2.40377 97.4996
3.0583 2.48807 97.4996
3.0583 2.57237 97.4996
3.1426 2.65667 97.4996
3.1426 2.74097 97.4996
3.2269 2.82527 97.4996
3.3112 2.90957 97.4996
3.3955 2.99387 97.4996
3.4798 2.99387 97.4996
3.5641 3.07817 97.4996
3.6484 3.07817 97.4996
3.7327 3.16247 97.4996
3.7327 3.16247 97.6996
3.817 3.16247 97.6996
3.9013 3.16247 97.6996
3.9856 3.16247 97.6996
4.0699 3.07817 97.6996
4.1542 2.99387 97.6996
4.2385 2.99387 97.6996
4.3228 2.90957 97.6996
4.4071 2.82527 97.6996
4.4914 2.74097 97.6996
4.4914 2.65667 97.6996
4.5757 2.57237 97.6996
4.66 2.48807 97.6996
4.7443 2.40377 97.6996
4.8286 2.31947 97.6996
4.8286 2.23517 97.6996
4.9129 2.15087 97.6996
4.9972 2.06657 97.6996
4.9972 1.98227 97.6996
4.9972 1.89797 97.6996
5.0815 1.81367 97.6996
5.0815 1.72937 97.6996
5.0815 1.64507 97.6996
5.0815 1.56077 97.6996
5.1658 1.47647 97.6996
5.1658 1.39217 97.6996
5.1658 1.30787 97.6996
5.1658 1.22357 97.6996
5.0815 1.13927 97.6996
5.0815 1.05497 97.6996
5.0815 0.970671 97.6996
5.0815 0.886372 97.6996
5.0815 0.802071 97.6996
5.0815 0.717772 97.6996
4.9972 0.633471 97.6996
4.9129 0.549171 97.6996
4.8286 0.549171 97.6996
4.7443 0.549171 97.6996
4.66 0.46487 97.6996
4.5757 0.46487 97.6996
4.4914 0.46487 97.6996
4.4071 0.46487 97.6996
4.3228 0.46487 97.6996
4.2385 0.46487 97.6996
4.1542 0.46487 97.6996
4.0699 0.46487 97.6996
3.9856 0.46487 97.6996
3.9013 0.46487 97.6996
3.817 0.46487 97.6996
3.7327 0.549171 97.6996
3.6484 0.549171 97.6996
3.5641 0.633471 97.6996
3.4798 0.633471 97.6996
3.3955 0.717772 97.6996
3.3112 0.802071 97.6996
3.2269 0.886372 97.6996
3.1426 0.970671 97.6996
3.1426 1.05497 97.6996
3.0583 1.13927 97.6996
3.0583 1.22357 97.6996
2.974 1.30787 97.6996
2.974 1.39217 97.6996
2.974 1.47647 97.6996
2.974 1.56077 97.6996
2.974 1.64507 97.6996
2.974 1.72937 97.6996
2.974 1.81367 97.6996
2.974 1.89797 97.6996
2.974 1.98227 97.6996
2.974 2.06657 97.6996
2.974 2.15087 97.6996
2.974 2.23517 97.6996
2.974 2.31947 97.6996
2.974 2.40377 97.6996
3.0583 2.48807 97.6996
3.0583 2.57237 97.6996
3.1426 2.65667 97.6996
3.1426 2.74097 97.6996
3.2269 2.82527 97.6996
3.3112 2.90957 97.6996
3.3955 2.99387 97.6996
3.4798 2.99387 97.6996
3.5641 3.07817 97.6996
3.6484 3.07817 97.6996
3.7327 3.16247 97.6996
3.7327 3.16247 97.8996
3.817 3.16247 97.8996
3.9013 3.16247 97.8996
3.9856 3.07817 97.8996
4.0699 3.07817 97.8996
4.1542 2.99387 97.8996
4.2385 2.90957 97.8996
4.3228 2.90957 97.8996
4.4071 2.82527 97.8996
4.4914 2.74097 97.8996
4.4914 2.65667 97.8996
4.5757 2.57237 97.8996
4.66 2.48807 97.8996
4.7443 2.40377 97.8996
4.7443 2.31947 97.8996
4.8286 2.23517 97.8996
4.8286 2.15087 97.8996
4.9129 2.06657 97.8996
4.9972 1.98227 97.8996
4.9972 1.89797 97.8996
4.9972 1.81367 97.8996
5.0815 1.72937 97.8996
5.0815 1.64507 97.8996
5.0815 1.56077 97.8996
5.0815 1.47647 97.8996
5.0815 1.39217 97.8996
5.0815 1.30787 97.8996
5.0815 1.22357 97.8996
5.0815 1.13927 97.8996
5.0815 1.05497 97.8996
5.0815 0.970671 97.8996
5.0815 0.886372 97.8996
5.0815 0.802071 97.8996
5.0815 0.717772 97.8996
4.9972 0.633471 97.8996
4.9129 0.549171 97.8996
4.8286 0.549171 97.8996
4.7443 0.46487 97.8996
4.66 0.46487 97.8996
4.5757 0.46487 97.8996
4.4914 0.46487 97.8996
4.4071 0.46487 97.8996
4.3228 0.46487 97.8996
4.2385 0.46487 97.8996
4.1542 0.46487 97.8996
4.0699 0.46487 97.8996
3.9856 0.46487 97.8996
3.9013 0.46487 97.8996
3.817 0.46487 97.8996
3.7327 0.549171 97.8996
3.6484 0.549171 97.8996
3.5641 0.633471 97.8996
3.4798 0.633471 97.8996
3.3955 0.717772 97.8996
3.3112 0.802071 97.8996
3.2269 0.886372 97.8996
3.1426 0.970671 97.8996
3.1426 1.05497 97.8996
3.0583 1.13927 97.8996
3.0583 1.22357 97.8996
2.974 1.30787 97.8996
2.974 1.39217 97.8996
2.974 1.47647 97.8996
2.974 1.56077 97.8996
2.974 1.64507 97.8996
2.974 1.72937 97.8996
2.974 1.81367 97.8996
2.974 1.89797 97.8996
2.974 1.98227 97.8996
2.974 2.06657 97.8996
2.974 2.15087 97.8996
2.974 2.23517 97.8996
2.974 2.31947 97.8996
2.974 2.40377 97.8996
3.0583 2.48807 97.8996
3.0583 2.57237 97.8996
3.1426 2.65667 97.8996
3.1426 2.74097 97.8996
3.2269 2.82527 97.8996
3.3112 2.90957 97.8996
3.3955 2.99387 97.8996
3.4798 2.99387 97.8996
3.5641 3.07817 97.8996
3.6484 3.07817 97.8996
3.7327 3.16247 97.8996
3.7327 3.16247 98.0996
3.817 3.16247 98.0996
3.9013 3.16247 98.0996
3.9856 3.07817 98.0996
4.0699 3.07817 98.0996
4.1542 2.99387 98.0996
4.2385 2.90957 98.0996
4.3228 2.90957 98.0996
4.4071 2.82527 98.0996
4.4914 2.74097 98.0996
4.4914 2.65667 98.0996
4.5757 2.57237 98.0996
4.66 2.48807 98.0996
4.7443 2.40377 98.0996
4.7443 2.31947 98.0996
4.8286 2.23517 98.0996
4.8286 2.15087 98.0996
4.9129 2.06657 98.0996
4.9972 1.98227 98.0996
4.9972 1.89797 98.0996
4.9972 1.81367 98.0996
4.9972 1.72937 98.0996
5.0815 1.64507 98.0996
5.0815 1.56077 98.0996
5.0815 1.47647 98.0996
5.0815 1.39217 98.0996
4.9972 1.30787 98.0996
4.9972 1.22357 98.0996
4.9972 1.13927 98.0996
4.9972 1.05497 98.0996
4.9972 0.970671 98.0996
4.9972 0.886372 98.0996
4.9972 0.802071 98.0996
4.9972 0.717772 98.0996
4.9972 0.633471 98.0996
4.9129 0.549171 98.0996
4.8286 0.549171 98.0996
4.7443 0.46487 98.0996
4.66 0.46487 98.0996
4.5757 0.46487 98.0996
4.4914 0.46487 98.0996
4.4071 0.46487 98.0996
4.3228 0.46487 98.0996
4.2385 0.46487 98.0996
4.1542 0.46487 98.0996
4.0699 0.46487 98.0996
3.9856 0.46487 98.0996
3.9013 0.46487 98.0996
3.817 0.46487 98.0996
3.7327 0.549171 98.0996
3.6484 0.549171 98.0996
3.5641 0.633471 98.0996
3.4798 0.633471 98.0996
3.3955 0.717772 98.0996
3.3112 0.802071 98.0996
3.2269 0.886372 98.0996
3.1426 0.970671 98.0996
3.1426 1.05497 98.0996
3.0583 1.13927 98.0996
3.0583 1.22357 98.0996
2.974 1.30787 98.0996
2.974 1.39217 98.0996
2.974 1.47647 98.0996
2.974 1.56077 98.0996
2.974 1.64507 98.0996
2.974 1.72937 98.0996
2.974 1.81367 98.0996
2.974 1.89797 98.0996
2.974 1.98227 98.0996
2.974 2.06657 98.0996
2.974 2.15087 98.0996
2.974 2.23517 98.0996
2.974 2.31947 98.0996
2.974 2.40377 98.0996
3.0583 2.48807 98.0996
3.0583 2.57237 98.0996
3.1426 2.65667 98.0996
3.1426 2.74097 98.0996
3.2269 2.82527 98.0996
3.3112 2.90957 98.0996
3.3955 2.99387 98.0996
3.4798 2.99387 98.0996
3.5641 3.07817 98.0996
3.6484 3.07817 98.0996
3.7327 3.16247 98.0996
3.7327 3.07817 98.2996
3.817 3.07817 98.2996
3.9013 3.07817 98.2996
3.9856 3.07817 98.2996
4.0699 3.07817 98.2996
4.1542 2.99387 98.2996
4.2385 2.90957 98.2996
4.3228 2.90957 98.2996
4.4071 2.82527 98.2996
4.4914 2.74097 98.2996
4.4914 2.65667 98.2996
4.5757 2.57237 98.2996
4.66 2.48807 98.2996
4.7443 2.40377 98.2996
4.7443 2.31947 98.2996
4.8286 2.23517 98.2996
4.8286 2.15087 98.2996
4.9129 2.06657 98.2996
4.9129 1.98227 98.2996
4.9972 1.89797 98.2996
4.9972 1.81367 98.2996
4.9972 1.72937 98.2996
4.9972 1.64507 98.2996
4.9972 1.56077 98.2996
4.9972 1.47647 98.2996
4.9972 1.39217 98.2996
4.9972 1.30787 98.2996
4.9972 1.22357 98.2996
4.9972 1.13927 98.2996
4.9972 1.05497 98.2996
4.9972 0.970671 98.2996
4.9972 0.886372 98.2996
4.9972 0.802071 98.2996
4.9972 0.717772 98.2996
4.9972 0.633471 98.2996
4.9129 0.549171 98.2996
4.8286 0.549171 98.2996
4.7443 0.46487 98.2996
4.66 0.46487 98.2996
4.5757 0.46487 98.2996
4.4914 0.46487 98.2996
4.4071 0.46487 98.2996
4.3228 0.46487 98.2996
4.2385 0.46487 98.2996
4.1542 0.46487 98.2996
4.0699 0.46487 98.2996
3.9856 0.46487 98.2996
3.9013 0.46487 98.2996
3.817 0.46487 98.2996
3.7327 0.549171 98.2996
3.6484 0.549171 98.2996
3.5641 0.633471 98.2996
3.4798 0.633471 98.2996
3.3955 0.717772 98.2996
3.3112 0.802071 98.2996
3.2269 0.886372 98.2996
3.1426 0.970671 98.2996
3.1426 1.05497 98.2996
3.0583 1.13927 98.2996
3.0583 1.22357 98.2996
2.974 1.30787 98.2996
2.974 1.39217 98.2996
2.8897 1.47647 98.2996
2.8897 1.56077 98.2996
2.8897 1.64507 98.2996
2.8897 1.72937 98.2996
2.8897 1.81367 98.2996
2.8897 1.89797 98.2996
2.8897 1.98227 98.2996
2.8897 2.06657 98.2996
2.8897 2.15087 98.2996
2.974 2.23517 98.2996
2.974 2.31947 98.2996
3.0583 2.40377 98.2996
3.0583 2.48807 98.2996
3.1426 2.57237 98.2996
3.1426 2.65667 98.2996
3.2269 2.74097 98.2996
3.3112 2.82527 98.2996
3.3955 2.90957 98.2996
3.4798 2.90957 98.2996
3.5641 2.99387 98.2996
3.6484 2.99387 98.2996
3.7327 3.07817 98.2996
3.7327 3.07817 98.4996
3.817 3.07817 98.4996
3.9013 3.07817 98.4996
3.9856 3.07817 98.4996
4.0699 3.07817 98.4996
4.1542 2.99387 98.4996
4.2385 2.99387 98.4996
4.3228 2.90957 98.4996
4.4071 2.82527 98.4996
4.4914 2.74097 98.4996
4.4914 2.65667 98.4996
4.5757 2.57237 98.4996
4.66 2.48807 98.4996
4.7443 2.40377 98.4996
4.7443 2.31947 98.4996
4.8286 2.23517 98.4996
4.8286 2.15087 98.4996
4.9129 2.06657 98.4996
4.9129 1.98227 98.4996
4.9129 1.89797 98.4996
4.9129 1.81367 98.4996
4.9129 1.72937 98.4996
4.9129 1.64507 98.4996
4.9972 1.56077 98.4996
4.9972 1.47647 98.4996
4.9972 1.39217 98.4996
4.9972 1.30787 98.4996
4.9129 1.22357 98.4996
4.9129 1.13927 98.4996
4.9129 1.05497 98.4996
4.9129 0.970671 98.4996
4.9129 0.886372 98.4996
4.9129 0.802071 98.4996
4.9129 0.717772 98.4996
4.9129 0.633471 98.4996
4.9129 0.549171 98.4996
4.8286 0.549171 98.4996
4.7443 0.46487 98.4996
4.66 0.46487 98.4996
4.5757 0.46487 98.4996
4.4914 0.46487 98.4996
4.4071 0.46487 98.4996
4.3228 0.46487 98.4996
4.2385 0.46487 98.4996
4.1542 0.46487 98.4996
4.0699 0.46487 98.4996
3.9856 0.46487 98.4996
3.9013 0.46487 98.4996
3.817 0.46487 98.4996
3.7327 0.549171 98.4996
3.6484 0.549171 98.4996
3.5641 0.633471 98.4996
3.4798 0.633471 98.4996
3.3955 0.717772 98.4996
3.3112 0.802071 98.4996
3.2269 0.886372 98.4996
3.1426 0.970671 98.4996
3.1426 1.05497 98.4996
3.0583 1.13927 98.4996
3.0583 1.22357 98.4996
2.974 1.30787 98.4996
2.974 1.39217 98.4996
2.8897 1.47647 98.4996
2.8897 1.56077 98.4996
2.8897 1.64507 98.4996
2.8897 1.72937 98.4996
2.8897 1.81367 98.4996
2.8897 1.89797 98.4996
2.8897 1.98227 98.4996
2.8897 2.06657 98.4996
2.8897 2.15087 98.4996
2.974 2.23517 98.4996
2.974 2.31947 98.4996
3.0583 2.40377 98.4996
3.0583 2.48807 98.4996
3.1426 2.57237 98.4996
3.1426 2.65667 98.4996
3.2269 2.74097 98.4996
3.3112 2.82527 98.4996
3.3955 2.90957 98.4996
3.4798 2.90957 98.4996
3.5641 2.99387 98.4996
3.6484 2.99387 98.4996
3.7327 3.07817 98.4996
3.7327 3.07817 98.6996
3.817 3.07817 98.6996
3.9013 3.07817 98.6996
3.9856 3.07817 98.6996
4.0699 3.07817 98.6996
4.1542 3.07817 98.6996
4.2385 2.99387 98.6996
4.3228 2.90957 98.6996
4.4071 2.82527 98.6996
4.4914 2.74097 98.6996
4.4914 2.65667 98.6996
4.5757 2.57237 98.6996
4.66 2.48807 98.6996
4.7443 2.40377 98.6996
4.7443 2.31947 98.6996
4.7443 2.23517 98.6996
4.8286 2.15087 98.6996
4.8286 2.06657 98.6996
4.8286 1.98227 98.6996
4.8286 1.89797 98.6996
4.8286 1.81367 98.6996
4.9129 1.72937 98.6996
4.9129 1.64507 98.6996
4.9129 1.56077 98.6996
4.9129 1.47647 98.6996
4.9129 1.39217 98.6996
4.9129 1.30787 98.6996
4.9129 1.22357 98.6996
4.9129 1.13927 98.6996
4.9129 1.05497 98.6996
4.9129 0.970671 98.6996
4.9129 0.886372 98.6996
4.9129 0.802071 98.6996
4.9129 0.717772 98.6996
4.9129 0.633471 98.6996
4.9129 0.549171 98.6996
4.8286 0.549171 98.6996
4.7443 0.46487 98.6996
4.66 0.46487 98.6996
4.5757 0.46487 98.6996
4.4914 0.46487 98.6996
4.4071 0.46487 98.6996
4.3228 0.46487 98.6996
4.2385 0.46487 98.6996
4.1542 0.46487 98.6996
4.0699 0.46487 98.6996
3.9856 0.46487 98.6996
3.9013 0.46487 98.6996
3.817 0.46487 98.6996
3.7327 0.549171 98.6996
3.6484 0.549171 98.6996
3.5641 0.633471 98.6996
3.4798 0.633471 98.6996
3.3955 0.717772 98.6996
3.3112 0.802071 98.6996
3.2269 0.886372 98.6996
3.1426 0.970671 98.6996
3.1426 1.05497 98.6996
3.0583 1.13927 98.6996
3.0583 1.22357 98.6996
2.974 1.30787 98.6996
2.974 1.39217 98.6996
2.8897 1.47647 98.6996
2.8897 1.56077 98.6996
2.8897 1.64507 98.6996
2.8897 1.72937 98.6996
2.8897 1.81367 98.6996
2.8897 1.89797 98.6996
2.8897 1.98227 98.6996
2.8897 2.06657 98.6996
2.8897 2.15087 98.6996
2.974 2.23517 98.6996
2.974 2.31947 98.6996
3.0583 2.40377 98.6996
3.0583 2.48807 98.6996
3.1426 2.57237 98.6996
3.1426 2.65667 98.6996
3.2269 2.74097 98.6996
3.3112 2.82527 98.6996
3.3955 2.90957 98.6996
3.4798 2.90957 98.6996
3.5641 2.99387 98.6996
3.6484 2.99387 98.6996
3.7327 3.07817 98.6996
3.817 3.16247 98.8996
3.9013 3.16247 98.8996
3.9856 3.16247 98.8996
4.0699 3.07817 98.8996
4.1542 3.07817 98.8996
4.2385 2.99387 98.8996
4.3228 2.90957 98.8996
4.4071 2.82527 98.8996
4.4914 2.74097 98.8996
4.4914 2.65667 98.8996
4.5757 2.57237 98.8996
4.66 2.48807 98.8996
4.66 2.40377 98.8996
4.66 2.31947 98.8996
4.7443 2.23517 98.8996
4.7443 2.15087 98.8996
4.8286 2.06657 98.8996
4.8286 1.98227 98.8996
4.8286 1.89797 98.8996
4.8286 1.81367 98.8996
4.9129 1.72937 98.8996
4.9129 1.64507 98.8996
4.9129 1.56077 98.8996
4.9129 1.47647 98.8996
4.9129 1.39217 98.8996
4.9129 1.30787 98.8996
4.9129 1.22357 98.8996
4.9129 1.13927 98.8996
4.9129 1.05497 98.8996
4.9129 0.970671 98.8996
4.9129 0.886372 98.8996
4.9129 0.802071 98.8996
4.9129 0.717772 98.8996
4.9129 0.633471 98.8996
4.9129 0.549171 98.8996
4.8286 0.46487 98.8996
4.7443 0.46487 98.8996
4.66 0.46487 98.8996
4.5757 0.46487 98.8996
4.4914 0.46487 98.8996
4.4071 0.46487 98.8996
4.3228 0.46487 98.8996
4.2385 0.46487 98.8996
4.1542 0.46487 98.8996
4.0699 0.46487 98.8996
3.9856 0.46487 98.8996
3.9013 0.46487 98.8996
3.817 0.46487 98.8996
3.7327 0.549171 98.8996
3.6484 0.549171 98.8996
3.5641 0.633471 98.8996
3.4798 0.633471 98.8996
3.3955 0.717772 98.8996
3.3112 0.802071 98.8996
3.2269 0.886372 98.8996
3.2269 0.970671 98.8996
3.1426 1.05497 98.8996
3.0583 1.13927 98.8996
3.0583 1.22357 98.8996
2.974 1.30787 98.8996
2.974 1.39217 98.8996
2.8897 1.47647 98.8996
2.8897 1.56077 98.8996
2.8897 1.64507 98.8996
2.8897 1.72937 98.8996
2.8897 1.81367 98.8996
2.8897 1.89797 98.8996
2.8897 1.98227 98.8996
2.8897 2.06657 98.8996
2.8897 2.15087 98.8996
2.974 2.23517 98.8996
2.974 2.31947 98.8996
3.0583 2.40377 98.8996
3.0583 2.48807 98.8996
3.1426 2.57237 98.8996
3.2269 2.65667 98.8996
3.2269 2.74097 98.8996
3.3112 2.82527 98.8996
3.3955 2.90957 98.8996
3.4798 2.99387 98.8996
3.5641 2.99387 98.8996
3.6484 3.07817 98.8996
3.7327 3.07817 98.8996
3.817 3.16247 98.8996
3.7327 3.16247 99.0996
3.817 3.16247 99.0996
3.9013 3.16247 99.0996
3.9856 3.16247 99.0996
4.0699 3.07817 99.0996
4.1542 2.99387 99.0996
4.2385 2.99387 99.0996
4.3228 2.90957 99.0996
4.4071 2.82527 99.0996
4.4914 2.74097 99.0996
4.4914 2.65667 99.0996
4.5757 2.57237 99.0996
4.5757 2.48807 99.0996
4.66 2.40377 99.0996
4.66 2.31947 99.0996
4.7443 2.23517 99.0996
4.7443 2.15087 99.0996
4.8286 2.06657 99.0996
4.8286 1.98227 99.0996
4.8286 1.89797 99.0996
4.8286 1.81367 99.0996
4.9129 1.72937 99.0996
4.9129 1.64507 99.0996
4.9129 1.56077 99.0996
4.9129 1.47647 99.0996
4.9129 1.39217 99.0996
4.9129 1.30787 99.0996
4.9129 1.22357 99.0996
4.9129 1.13927 99.0996
4.9129 1.05497 99.0996
4.9129 0.970671 99.0996
4.9129 0.886372 99.0996
4.9129 0.802071 99.0996
4.9129 0.717772 99.0996
4.9129 0.633471 99.0996
4.9129 0.549171 99.0996
4.8286 0.46487 99.0996
4.7443 0.46487 99.0996
4.66 0.46487 99.0996
4.5757 0.46487 99.0996
4.4914 0.46487 99.0996
4.4071 0.46487 99.0996
4.3228 0.46487 99.0996
4.2385 0.46487 99.0996
4.1542 0.46487 99.0996
4.0699 0.46487 99.0996
3.9856 0.46487 99.0996
3.9013 0.549171 99.0996
3.817 0.549171 99.0996
3.7327 0.633471 99.0996
3.6484 0.633471 99.0996
3.5641 0.717772 99.0996
3.4798 0.802071 99.0996
3.3955 0.802071 99.0996
3.3112 0.886372 99.0996
3.2269 0.970671 99.0996
3.1426 1.05497 99.0996
3.0583 1.13927 99.0996
3.0583 1.22357 99.0996
2.974 1.30787 99.0996
2.974 1.39217 99.0996
2.8897 1.47647 99.0996
2.8897 1.56077 99.0996
2.8897 1.64507 99.0996
2.8897 1.72937 99.0996
2.8897 1.81367 99.0996
2.8897 1.89797 99.0996
2.8897 1.98227 99.0996
2.8897 2.06657 99.0996
2.8897 2.15087 99.0996
2.974 2.23517 99.0996
2.974 2.31947 99.0996
2.974 2.40377 99.0996
3.0583 2.48807 99.0996
3.0583 2.57237 99.0996
3.1426 2.65667 99.0996
3.1426 2.74097 99.0996
3.2269 2.82527 99.0996
3.3112 2.90957 99.0996
3.3955 2.99387 99.0996
3.4798 2.99387 99.0996
3.5641 3.07817 99.0996
3.6484 3.07817 99.0996
3.7327 3.16247 99.0996
3.7327 3.16247 99.2996
3.817 3.16247 99.2996
3.9013 3.16247 99.2996
3.9856 3.16247 99.2996
4.0699 3.07817 99.2996
4.1542 2.99387 99.2996
4.2385 2.99387 99.2996
4.3228 2.90957 99.2996
4.3228 2.82527 99.2996
4.4071 2.74097 99.2996
4.4914 2.65667 99.2996
4.4914 2.57237 99.2996
4.5757 2.48807 99.2996
4.5757 2.40377 99.2996
4.66 2.31947 99.2996
4.66 2.23517 99.2996
4.7443 2.15087 99.2996
4.7443 2.06657 99.2996
4.8286 1.98227 99.2996
4.8286 1.89797 99.2996
4.8286 1.81367 99.2996
4.8286 1.72937 99.2996
4.8286 1.64507 99.2996
4.9129 1.56077 99.2996
4.9129 1.47647 99.2996
4.9129 1.39217 99.2996
4.9129 1.30787 99.2996
4.9129 1.22357 99.2996
4.9129 1.13927 99.2996
4.9129 1.05497 99.2996
4.9129 0.970671 99.2996
4.9129 0.886372 99.2996
4.9129 0.802071 99.2996
4.9129 0.717772 99.2996
4.9129 0.633471 99.2996
4.9129 0.549171 99.2996
4.9129 0.46487 99.2996
4.8286 0.46487 99.2996
4.7443 0.46487 99.2996
4.66 0.46487 99.2996
4.5757 0.46487 99.2996
4.4914 0.46487 99.2996
4.4071 0.46487 99.2996
4.3228 0.46487 99.2996
4.2385 0.46487 99.2996
4.1542 0.46487 99.2996
4.0699 0.46487 99.2996
3.9856 0.46487 99.2996
3.9013 0.549171 99.2996
3.817 0.549171 99.2996
3.7327 0.633471 99.2996
3.6484 0.633471 99.2996
3.5641 0.717772 99.2996
3.4798 0.802071 99.2996
3.3955 0.886372 99.2996
3.3112 0.970671 99.2996
3.2269 1.05497 99.2996
3.2269 1.13927 99.2996
3.1426 1.22357 99.2996
3.0583 1.30787 99.2996
3.0583 1.39217 99.2996
2.974 1.47647 99.2996
2.974 1.56077 99.2996
2.974 1.64507 99.2996
2.974 1.72937 99.2996
2.974 1.81367 99.2996
2.974 1.89797 99.2996
2.974 1.98227 99.2996
2.974 2.06657 99.2996
2.974 2.15087 99.2996
2.974 2.23517 99.2996
2.974 2.31947 99.2996
2.974 2.40377 99.2996
3.0583 2.48807 99.2996
3.0583 2.57237 99.2996
3.1426 2.65667 99.2996
3.1426 2.74097 99.2996
3.2269 2.82527 99.2996
3.3112 2.90957 99.2996
3.3955 2.99387 99.2996
3.4798 2.99387 99.2996
3.5641 3.07817 99.2996
3.6484 3.07817 99.2996
3.7327 3.16247 99.2996
3.7327 3.16247 99.4996
3.817 3.16247 99.4996
3.9013 3.16247 99.4996
3.9856 3.16247 99.4996
4.0699 3.07817 99.4996
4.1542 2.99387 99.4996
4.2385 2.99387 99.4996
4.3228 2.90957 99.4996
4.3228 2.82527 99.4996
4.4071 2.74097 99.4996
4.4914 2.65667 99.4996
4.4914 2.57237 99.4996
4.5757 2.48807 99.4996
4.5757 2.40377 99.4996
4.66 2.31947 99.4996
4.66 2.23517 99.4996
4.7443 2.15087 99.4996
4.7443 2.06657 99.4996
4.7443 1.98227 99.4996
4.8286 1.89797 99.4996
4.8286 1.81367 99.4996
4.8286 1.72937 99.4996
4.8286 1.64507 99.4996
4.8286 1.56077 99.4996
4.9129 1.47647 99.4996
4.9129 1.39217 99.4996
4.9129 1.30787 99.4996
4.9129 1.22357 99.4996
4.9129 1.13927 99.4996
4.9129 1.05497 99.4996
4.9129 0.970671 99.4996
4.9129 0.886372 99.4996
4.9129 0.802071 99.4996
4.9129 0.717772 99.4996
4.9129 0.633471 99.4996
4.9129 0.549171 99.4996
4.9129 0.46487 99.4996
4.8286 0.46487 99.4996
4.7443 0.46487 99.4996
4.66 0.46487 99.4996
4.5757 0.46487 99.4996
4.4914 0.46487 99.4996
4.4071 0.46487 99.4996
4.3228 0.46487 99.4996
4.2385 0.46487 99.4996
4.1542 0.46487 99.4996
4.0699 0.46487 99.4996
3.9856 0.46487 99.4996
3.9013 0.549171 99.4996
3.817 0.549171 99.4996
3.7327 0.633471 99.4996
3.6484 0.633471 99.4996
3.5641 0.717772 99.4996
3.4798 0.802071 99.4996
3.3955 0.886372 99.4996
3.3112 0.970671 99.4996
3.2269 1.05497 99.4996
3.2269 1.13927 99.4996
3.1426 1.22357 99.4996
3.1426 1.30787 99.4996
3.0583 1.39217 99.4996
3.0583 1.47647 99.4996
2.974 1.56077 99.4996
2.974 1.64507 99.4996
2.974 1.72937 99.4996
2.974 1.81367 99.4996
2.974 1.89797 99.4996
2.974 1.98227 99.4996
2.974 2.06657 99.4996
2.974 2.15087 99.4996
2.974 2.23517 99.4996
2.974 2.31947 99.4996
2.974 2.40377 99.4996
3.0583 2.48807 99.4996
3.0583 2.57237 99.4996
3.1426 2.65667 99.4996
3.1426 2.74097 99.4996
3.2269 2.82527 99.4996
3.3112 2.90957 99.4996
3.3955 2.99387 99.4996
3.4798 2.99387 99.4996
3.5641 3.07817 99.4996
3.6484 3.07817 99.4996
3.7327 3.16247 99.4996
3.7327 3.16247 99.6996
3.817 3.16247 99.6996
3.9013 3.16247 99.6996
3.9856 3.16247 99.6996
4.0699 3.16247 99.6996
4.1542 3.07817 99.6996
4.2385 2.99387 99.6996
4.3228 2.90957 99.6996
4.3228 2.82527 99.6996
4.4071 2.74097 99.6996
4.4914 2.65667 99.6996
4.4914 2.57237 99.6996
4.5757 2.48807 99.6996
4.5757 2.40377 99.6996
4.66 2.31947 99.6996
4.66 2.23517 99.6996
4.66 2.15087 99.6996
4.7443 2.06657 99.6996
4.7443 1.98227 99.6996
4.7443 1.89797 99.6996
4.8286 1.81367 99.6996
4.8286 1.72937 99.6996
4.8286 1.64507 99.6996
4.8286 1.56077 99.6996
4.9129 1.47647 99.6996
4.9129 1.39217 99.6996
4.9129 1.30787 99.6996
4.9129 1.22357 99.6996
4.9129 1.13927 99.6996
4.9129 1.05497 99.6996
4.9129 0.970671 99.6996
4.9129 0.886372 99.6996
4.9129 0.802071 99.6996
4.9129 0.717772 99.6996
4.9129 0.633471 99.6996
4.9129 0.549171 99.6996
4.9129 0.46487 99.6996
4.8286 0.46487 99.6996
4.7443 0.46487 99.6996
4.66 0.46487 99.6996
4.5757 0.46487 99.6996
4.4914 0.46487 99.6996
4.4071 0.46487 99.6996
4.3228 0.46487 99.6996
4.2385 0.46487 99.6996
4.1542 0.46487 99.6996
4.0699 0.46487 99.6996
3.9856 0.46487 99.6996
3.9013 0.549171 99.6996
3.817 0.549171 99.6996
3.7327 0.633471 99.6996
3.6484 0.633471 99.6996
3.5641 0.717772 99.6996
3.4798 0.802071 99.6996
3.3955 0.886372 99.6996
3.3112 0.970671 99.6996
3.2269 1.05497 99.6996
3.2269 1.13927 99.6996
3.1426 1.22357 99.6996
3.1426 1.30787 99.6996
3.0583 1.39217 99.6996
3.0583 1.47647 99.6996
2.974 1.56077 99.6996
2.974 1.64507 99.6996
2.974 1.72937 99.6996
2.974 1.81367 99.6996
2.974 1.89797 99.6996
2.974 1.98227 99.6996
2.974 2.06657 99.6996
2.974 2.15087 99.6996
2.974 2.23517 99.6996
2.974 2.31947 99.6996
2.974 2.40377 99.6996
3.0583 2.48807 99.6996
3.0583 2.57237 99.6996
3.1426 2.65667 99.6996
3.1426 2.74097 99.6996
3.2269 2.82527 99.6996
3.3112 2.90957 99.6996
3.3955 2.99387 99.6996
3.4798 2.99387 99.6996
3.5641 3.07817 99.6996
3.6484 3.07817 99.6996
3.7327 3.16247 99.6996
3.7327 3.16247 99.8996
3.817 3.16247 99.8996
3.9013 3.16247 99.8996
3.9856 3.16247 99.8996
4.0699 3.16247 99.8996
4.1542 3.07817 99.8996
4.2385 2.99387 99.8996
4.2385 2.90957 99.8996
4.3228 2.82527 99.8996
4.4071 2.74097 99.8996
4.4071 2.65667 99.8996
4.4914 2.57237 99.8996
4.4914 2.48807 99.8996
4.5757 2.40377 99.8996
4.5757 2.31947 99.8996
4.66 2.23517 99.8996
4.66 2.15087 99.8996
4.7443 2.06657 99.8996
4.7443 1.98227 99.8996
4.7443 1.89797 99.8996
4.8286 1.81367 99.8996
4.8286 1.72937 99.8996
4.8286 1.64507 99.8996
4.8286 1.56077 99.8996
4.9129 1.47647 99.8996
4.9129 1.39217 99.8996
4.9129 1.30787 99.8996
4.9129 1.22357 99.8996
4.9129 1.13927 99.8996
4.9129 1.05497 99.8996
4.9129 0.970671 99.8996
4.9129 0.886372 99.8996
4.9129 0.802071 99.8996
4.9129 0.717772 99.8996
4.9129 0.633471 99.8996
4.9972 0.549171 99.8996
4.9129 0.46487 99.8996
4.8286 0.46487 99.8996
4.7443 0.46487 99.8996
4.66 0.46487 99.8996
4.5757 0.46487 99.8996
4.4914 0.46487 99.8996
4.4071 0.46487 99.8996
4.3228 0.46487 99.8996
4.2385 0.46487 99.8996
4.1542 0.46487 99.8996
4.0699 0.46487 99.8996
3.9856 0.46487 99.8996
3.9013 0.549171 99.8996
3.817 0.549171 99.8996
3.7327 0.633471 99.8996
3.6484 0.633471 99.8996
3.5641 0.717772 99.8996
3.4798 0.802071 99.8996
3.3955 0.886372 99.8996
3.3112 0.970671 99.8996
3.2269 1.05497 99.8996
3.2269 1.13927 99.8996
3.1426 1.22357 99.8996
3.1426 1.30787 99.8996
3.0583 1.39217 99.8996
3.0583 1.47647 99.8996
2.974 1.56077 99.8996
2.974 1.64507 99.8996
2.974 1.72937 99.8996
2.974 1.81367 99.8996
2.974 1.89797 99.8996
2.974 1.98227 99.8996
2.974 2.06657 99.8996
2.974 2.15087 99.8996
2.974 2.23517 99.8996
2.974 2.31947 99.8996
2.974 2.40377 99.8996
3.0583 2.48807 99.8996
3.0583 2.57237 99.8996
3.1426 2.65667 99.8996
3.1426 2.74097 99.8996
3.2269 2.82527 99.8996
3.3112 2.90957 99.8996
3.3955 2.99387 99.8996
3.4798 2.99387 99.8996
3.5641 3.07817 99.8996
3.6484 3.07817 99.8996
3.7327 3.16247 99.8996
3.817 3.16247 100.1
3.9013 3.16247 100.1
3.9856 3.16247 100.1
4.0699 3.16247 100.1
4.0699 3.07817 100.1
4.1542 2.99387 100.1
4.2385 2.90957 100.1
4.3228 2.82527 100.1
4.4071 2.74097 100.1
4.4071 2.65667 100.1
4.4071 2.57237 100.1
4.4914 2.48807 100.1
4.4914 2.40377 100.1
4.5757 2.31947 100.1
4.5757 2.23517 100.1
4.66 2.15087 100.1
4.7443 2.06657 100.1
4.7443 1.98227 100.1
4.7443 1.89797 100.1
4.8286 1.81367 100.1
4.8286 1.72937 100.1
4.8286 1.64507 100.1
4.8286 1.56077 100.1
4.9129 1.47647 100.1
4.9129 1.39217 100.1
4.9129 1.30787 100.1
4.9129 1.22357 100.1
4.9129 1.13927 100.1
4.9972 1.05497 100.1
4.9972 0.970671 100.1
4.9972 0.886372 100.1
4.9972 0.802071 100.1
4.9972 0.717772 100.1
4.9972 0.633471 100.1
4.9972 0.549171 100.1
4.9129 0.46487 100.1
4.8286 0.46487 100.1
4.7443 0.46487 100.1
4.66 0.46487 100.1
4.5757 0.46487 100.1
4.4914 0.46487 100.1
4.4071 0.46487 100.1
4.3228 0.46487 100.1
4.2385 0.46487 100.1
4.1542 0.46487 100.1
4.0699 0.46487 100.1
3.9856 0.46487 100.1
3.9013 0.549171 100.1
3.817 0.549171 100.1
3.7327 0.633471 100.1
3.6484 0.633471 100.1
3.5641 0.717772 100.1
3.4798 0.802071 100.1
3.3955 0.886372 100.1
3.3955 0.970671 100.1
3.3112 1.05497 100.1
3.3112 1.13927 100.1
3.2269 1.22357 100.1
3.2269 1.30787 100.1
3.1426 1.39217 100.1
3.1426 1.47647 100.1
3.0583 1.56077 100.1
3.0583 1.64507 100.1
3.0583 1.72937 100.1
3.0583 1.81367 100.1
3.0583 1.89797 100.1
3.0583 1.98227 100.1
3.0583 2.06657 100.1
3.0583 2.15087 100.1
3.0583 2.23517 100.1
3.0583 2.31947 100.1
3.0583 2.40377 100.1
3.1426 2.48807 100.1
3.1426 2.57237 100.1
3.2269 2.65667 100.1
3.2269 2.74097 100.1
3.3112 2.82527 100.1
3.3955 2.90957 100.1
3.4798 2.99387 100.1
3.5641 2.99387 100.1
3.6484 3.07817 100.1
3.7327 3.07817 100.1
3.817 3.16247 100.1
3.9013 3.16247 100.3
3.9856 3.16247 100.3
4.0699 3.16247 100.3
4.0699 3.07817 100.3
4.1542 2.99387 100.3
4.2385 2.90957 100.3
4.2385 2.82527 100.3
4.3228 2.74097 100.3
4.4071 2.65667 100.3
4.4071 2.57237 100.3
4.4914 2.48807 100.3
4.4914 2.40377 100.3
4.5757 2.31947 100.3
4.5757 2.23517 100.3
4.66 2.15087 100.3
4.66 2.06657 100.3
4.7443 1.98227 100.3
4.7443 1.89797 100.3
4.8286 1.81367 100.3
4.8286 1.72937 100.3
4.8286 1.64507 100.3
4.9129 1.56077 100.3
4.9129 1.47647 100.3
4.9129 1.39217 100.3
4.9129 1.30787 100.3
4.9972 1.22357 100.3
4.9972 1.13927 100.3
4.9972 1.05497 100.3
5.0815 0.970671 100.3
5.0815 0.886372 100.3
5.0815 0.802071 100.3
5.0815 0.717772 100.3
5.0815 0.633471 100.3
4.9972 0.633471 100.3
4.9129 0.549171 100.3
4.8286 0.549171 100.3
4.7443 0.549171 100.3
4.66 0.549171 100.3
4.5757 0.549171 100.3
4.4914 0.549171 100.3
4.4071 0.549171 100.3
4.3228 0.549171 100.3
4.2385 0.549171 100.3
4.1542 0.549171 100.3
4.0699 0.549171 100.3
3.9856 0.549171 100.3
3.9013 0.633471 100.3
3.817 0.633471 100.3
3.7327 0.717772 100.3
3.6484 0.802071 100.3
3.5641 0.802071 100.3
3.4798 0.886372 100.3
3.3955 0.970671 100.3
3.3112 1.05497 100.3
3.3112 1.13927 100.3
3.2269 1.22357 100.3
3.2269 1.30787 100.3
3.1426 1.39217 100.3
3.1426 1.47647 100.3
3.1426 1.56077 100.3
3.1426 1.64507 100.3
3.1426 1.72937 100.3
3.1426 1.81367 100.3
3.1426 1.89797 100.3
3.1426 1.98227 100.3
3.1426 2.06657 100.3
3.1426 2.15087 100.3
3.1426 2.23517 100.3
3.1426 2.31947 100.3
3.1426 2.40377 100.3
3.2269 2.48807 100.3
3.2269 2.57237 100.3
3.3112 2.65667 100.3
3.3112 2.74097 100.3
3.3955 2.82527 100.3
3.4798 2.90957 100.3
3.5641 2.99387 100.3
3.6484 2.99387 100.3
3.7327 3.07817 100.3
3.817 3.07817 100.3
3.9013 3.16247 100.3
3.9013 3.07817 100.5
3.9856 3.07817 100.5
4.0699 3.07817 100.5
4.1542 2.99387 100.5
4.1542 2.90957 100.5
4.2385 2.82527 100.5
4.3228 2.74097 100.5
4.3228 2.65667 100.5
4.4071 2.57237 100.5
4.4914 2.48807 100.5
4.4914 2.40377 100.5
4.5757 2.31947 100.5
4.5757 2.23517 100.5
4.66 2.15087 100.5
4.66 2.06657 100.5
4.7443 1.98227 100.5
4.7443 1.89797 100.5
4.8286 1.81367 100.5
4.8286 1.72937 100.5
4.9129 1.64507 100.5
4.9129 1.56077 100.5
4.9972 1.47647 100.5
4.9972 1.39217 100.5
4.9972 1.30787 100.5
5.0815 1.22357 100.5
5.0815 1.13927 100.5
5.0815 1.05497 100.5
5.1658 0.970671 100.5
5.1658 0.886372 100.5
5.1658 0.802071 100.5
5.0815 0.802071 100.5
4.9972 0.717772 100.5
4.9129 0.633471 100.5
4.8286 0.633471 100.5
4.7443 0.633471 100.5
4.66 0.633471 100.5
4.5757 0.633471 100.5
4.4914 0.633471 100.5
4.4071 0.633471 100.5
4.3228 0.633471 100.5
4.2385 0.633471 100.5
4.1542 0.633471 100.5
4.0699 0.633471 100.5
3.9856 0.633471 100.5
3.9013 0.633471 100.5
3.817 0.717772 100.5
3.7327 0.717772 100.5
3.6484 0.802071 100.5
3.5641 0.802071 100.5
3.4798 0.886372 100.5
3.3955 0.970671 100.5
3.3112 1.05497 100.5
3.3112 1.13927 100.5
3.2269 1.22357 100.5
3.2269 1.30787 100.5
3.1426 1.39217 100.5
3.1426 1.47647 100.5
3.1426 1.56077 100.5
3.1426 1.64507 100.5
3.1426 1.72937 100.5
3.1426 1.81367 100.5
3.1426 1.89797 100.5
3.1426 1.98227 100.5
3.1426 2.06657 100.5
3.1426 2.15087 100.5
3.1426 2.23517 100.5
3.1426 2.31947 100.5
3.2269 2.40377 100.5
3.2269 2.48807 100.5
3.3112 2.57237 100.5
3.3112 2.65667 100.5
3.3955 2.74097 100.5
3.4798 2.82527 100.5
3.5641 2.90957 100.5
3.6484 2.90957 100.5
3.7327 2.99387 100.5
3.817 2.99387 100.5
3.9013 3.07817 100.5
3.9013 2.99387 100.7
3.9856 2.99387 100.7
4.0699 2.99387 100.7
4.1542 2.99387 100.7
4.1542 2.90957 100.7
4.2385 2.82527 100.7
4.3228 2.74097 100.7
4.3228 2.65667 100.7
4.4071 2.57237 100.7
4.4071 2.48807 100.7
4.4914 2.40377 100.7
4.5757 2.31947 100.7
4.5757 2.23517 100.7
4.66 2.15087 100.7
4.66 2.06657 100.7
4.7443 1.98227 100.7
4.7443 1.89797 100.7
4.8286 1.81367 100.7
4.9129 1.72937 100.7
4.9972 1.64507 100.7
4.9972 1.56077 100.7
5.0815 1.47647 100.7
5.0815 1.39217 100.7
5.1658 1.30787 100.7
5.1658 1.22357 100.7
5.1658 1.13927 100.7
5.2501 1.05497 100.7
5.1658 0.970671 100.7
5.0815 0.886372 100.7
4.9972 0.802071 100.7
4.9129 0.802071 100.7
4.8286 0.717772 100.7
4.7443 0.717772 100.7
4.66 0.717772 100.7
4.5757 0.717772 100.7
4.4914 0.717772 100.7
4.4071 0.717772 100.7
4.3228 0.717772 100.7
4.2385 0.717772 100.7
4.1542 0.717772 100.7
4.0699 0.717772 100.7
3.9856 0.717772 100.7
3.9013 0.717772 100.7
3.817 0.802071 100.7
3.7327 0.802071 100.7
3.6484 0.886372 100.7
3.5641 0.970671 100.7
3.4798 1.05497 100.7
3.3955 1.13927 100.7
3.3112 1.22357 100.7
3.3112 1.30787 100.7
3.2269 1.39217 100.7
3.2269 1.47647 100.7
3.2269 1.56077 100.7
3.2269 1.64507 100.7
3.2269 1.72937 100.7
3.2269 1.81367 100.7
3.2269 1.89797 100.7
3.2269 1.98227 100.7
3.2269 2.06657 100.7
3.2269 2.15087 100.7
3.2269 2.23517 100.7
3.2269 2.31947 100.7
3.3112 2.40377 100.7
3.3112 2.48807 100.7
3.3955 2.57237 100.7
3.4798 2.65667 100.7
3.5641 2.74097 100.7
3.6484 2.82527 100.7
3.7327 2.90957 100.7
3.817 2.90957 100.7
3.9013 2.99387 100.7
3.9013 2.90957 100.9
3.9856 2.90957 100.9
4.0699 2.90957 100.9
4.1542 2.90957 100.9
4.2385 2.82527 100.9
4.3228 2.74097 100.9
4.3228 2.65667 100.9
4.4071 2.57237 100.9
4.4071 2.48807 100.9
4.4914 2.40377 100.9
4.4914 2.31947 100.9
4.5757 2.23517 100.9
4.66 2.15087 100.9
4.66 2.06657 100.9
4.7443 1.98227 100.9
4.8286 1.89797 100.9
4.9129 1.81367 100.9
4.9972 1.72937 100.9
5.0815 1.64507 100.9
5.1658 1.56077 100.9
5.1658 1.47647 100.9
5.2501 1.39217 100.9
5.2501 1.30787 100.9
5.2501 1.22357 100.9
5.1658 1.13927 100.9
5.0815 1.05497 100.9
4.9972 0.970671 100.9
4.9129 0.886372 100.9
4.8286 0.802071 100.9
4.7443 0.802071 100.9
4.66 0.802071 100.9
4.5757 0.802071 100.9
4.4914 0.802071 100.9
4.4071 0.802071 100.9
4.3228 0.802071 100.9
4.2385 0.802071 100.9
4.1542 0.802071 100.9
4.0699 0.802071 100.9
3.9856 0.802071 100.9
3.9013 0.802071 100.9
3.817 0.886372 100.9
3.7327 0.970671 100.9
3.6484 1.05497 100.9
3.5641 1.13927 100.9
3.4798 1.22357 100.9
3.3955 1.30787 100.9
3.3112 1.39217 100.9
3.3112 1.47647 100.9
3.3112 1.56077 100.9
3.3112 1.64507 100.9
3.3112 1.72937 100.9
3.3112 1.81367 100.9
3.3112 1.89797 100.9
3.3112 1.98227 100.9
3.3112 2.06657 100.9
3.3112 2.15087 100.9
3.3112 2.23517 100.9
3.3112 2.31947 100.9
3.3955 2.40377 100.9
3.4798 2.48807 100.9
3.5641 2.57237 100.9
3.6484 2.65667 100.9
3.7327 2.74097 100.9
3.817 2.82527 100.9
3.9013 2.90957 100.9
4.0699 2.48807 101.1
4.1542 2.48807 101.1
4.2385 2.48807 101.1
4.3228 2.48807 101.1
4.4071 2.48807 101.1
4.4914 2.40377 101.1
4.4914 2.31947 101.1
4.5757 2.23517 101.1
4.5757 2.15087 101.1
4.66 2.06657 101.1
4.7443 1.98227 101.1
4.7443 1.89797 101.1
4.8286 1.81367 101.1
4.9129 1.72937 101.1
4.9972 1.64507 101.1
4.9972 1.56077 101.1
4.9129 1.47647 101.1
4.8286 1.39217 101.1
4.7443 1.30787 101.1
4.66 1.22357 101.1
4.5757 1.22357 101.1
4.4914 1.22357 101.1
4.4071 1.22357 101.1
4.3228 1.22357 101.1
4.2385 1.22357 101.1
4.1542 1.22357 101.1
4.0699 1.22357 101.1
3.9856 1.30787 101.1
3.9013 1.39217 101.1
3.817 1.47647 101.1
3.7327 1.56077 101.1
3.7327 1.64507 101.1
3.7327 1.72937 101.1
3.7327 1.81367 101.1
3.7327 1.89797 101.1
3.7327 1.98227 101.1
3.7327 2.06657 101.1
3.7327 2.15087 101.1
3.817 2.23517 101.1
3.9013 2.31947 101.1
3.9856 2.40377 101.1
4.0699 2.48807 101.1
4.2385 2.06657 101.3
4.3228 2.06657 101.3
4.4071 2.06657 101.3
4.4914 1.98227 101.3
4.5757 1.89797 101.3
4.5757 1.81367 101.3
4.5757 1.72937 101.3
4.4914 1.64507 101.3
4.4071 1.64507 101.3
4.3228 1.64507 101.3
4.2385 1.64507 101.3
4.1542 1.72937 101.3
4.1542 1.81367 101.3
4.1542 1.89797 101.3
4.1542 1.98227 101.3
4.2385 2.06657 101.3
