# Output from PinnacleROI.cpp
# First line is number of curves
# Second line is space-separated number of points in each curve
# Remainder are the points themselves
25
67 101 133 131 134 136 134 132 135 126 122 116 114 110 104 99 95 93 92 87 86 81 73 65 59 
2.3839 2.90957 96.6997
2.3839 2.82527 96.6997
2.3839 2.74097 96.6997
2.3839 2.65667 96.6997
2.3839 2.57237 96.6997
2.2996 2.48807 96.6997
2.2996 2.40377 96.6997
2.2996 2.31947 96.6997
2.2996 2.23517 96.6997
2.2996 2.15087 96.6997
2.2996 2.06657 96.6997
2.2996 1.98227 96.6997
2.2996 1.89797 96.6997
2.2996 1.81367 96.6997
2.2996 1.72937 96.6997
2.2996 1.64507 96.6997
2.2996 1.56077 96.6997
2.2996 1.47647 96.6997
2.2996 1.39217 96.6997
2.2996 1.30787 96.6997
2.2996 1.22357 96.6997
2.2996 1.13927 96.6997
2.3839 1.05497 96.6997
2.3839 0.970671 96.6997
2.3839 0.886372 96.6997
2.4682 0.802071 96.6997
2.4682 0.717772 96.6997
2.5525 0.633471 96.6997
2.6368 0.549171 96.6997
2.7211 0.46487 96.6997
2.8054 0.380571 96.6997
2.8897 0.29627 96.6997
2.974 0.211971 96.6997
3.0583 0.12767 96.6997
2.974 0.211971 96.6997
2.8897 0.29627 96.6997
2.8054 0.380571 96.6997
2.7211 0.46487 96.6997
2.6368 0.549171 96.6997
2.5525 0.633471 96.6997
2.4682 0.717772 96.6997
2.4682 0.802071 96.6997
2.3839 0.886372 96.6997
2.3839 0.970671 96.6997
2.2996 1.05497 96.6997
2.2996 1.13927 96.6997
2.2996 1.22357 96.6997
2.2153 1.30787 96.6997
2.2153 1.39217 96.6997
2.2153 1.47647 96.6997
2.2153 1.56077 96.6997
2.2153 1.64507 96.6997
2.2153 1.72937 96.6997
2.2153 1.81367 96.6997
2.2153 1.89797 96.6997
2.2153 1.98227 96.6997
2.2153 2.06657 96.6997
2.2153 2.15087 96.6997
2.2153 2.23517 96.6997
2.2153 2.31947 96.6997
2.2153 2.40377 96.6997
2.2153 2.48807 96.6997
2.2996 2.57237 96.6997
2.2996 2.65667 96.6997
2.2996 2.74097 96.6997
2.3839 2.82527 96.6997
2.3839 2.90957 96.6997
2.7211 3.41537 96.8997
2.6368 3.33107 96.8997
2.5525 3.24677 96.8997
2.5525 3.16247 96.8997
2.5525 3.07817 96.8997
2.5525 2.99387 96.8997
2.5525 2.90957 96.8997
2.5525 2.82527 96.8997
2.4682 2.74097 96.8997
2.4682 2.65667 96.8997
2.4682 2.57237 96.8997
2.3839 2.48807 96.8997
2.3839 2.40377 96.8997
2.3839 2.31947 96.8997
2.3839 2.23517 96.8997
2.3839 2.15087 96.8997
2.3839 2.06657 96.8997
2.3839 1.98227 96.8997
2.3839 1.89797 96.8997
2.3839 1.81367 96.8997
2.3839 1.72937 96.8997
2.3839 1.64507 96.8997
2.3839 1.56077 96.8997
2.3839 1.47647 96.8997
2.3839 1.39217 96.8997
2.3839 1.30787 96.8997
2.3839 1.22357 96.8997
2.3839 1.13927 96.8997
2.4682 1.05497 96.8997
2.4682 0.970671 96.8997
2.4682 0.886372 96.8997
2.5525 0.802071 96.8997
2.6368 0.717772 96.8997
2.7211 0.633471 96.8997
2.8054 0.549171 96.8997
2.8897 0.46487 96.8997
2.974 0.380571 96.8997
3.0583 0.29627 96.8997
3.1426 0.211971 96.8997
3.2269 0.12767 96.8997
3.3112 0.0433712 96.8997
3.3955 -0.0409298 96.8997
3.4798 -0.0409298 96.8997
3.5641 -0.0409298 96.8997
3.6484 -0.125229 96.8997
3.7327 -0.125229 96.8997
3.817 -0.20953 96.8997
3.9013 -0.20953 96.8997
3.9856 -0.20953 96.8997
3.9013 -0.20953 96.8997
3.817 -0.20953 96.8997
3.7327 -0.20953 96.8997
3.6484 -0.20953 96.8997
3.5641 -0.125229 96.8997
3.4798 -0.125229 96.8997
3.3955 -0.125229 96.8997
3.3112 -0.0409298 96.8997
3.2269 -0.0409298 96.8997
3.1426 0.0433712 96.8997
3.0583 0.0433712 96.8997
2.974 0.12767 96.8997
2.8897 0.12767 96.8997
2.8054 0.211971 96.8997
2.7211 0.29627 96.8997
2.6368 0.380571 96.8997
2.5525 0.46487 96.8997
2.4682 0.549171 96.8997
2.4682 0.633471 96.8997
2.3839 0.717772 96.8997
2.3839 0.802071 96.8997
2.2996 0.886372 96.8997
2.2996 0.970671 96.8997
2.2996 1.05497 96.8997
2.2153 1.13927 96.8997
2.2153 1.22357 96.8997
2.2153 1.30787 96.8997
2.2153 1.39217 96.8997
2.2153 1.47647 96.8997
2.2153 1.56077 96.8997
2.2153 1.64507 96.8997
2.2153 1.72937 96.8997
2.2153 1.81367 96.8997
2.2153 1.89797 96.8997
2.2153 1.98227 96.8997
2.2153 2.06657 96.8997
2.2153 2.15087 96.8997
2.2153 2.23517 96.8997
2.2153 2.31947 96.8997
2.2153 2.40377 96.8997
2.2153 2.48807 96.8997
2.2153 2.57237 96.8997
2.2153 2.65667 96.8997
2.2996 2.74097 96.8997
2.2996 2.82527 96.8997
2.3839 2.90957 96.8997
2.3839 2.99387 96.8997
2.4682 3.07817 96.8997
2.4682 3.16247 96.8997
2.5525 3.24677 96.8997
2.6368 3.33107 96.8997
2.7211 3.41537 96.8997
3.2269 3.83687 97.0996
3.1426 3.75257 97.0996
3.0583 3.66827 97.0996
2.974 3.58397 97.0996
2.8897 3.49967 97.0996
2.8054 3.41537 97.0996
2.8054 3.33107 97.0996
2.7211 3.24677 97.0996
2.7211 3.16247 97.0996
2.7211 3.07817 97.0996
2.7211 2.99387 97.0996
2.6368 2.90957 97.0996
2.6368 2.82527 97.0996
2.6368 2.74097 97.0996
2.5525 2.65667 97.0996
2.5525 2.57237 97.0996
2.5525 2.48807 97.0996
2.5525 2.40377 97.0996
2.5525 2.31947 97.0996
2.5525 2.23517 97.0996
2.5525 2.15087 97.0996
2.5525 2.06657 97.0996
2.5525 1.98227 97.0996
2.5525 1.89797 97.0996
2.5525 1.81367 97.0996
2.5525 1.72937 97.0996
2.5525 1.64507 97.0996
2.5525 1.56077 97.0996
2.5525 1.47647 97.0996
2.5525 1.39217 97.0996
2.5525 1.30787 97.0996
2.5525 1.22357 97.0996
2.5525 1.13927 97.0996
2.5525 1.05497 97.0996
2.5525 0.970671 97.0996
2.6368 0.886372 97.0996
2.7211 0.802071 97.0996
2.8054 0.717772 97.0996
2.8897 0.633471 97.0996
2.974 0.549171 97.0996
3.0583 0.46487 97.0996
3.1426 0.380571 97.0996
3.2269 0.29627 97.0996
3.3112 0.211971 97.0996
3.3955 0.12767 97.0996
3.4798 0.0433712 97.0996
3.5641 0.0433712 97.0996
3.6484 0.0433712 97.0996
3.7327 0.0433712 97.0996
3.817 -0.0409298 97.0996
3.9013 -0.125229 97.0996
3.9856 -0.125229 97.0996
4.0699 -0.125229 97.0996
4.1542 -0.125229 97.0996
4.2385 -0.125229 97.0996
4.3228 -0.125229 97.0996
4.4071 -0.125229 97.0996
4.4914 -0.125229 97.0996
4.5757 -0.125229 97.0996
4.66 -0.125229 97.0996
4.7443 -0.125229 97.0996
4.8286 -0.125229 97.0996
4.8286 -0.20953 97.0996
4.7443 -0.20953 97.0996
4.66 -0.20953 97.0996
4.5757 -0.20953 97.0996
4.4914 -0.20953 97.0996
4.4071 -0.20953 97.0996
4.3228 -0.20953 97.0996
4.2385 -0.20953 97.0996
4.1542 -0.20953 97.0996
4.0699 -0.20953 97.0996
3.9856 -0.20953 97.0996
3.9013 -0.20953 97.0996
3.817 -0.20953 97.0996
3.7327 -0.20953 97.0996
3.6484 -0.20953 97.0996
3.5641 -0.20953 97.0996
3.4798 -0.20953 97.0996
3.3955 -0.125229 97.0996
3.3112 -0.125229 97.0996
3.2269 -0.0409298 97.0996
3.1426 -0.0409298 97.0996
3.0583 0.0433712 97.0996
2.974 0.0433712 97.0996
2.8897 0.12767 97.0996
2.8054 0.12767 97.0996
2.7211 0.211971 97.0996
2.6368 0.29627 97.0996
2.5525 0.380571 97.0996
2.4682 0.46487 97.0996
2.4682 0.549171 97.0996
2.3839 0.633471 97.0996
2.3839 0.717772 97.0996
2.2996 0.802071 97.0996
2.2996 0.886372 97.0996
2.2153 0.970671 97.0996
2.2153 1.05497 97.0996
2.2153 1.13927 97.0996
2.2153 1.22357 97.0996
2.2153 1.30787 97.0996
2.2153 1.39217 97.0996
2.2153 1.47647 97.0996
2.2153 1.56077 97.0996
2.2153 1.64507 97.0996
2.2153 1.72937 97.0996
2.2153 1.81367 97.0996
2.2153 1.89797 97.0996
2.2153 1.98227 97.0996
2.2153 2.06657 97.0996
2.2153 2.15087 97.0996
2.2153 2.23517 97.0996
2.2153 2.31947 97.0996
2.2153 2.40377 97.0996
2.2153 2.48807 97.0996
2.2153 2.57237 97.0996
2.2153 2.65667 97.0996
2.2153 2.74097 97.0996
2.2996 2.82527 97.0996
2.2996 2.90957 97.0996
2.3839 2.99387 97.0996
2.3839 3.07817 97.0996
2.4682 3.16247 97.0996
2.4682 3.24677 97.0996
2.5525 3.33107 97.0996
2.6368 3.41537 97.0996
2.7211 3.49967 97.0996
2.8054 3.58397 97.0996
2.8897 3.66827 97.0996
2.974 3.66827 97.0996
3.0583 3.75257 97.0996
3.1426 3.75257 97.0996
3.2269 3.83687 97.0996
3.2269 3.83687 97.2996
3.3112 3.83687 97.2996
3.3955 3.75257 97.2996
3.3955 3.66827 97.2996
3.3112 3.58397 97.2996
3.2269 3.49967 97.2996
3.1426 3.41537 97.2996
3.0583 3.33107 97.2996
3.0583 3.24677 97.2996
2.974 3.16247 97.2996
2.974 3.07817 97.2996
2.8897 2.99387 97.2996
2.8897 2.90957 97.2996
2.8897 2.82527 97.2996
2.8897 2.74097 97.2996
2.8054 2.65667 97.2996
2.8054 2.57237 97.2996
2.8054 2.48807 97.2996
2.7211 2.40377 97.2996
2.7211 2.31947 97.2996
2.7211 2.23517 97.2996
2.7211 2.15087 97.2996
2.7211 2.06657 97.2996
2.7211 1.98227 97.2996
2.7211 1.89797 97.2996
2.7211 1.81367 97.2996
2.7211 1.72937 97.2996
2.7211 1.64507 97.2996
2.7211 1.56077 97.2996
2.7211 1.47647 97.2996
2.7211 1.39217 97.2996
2.7211 1.30787 97.2996
2.7211 1.22357 97.2996
2.8054 1.13927 97.2996
2.8054 1.05497 97.2996
2.8897 0.970671 97.2996
2.974 0.886372 97.2996
3.0583 0.802071 97.2996
3.1426 0.717772 97.2996
3.2269 0.633471 97.2996
3.3112 0.549171 97.2996
3.3955 0.46487 97.2996
3.4798 0.380571 97.2996
3.5641 0.29627 97.2996
3.6484 0.29627 97.2996
3.7327 0.211971 97.2996
3.817 0.211971 97.2996
3.9013 0.211971 97.2996
3.9856 0.12767 97.2996
4.0699 0.12767 97.2996
4.1542 0.0433712 97.2996
4.2385 0.0433712 97.2996
4.3228 0.0433712 97.2996
4.4071 0.0433712 97.2996
4.4914 0.0433712 97.2996
4.5757 0.0433712 97.2996
4.66 0.0433712 97.2996
4.7443 0.0433712 97.2996
4.7443 -0.0409298 97.2996
4.7443 -0.125229 97.2996
4.7443 -0.20953 97.2996
4.7443 -0.293829 97.2996
4.66 -0.293829 97.2996
4.5757 -0.293829 97.2996
4.4914 -0.293829 97.2996
4.4071 -0.293829 97.2996
4.3228 -0.293829 97.2996
4.2385 -0.293829 97.2996
4.1542 -0.293829 97.2996
4.0699 -0.293829 97.2996
3.9856 -0.293829 97.2996
3.9013 -0.293829 97.2996
3.817 -0.293829 97.2996
3.7327 -0.293829 97.2996
3.6484 -0.293829 97.2996
3.5641 -0.20953 97.2996
3.4798 -0.20953 97.2996
3.3955 -0.20953 97.2996
3.3112 -0.125229 97.2996
3.2269 -0.125229 97.2996
3.1426 -0.0409298 97.2996
3.0583 -0.0409298 97.2996
2.974 0.0433712 97.2996
2.8897 0.12767 97.2996
2.8054 0.12767 97.2996
2.7211 0.211971 97.2996
2.6368 0.29627 97.2996
2.5525 0.380571 97.2996
2.4682 0.46487 97.2996
2.4682 0.549171 97.2996
2.3839 0.633471 97.2996
2.3839 0.717772 97.2996
2.2996 0.802071 97.2996
2.2996 0.886372 97.2996
2.2153 0.970671 97.2996
2.2153 1.05497 97.2996
2.2153 1.13927 97.2996
2.2153 1.22357 97.2996
2.2153 1.30787 97.2996
2.2153 1.39217 97.2996
2.2153 1.47647 97.2996
2.2153 1.56077 97.2996
2.2153 1.64507 97.2996
2.2153 1.72937 97.2996
2.2153 1.81367 97.2996
2.2153 1.89797 97.2996
2.2153 1.98227 97.2996
2.2153 2.06657 97.2996
2.2153 2.15087 97.2996
2.2153 2.23517 97.2996
2.2153 2.31947 97.2996
2.2153 2.40377 97.2996
2.2153 2.48807 97.2996
2.2153 2.57237 97.2996
2.2153 2.65667 97.2996
2.2153 2.74097 97.2996
2.2996 2.82527 97.2996
2.2996 2.90957 97.2996
2.3839 2.99387 97.2996
2.3839 3.07817 97.2996
2.4682 3.16247 97.2996
2.4682 3.24677 97.2996
2.5525 3.33107 97.2996
2.6368 3.41537 97.2996
2.7211 3.49967 97.2996
2.8054 3.58397 97.2996
2.8897 3.66827 97.2996
2.974 3.66827 97.2996
3.0583 3.75257 97.2996
3.1426 3.75257 97.2996
3.2269 3.83687 97.2996
3.2269 3.83687 97.4996
3.3112 3.75257 97.4996
3.3955 3.75257 97.4996
3.4798 3.66827 97.4996
3.5641 3.58397 97.4996
3.6484 3.49967 97.4996
3.5641 3.41537 97.4996
3.4798 3.33107 97.4996
3.3955 3.24677 97.4996
3.3112 3.16247 97.4996
3.3112 3.07817 97.4996
3.2269 2.99387 97.4996
3.2269 2.90957 97.4996
3.1426 2.82527 97.4996
3.0583 2.74097 97.4996
3.0583 2.65667 97.4996
2.974 2.57237 97.4996
2.974 2.48807 97.4996
2.8897 2.40377 97.4996
2.8897 2.31947 97.4996
2.8897 2.23517 97.4996
2.8897 2.15087 97.4996
2.8897 2.06657 97.4996
2.8897 1.98227 97.4996
2.8897 1.89797 97.4996
2.8897 1.81367 97.4996
2.8897 1.72937 97.4996
2.8897 1.64507 97.4996
2.8897 1.56077 97.4996
2.8897 1.47647 97.4996
2.8897 1.39217 97.4996
2.8897 1.30787 97.4996
2.974 1.22357 97.4996
2.974 1.13927 97.4996
3.0583 1.05497 97.4996
3.0583 0.970671 97.4996
3.1426 0.886372 97.4996
3.2269 0.802071 97.4996
3.3112 0.717772 97.4996
3.3955 0.717772 97.4996
3.4798 0.633471 97.4996
3.5641 0.633471 97.4996
3.6484 0.549171 97.4996
3.7327 0.549171 97.4996
3.817 0.46487 97.4996
3.9013 0.46487 97.4996
3.9856 0.46487 97.4996
4.0699 0.46487 97.4996
4.1542 0.46487 97.4996
4.2385 0.46487 97.4996
4.3228 0.46487 97.4996
4.4071 0.46487 97.4996
4.4914 0.46487 97.4996
4.5757 0.46487 97.4996
4.66 0.46487 97.4996
4.7443 0.46487 97.4996
4.8286 0.46487 97.4996
4.8286 0.380571 97.4996
4.7443 0.29627 97.4996
4.7443 0.211971 97.4996
4.66 0.12767 97.4996
4.66 0.0433712 97.4996
4.66 -0.0409298 97.4996
4.66 -0.125229 97.4996
4.66 -0.20953 97.4996
4.66 -0.293829 97.4996
4.5757 -0.293829 97.4996
4.4914 -0.293829 97.4996
4.4071 -0.293829 97.4996
4.3228 -0.293829 97.4996
4.2385 -0.293829 97.4996
4.1542 -0.293829 97.4996
4.0699 -0.293829 97.4996
3.9856 -0.293829 97.4996
3.9013 -0.293829 97.4996
3.817 -0.293829 97.4996
3.7327 -0.293829 97.4996
3.6484 -0.293829 97.4996
3.5641 -0.293829 97.4996
3.4798 -0.293829 97.4996
3.3955 -0.20953 97.4996
3.3112 -0.20953 97.4996
3.2269 -0.125229 97.4996
3.1426 -0.125229 97.4996
3.0583 -0.0409298 97.4996
2.974 -0.0409298 97.4996
2.8897 0.0433712 97.4996
2.8054 0.12767 97.4996
2.7211 0.211971 97.4996
2.6368 0.29627 97.4996
2.5525 0.380571 97.4996
2.4682 0.46487 97.4996
2.4682 0.549171 97.4996
2.3839 0.633471 97.4996
2.3839 0.717772 97.4996
2.2996 0.802071 97.4996
2.2996 0.886372 97.4996
2.2153 0.970671 97.4996
2.2153 1.05497 97.4996
2.2153 1.13927 97.4996
2.2153 1.22357 97.4996
2.2153 1.30787 97.4996
2.2153 1.39217 97.4996
2.2153 1.47647 97.4996
2.2153 1.56077 97.4996
2.2153 1.64507 97.4996
2.2153 1.72937 97.4996
2.2153 1.81367 97.4996
2.2153 1.89797 97.4996
2.2153 1.98227 97.4996
2.2153 2.06657 97.4996
2.2153 2.15087 97.4996
2.2153 2.23517 97.4996
2.2153 2.31947 97.4996
2.2153 2.40377 97.4996
2.2153 2.48807 97.4996
2.2153 2.57237 97.4996
2.2153 2.65667 97.4996
2.2153 2.74097 97.4996
2.2996 2.82527 97.4996
2.2996 2.90957 97.4996
2.3839 2.99387 97.4996
2.3839 3.07817 97.4996
2.4682 3.16247 97.4996
2.4682 3.24677 97.4996
2.5525 3.33107 97.4996
2.6368 3.41537 97.4996
2.7211 3.49967 97.4996
2.8054 3.58397 97.4996
2.8897 3.66827 97.4996
2.974 3.66827 97.4996
3.0583 3.75257 97.4996
3.1426 3.75257 97.4996
3.2269 3.83687 97.4996
3.2269 3.83687 97.6996
3.3112 3.75257 97.6996
3.3955 3.66827 97.6996
3.4798 3.58397 97.6996
3.5641 3.49967 97.6996
3.6484 3.41537 97.6996
3.7327 3.33107 97.6996
3.817 3.24677 97.6996
3.7327 3.24677 97.6996
3.6484 3.16247 97.6996
3.5641 3.16247 97.6996
3.4798 3.07817 97.6996
3.3955 3.07817 97.6996
3.3112 2.99387 97.6996
3.2269 2.90957 97.6996
3.1426 2.82527 97.6996
3.0583 2.74097 97.6996
3.0583 2.65667 97.6996
2.974 2.57237 97.6996
2.974 2.48807 97.6996
2.8897 2.40377 97.6996
2.8897 2.31947 97.6996
2.8897 2.23517 97.6996
2.8897 2.15087 97.6996
2.8897 2.06657 97.6996
2.8897 1.98227 97.6996
2.8897 1.89797 97.6996
2.8897 1.81367 97.6996
2.8897 1.72937 97.6996
2.8897 1.64507 97.6996
2.8897 1.56077 97.6996
2.8897 1.47647 97.6996
2.8897 1.39217 97.6996
2.8897 1.30787 97.6996
2.974 1.22357 97.6996
2.974 1.13927 97.6996
3.0583 1.05497 97.6996
3.0583 0.970671 97.6996
3.1426 0.886372 97.6996
3.2269 0.802071 97.6996
3.3112 0.717772 97.6996
3.3955 0.633471 97.6996
3.4798 0.549171 97.6996
3.5641 0.549171 97.6996
3.6484 0.46487 97.6996
3.7327 0.46487 97.6996
3.817 0.380571 97.6996
3.9013 0.380571 97.6996
3.9856 0.380571 97.6996
4.0699 0.380571 97.6996
4.1542 0.380571 97.6996
4.2385 0.380571 97.6996
4.3228 0.380571 97.6996
4.4071 0.380571 97.6996
4.4914 0.380571 97.6996
4.5757 0.380571 97.6996
4.66 0.380571 97.6996
4.7443 0.46487 97.6996
4.8286 0.46487 97.6996
4.7443 0.380571 97.6996
4.7443 0.29627 97.6996
4.66 0.211971 97.6996
4.66 0.12767 97.6996
4.66 0.0433712 97.6996
4.66 -0.0409298 97.6996
4.66 -0.125229 97.6996
4.66 -0.20953 97.6996
4.66 -0.293829 97.6996
4.5757 -0.293829 97.6996
4.4914 -0.293829 97.6996
4.4071 -0.293829 97.6996
4.3228 -0.293829 97.6996
4.2385 -0.293829 97.6996
4.1542 -0.293829 97.6996
4.0699 -0.293829 97.6996
3.9856 -0.293829 97.6996
3.9013 -0.293829 97.6996
3.817 -0.293829 97.6996
3.7327 -0.293829 97.6996
3.6484 -0.293829 97.6996
3.5641 -0.293829 97.6996
3.4798 -0.293829 97.6996
3.3955 -0.20953 97.6996
3.3112 -0.20953 97.6996
3.2269 -0.125229 97.6996
3.1426 -0.125229 97.6996
3.0583 -0.0409298 97.6996
2.974 -0.0409298 97.6996
2.8897 0.0433712 97.6996
2.8054 0.12767 97.6996
2.7211 0.211971 97.6996
2.6368 0.29627 97.6996
2.5525 0.380571 97.6996
2.4682 0.46487 97.6996
2.4682 0.549171 97.6996
2.3839 0.633471 97.6996
2.3839 0.717772 97.6996
2.2996 0.802071 97.6996
2.2996 0.886372 97.6996
2.2153 0.970671 97.6996
2.2153 1.05497 97.6996
2.2153 1.13927 97.6996
2.2153 1.22357 97.6996
2.2153 1.30787 97.6996
2.2153 1.39217 97.6996
2.2153 1.47647 97.6996
2.2153 1.56077 97.6996
2.2153 1.64507 97.6996
2.2153 1.72937 97.6996
2.2153 1.81367 97.6996
2.2153 1.89797 97.6996
2.2153 1.98227 97.6996
2.2153 2.06657 97.6996
2.2153 2.15087 97.6996
2.2153 2.23517 97.6996
2.2153 2.31947 97.6996
2.2153 2.40377 97.6996
2.2153 2.48807 97.6996
2.2153 2.57237 97.6996
2.2153 2.65667 97.6996
2.2153 2.74097 97.6996
2.2996 2.82527 97.6996
2.2996 2.90957 97.6996
2.3839 2.99387 97.6996
2.3839 3.07817 97.6996
2.4682 3.16247 97.6996
2.4682 3.24677 97.6996
2.5525 3.33107 97.6996
2.6368 3.41537 97.6996
2.7211 3.49967 97.6996
2.8054 3.58397 97.6996
2.8897 3.66827 97.6996
2.974 3.66827 97.6996
3.0583 3.75257 97.6996
3.1426 3.75257 97.6996
3.2269 3.83687 97.6996
3.2269 3.83687 97.8996
3.3112 3.75257 97.8996
3.3955 3.66827 97.8996
3.3955 3.58397 97.8996
3.4798 3.49967 97.8996
3.5641 3.41537 97.8996
3.6484 3.33107 97.8996
3.7327 3.24677 97.8996
3.6484 3.16247 97.8996
3.5641 3.16247 97.8996
3.4798 3.07817 97.8996
3.3955 3.07817 97.8996
3.3112 2.99387 97.8996
3.2269 2.90957 97.8996
3.1426 2.82527 97.8996
3.0583 2.74097 97.8996
3.0583 2.65667 97.8996
2.974 2.57237 97.8996
2.974 2.48807 97.8996
2.8897 2.40377 97.8996
2.8897 2.31947 97.8996
2.8897 2.23517 97.8996
2.8897 2.15087 97.8996
2.8897 2.06657 97.8996
2.8897 1.98227 97.8996
2.8897 1.89797 97.8996
2.8897 1.81367 97.8996
2.8897 1.72937 97.8996
2.8897 1.64507 97.8996
2.8897 1.56077 97.8996
2.8897 1.47647 97.8996
2.8897 1.39217 97.8996
2.8897 1.30787 97.8996
2.974 1.22357 97.8996
2.974 1.13927 97.8996
3.0583 1.05497 97.8996
3.0583 0.970671 97.8996
3.1426 0.886372 97.8996
3.2269 0.802071 97.8996
3.3112 0.717772 97.8996
3.3955 0.633471 97.8996
3.4798 0.549171 97.8996
3.5641 0.549171 97.8996
3.6484 0.46487 97.8996
3.7327 0.46487 97.8996
3.817 0.380571 97.8996
3.9013 0.380571 97.8996
3.9856 0.380571 97.8996
4.0699 0.380571 97.8996
4.1542 0.380571 97.8996
4.2385 0.380571 97.8996
4.3228 0.380571 97.8996
4.4071 0.380571 97.8996
4.4914 0.380571 97.8996
4.5757 0.380571 97.8996
4.66 0.380571 97.8996
4.7443 0.380571 97.8996
4.8286 0.46487 97.8996
4.7443 0.380571 97.8996
4.7443 0.29627 97.8996
4.66 0.211971 97.8996
4.66 0.12767 97.8996
4.5757 0.0433712 97.8996
4.5757 -0.0409298 97.8996
4.5757 -0.125229 97.8996
4.5757 -0.20953 97.8996
4.5757 -0.293829 97.8996
4.4914 -0.293829 97.8996
4.4071 -0.293829 97.8996
4.3228 -0.293829 97.8996
4.2385 -0.293829 97.8996
4.1542 -0.293829 97.8996
4.0699 -0.293829 97.8996
3.9856 -0.293829 97.8996
3.9013 -0.293829 97.8996
3.817 -0.293829 97.8996
3.7327 -0.293829 97.8996
3.6484 -0.293829 97.8996
3.5641 -0.293829 97.8996
3.4798 -0.293829 97.8996
3.3955 -0.20953 97.8996
3.3112 -0.20953 97.8996
3.2269 -0.125229 97.8996
3.1426 -0.125229 97.8996
3.0583 -0.0409298 97.8996
2.974 -0.0409298 97.8996
2.8897 0.0433712 97.8996
2.8054 0.12767 97.8996
2.7211 0.211971 97.8996
2.6368 0.29627 97.8996
2.5525 0.380571 97.8996
2.4682 0.46487 97.8996
2.4682 0.549171 97.8996
2.3839 0.633471 97.8996
2.3839 0.717772 97.8996
2.2996 0.802071 97.8996
2.2996 0.886372 97.8996
2.2153 0.970671 97.8996
2.2153 1.05497 97.8996
2.2153 1.13927 97.8996
2.2153 1.22357 97.8996
2.131 1.30787 97.8996
2.131 1.39217 97.8996
2.131 1.47647 97.8996
2.131 1.56077 97.8996
2.131 1.64507 97.8996
2.131 1.72937 97.8996
2.131 1.81367 97.8996
2.131 1.89797 97.8996
2.131 1.98227 97.8996
2.131 2.06657 97.8996
2.131 2.15087 97.8996
2.131 2.23517 97.8996
2.131 2.31947 97.8996
2.2153 2.40377 97.8996
2.2153 2.48807 97.8996
2.2153 2.57237 97.8996
2.2153 2.65667 97.8996
2.2153 2.74097 97.8996
2.2996 2.82527 97.8996
2.2996 2.90957 97.8996
2.3839 2.99387 97.8996
2.3839 3.07817 97.8996
2.4682 3.16247 97.8996
2.4682 3.24677 97.8996
2.5525 3.33107 97.8996
2.6368 3.41537 97.8996
2.7211 3.49967 97.8996
2.8054 3.58397 97.8996
2.8897 3.66827 97.8996
2.974 3.66827 97.8996
3.0583 3.75257 97.8996
3.1426 3.75257 97.8996
3.2269 3.83687 97.8996
3.0583 3.75257 98.0996
3.1426 3.75257 98.0996
3.2269 3.75257 98.0996
3.3112 3.66827 98.0996
3.3955 3.58397 98.0996
3.4798 3.49967 98.0996
3.5641 3.41537 98.0996
3.6484 3.33107 98.0996
3.7327 3.24677 98.0996
3.6484 3.16247 98.0996
3.5641 3.16247 98.0996
3.4798 3.07817 98.0996
3.3955 3.07817 98.0996
3.3112 2.99387 98.0996
3.2269 2.90957 98.0996
3.1426 2.82527 98.0996
3.0583 2.74097 98.0996
3.0583 2.65667 98.0996
2.974 2.57237 98.0996
2.974 2.48807 98.0996
2.8897 2.40377 98.0996
2.8897 2.31947 98.0996
2.8897 2.23517 98.0996
2.8897 2.15087 98.0996
2.8897 2.06657 98.0996
2.8897 1.98227 98.0996
2.8897 1.89797 98.0996
2.8897 1.81367 98.0996
2.8897 1.72937 98.0996
2.8897 1.64507 98.0996
2.8897 1.56077 98.0996
2.8897 1.47647 98.0996
2.8897 1.39217 98.0996
2.8897 1.30787 98.0996
2.974 1.22357 98.0996
2.974 1.13927 98.0996
3.0583 1.05497 98.0996
3.0583 0.970671 98.0996
3.1426 0.886372 98.0996
3.2269 0.802071 98.0996
3.3112 0.717772 98.0996
3.3955 0.633471 98.0996
3.4798 0.549171 98.0996
3.5641 0.549171 98.0996
3.6484 0.46487 98.0996
3.7327 0.46487 98.0996
3.817 0.380571 98.0996
3.9013 0.380571 98.0996
3.9856 0.380571 98.0996
4.0699 0.380571 98.0996
4.1542 0.380571 98.0996
4.2385 0.380571 98.0996
4.3228 0.380571 98.0996
4.4071 0.380571 98.0996
4.4914 0.380571 98.0996
4.5757 0.380571 98.0996
4.66 0.380571 98.0996
4.7443 0.380571 98.0996
4.8286 0.46487 98.0996
4.7443 0.380571 98.0996
4.66 0.29627 98.0996
4.66 0.211971 98.0996
4.5757 0.12767 98.0996
4.5757 0.0433712 98.0996
4.5757 -0.0409298 98.0996
4.4914 -0.125229 98.0996
4.4914 -0.20953 98.0996
4.4914 -0.293829 98.0996
4.4071 -0.293829 98.0996
4.3228 -0.293829 98.0996
4.2385 -0.293829 98.0996
4.1542 -0.293829 98.0996
4.0699 -0.293829 98.0996
3.9856 -0.293829 98.0996
3.9013 -0.293829 98.0996
3.817 -0.293829 98.0996
3.7327 -0.293829 98.0996
3.6484 -0.293829 98.0996
3.5641 -0.293829 98.0996
3.4798 -0.293829 98.0996
3.3955 -0.20953 98.0996
3.3112 -0.20953 98.0996
3.2269 -0.125229 98.0996
3.1426 -0.125229 98.0996
3.0583 -0.0409298 98.0996
2.974 -0.0409298 98.0996
2.8897 0.0433712 98.0996
2.8054 0.12767 98.0996
2.7211 0.211971 98.0996
2.6368 0.29627 98.0996
2.5525 0.380571 98.0996
2.4682 0.46487 98.0996
2.4682 0.549171 98.0996
2.3839 0.633471 98.0996
2.3839 0.717772 98.0996
2.2996 0.802071 98.0996
2.2996 0.886372 98.0996
2.2153 0.970671 98.0996
2.2153 1.05497 98.0996
2.131 1.13927 98.0996
2.131 1.22357 98.0996
2.131 1.30787 98.0996
2.131 1.39217 98.0996
2.131 1.47647 98.0996
2.131 1.56077 98.0996
2.131 1.64507 98.0996
2.131 1.72937 98.0996
2.131 1.81367 98.0996
2.131 1.89797 98.0996
2.131 1.98227 98.0996
2.131 2.06657 98.0996
2.131 2.15087 98.0996
2.131 2.23517 98.0996
2.131 2.31947 98.0996
2.131 2.40377 98.0996
2.131 2.48807 98.0996
2.2153 2.57237 98.0996
2.2153 2.65667 98.0996
2.2153 2.74097 98.0996
2.2996 2.82527 98.0996
2.2996 2.90957 98.0996
2.3839 2.99387 98.0996
2.3839 3.07817 98.0996
2.4682 3.16247 98.0996
2.4682 3.24677 98.0996
2.5525 3.33107 98.0996
2.6368 3.41537 98.0996
2.7211 3.49967 98.0996
2.8054 3.58397 98.0996
2.8897 3.66827 98.0996
2.974 3.66827 98.0996
3.0583 3.75257 98.0996
3.0583 3.75257 98.2996
3.1426 3.75257 98.2996
3.2269 3.75257 98.2996
3.3112 3.66827 98.2996
3.3955 3.58397 98.2996
3.4798 3.49967 98.2996
3.5641 3.41537 98.2996
3.6484 3.33107 98.2996
3.7327 3.24677 98.2996
3.817 3.16247 98.2996
3.9013 3.16247 98.2996
3.817 3.16247 98.2996
3.7327 3.16247 98.2996
3.6484 3.07817 98.2996
3.5641 3.07817 98.2996
3.4798 2.99387 98.2996
3.3955 2.99387 98.2996
3.3112 2.90957 98.2996
3.2269 2.82527 98.2996
3.1426 2.74097 98.2996
3.0583 2.65667 98.2996
3.0583 2.57237 98.2996
2.974 2.48807 98.2996
2.974 2.40377 98.2996
2.8897 2.31947 98.2996
2.8897 2.23517 98.2996
2.8054 2.15087 98.2996
2.8054 2.06657 98.2996
2.8054 1.98227 98.2996
2.8054 1.89797 98.2996
2.8054 1.81367 98.2996
2.8054 1.72937 98.2996
2.8054 1.64507 98.2996
2.8054 1.56077 98.2996
2.8054 1.47647 98.2996
2.8897 1.39217 98.2996
2.8897 1.30787 98.2996
2.974 1.22357 98.2996
2.974 1.13927 98.2996
3.0583 1.05497 98.2996
3.0583 0.970671 98.2996
3.1426 0.886372 98.2996
3.2269 0.802071 98.2996
3.3112 0.717772 98.2996
3.3955 0.633471 98.2996
3.4798 0.549171 98.2996
3.5641 0.549171 98.2996
3.6484 0.46487 98.2996
3.7327 0.46487 98.2996
3.817 0.380571 98.2996
3.9013 0.380571 98.2996
3.9856 0.380571 98.2996
4.0699 0.380571 98.2996
4.1542 0.380571 98.2996
4.2385 0.380571 98.2996
4.3228 0.380571 98.2996
4.4071 0.380571 98.2996
4.4914 0.380571 98.2996
4.5757 0.380571 98.2996
4.66 0.380571 98.2996
4.7443 0.380571 98.2996
4.8286 0.46487 98.2996
4.7443 0.380571 98.2996
4.66 0.29627 98.2996
4.66 0.211971 98.2996
4.5757 0.12767 98.2996
4.5757 0.0433712 98.2996
4.4914 -0.0409298 98.2996
4.4914 -0.125229 98.2996
4.4914 -0.20953 98.2996
4.4914 -0.293829 98.2996
4.4071 -0.293829 98.2996
4.3228 -0.293829 98.2996
4.2385 -0.293829 98.2996
4.1542 -0.293829 98.2996
4.0699 -0.293829 98.2996
3.9856 -0.293829 98.2996
3.9013 -0.293829 98.2996
3.817 -0.293829 98.2996
3.7327 -0.293829 98.2996
3.6484 -0.293829 98.2996
3.5641 -0.293829 98.2996
3.4798 -0.293829 98.2996
3.3955 -0.20953 98.2996
3.3112 -0.20953 98.2996
3.2269 -0.125229 98.2996
3.1426 -0.125229 98.2996
3.0583 -0.0409298 98.2996
2.974 -0.0409298 98.2996
2.8897 0.0433712 98.2996
2.8054 0.12767 98.2996
2.7211 0.211971 98.2996
2.6368 0.29627 98.2996
2.5525 0.380571 98.2996
2.4682 0.46487 98.2996
2.4682 0.549171 98.2996
2.3839 0.633471 98.2996
2.3839 0.717772 98.2996
2.2996 0.802071 98.2996
2.2996 0.886372 98.2996
2.2153 0.970671 98.2996
2.2153 1.05497 98.2996
2.131 1.13927 98.2996
2.131 1.22357 98.2996
2.131 1.30787 98.2996
2.131 1.39217 98.2996
2.131 1.47647 98.2996
2.131 1.56077 98.2996
2.131 1.64507 98.2996
2.131 1.72937 98.2996
2.131 1.81367 98.2996
2.131 1.89797 98.2996
2.131 1.98227 98.2996
2.131 2.06657 98.2996
2.131 2.15087 98.2996
2.131 2.23517 98.2996
2.131 2.31947 98.2996
2.131 2.40377 98.2996
2.131 2.48807 98.2996
2.2153 2.57237 98.2996
2.2153 2.65667 98.2996
2.2153 2.74097 98.2996
2.2996 2.82527 98.2996
2.2996 2.90957 98.2996
2.3839 2.99387 98.2996
2.3839 3.07817 98.2996
2.4682 3.16247 98.2996
2.4682 3.24677 98.2996
2.5525 3.33107 98.2996
2.6368 3.41537 98.2996
2.7211 3.49967 98.2996
2.8054 3.58397 98.2996
2.8897 3.66827 98.2996
2.974 3.66827 98.2996
3.0583 3.75257 98.2996
3.1426 3.75257 98.4996
3.2269 3.75257 98.4996
3.3112 3.66827 98.4996
3.3955 3.58397 98.4996
3.4798 3.49967 98.4996
3.5641 3.41537 98.4996
3.6484 3.33107 98.4996
3.7327 3.24677 98.4996
3.817 3.24677 98.4996
3.9013 3.16247 98.4996
3.817 3.16247 98.4996
3.7327 3.16247 98.4996
3.6484 3.07817 98.4996
3.5641 3.07817 98.4996
3.4798 2.99387 98.4996
3.3955 2.99387 98.4996
3.3112 2.90957 98.4996
3.2269 2.82527 98.4996
3.1426 2.74097 98.4996
3.0583 2.65667 98.4996
3.0583 2.57237 98.4996
2.974 2.48807 98.4996
2.974 2.40377 98.4996
2.8897 2.31947 98.4996
2.8897 2.23517 98.4996
2.8054 2.15087 98.4996
2.8054 2.06657 98.4996
2.8054 1.98227 98.4996
2.8054 1.89797 98.4996
2.8054 1.81367 98.4996
2.8054 1.72937 98.4996
2.8054 1.64507 98.4996
2.8054 1.56077 98.4996
2.8054 1.47647 98.4996
2.8897 1.39217 98.4996
2.8897 1.30787 98.4996
2.974 1.22357 98.4996
2.974 1.13927 98.4996
3.0583 1.05497 98.4996
3.0583 0.970671 98.4996
3.1426 0.886372 98.4996
3.2269 0.802071 98.4996
3.3112 0.717772 98.4996
3.3955 0.633471 98.4996
3.4798 0.549171 98.4996
3.5641 0.549171 98.4996
3.6484 0.46487 98.4996
3.7327 0.46487 98.4996
3.817 0.380571 98.4996
3.9013 0.380571 98.4996
3.9856 0.380571 98.4996
4.0699 0.380571 98.4996
4.1542 0.380571 98.4996
4.2385 0.380571 98.4996
4.3228 0.380571 98.4996
4.4071 0.29627 98.4996
4.4914 0.211971 98.4996
4.5757 0.12767 98.4996
4.5757 0.0433712 98.4996
4.4914 -0.0409298 98.4996
4.4914 -0.125229 98.4996
4.4914 -0.20953 98.4996
4.4071 -0.293829 98.4996
4.3228 -0.293829 98.4996
4.2385 -0.293829 98.4996
4.1542 -0.293829 98.4996
4.0699 -0.293829 98.4996
3.9856 -0.293829 98.4996
3.9013 -0.293829 98.4996
3.817 -0.293829 98.4996
3.7327 -0.293829 98.4996
3.6484 -0.293829 98.4996
3.5641 -0.293829 98.4996
3.4798 -0.293829 98.4996
3.3955 -0.20953 98.4996
3.3112 -0.20953 98.4996
3.2269 -0.125229 98.4996
3.1426 -0.125229 98.4996
3.0583 -0.0409298 98.4996
2.974 -0.0409298 98.4996
2.8897 0.0433712 98.4996
2.8054 0.12767 98.4996
2.7211 0.211971 98.4996
2.6368 0.29627 98.4996
2.5525 0.380571 98.4996
2.4682 0.46487 98.4996
2.4682 0.549171 98.4996
2.3839 0.633471 98.4996
2.3839 0.717772 98.4996
2.2996 0.802071 98.4996
2.2996 0.886372 98.4996
2.2153 0.970671 98.4996
2.2153 1.05497 98.4996
2.131 1.13927 98.4996
2.131 1.22357 98.4996
2.131 1.30787 98.4996
2.131 1.39217 98.4996
2.131 1.47647 98.4996
2.131 1.56077 98.4996
2.131 1.64507 98.4996
2.131 1.72937 98.4996
2.131 1.81367 98.4996
2.131 1.89797 98.4996
2.131 1.98227 98.4996
2.131 2.06657 98.4996
2.131 2.15087 98.4996
2.131 2.23517 98.4996
2.131 2.31947 98.4996
2.131 2.40377 98.4996
2.131 2.48807 98.4996
2.2153 2.57237 98.4996
2.2153 2.65667 98.4996
2.2996 2.74097 98.4996
2.2996 2.82527 98.4996
2.3839 2.90957 98.4996
2.3839 2.99387 98.4996
2.4682 3.07817 98.4996
2.4682 3.16247 98.4996
2.5525 3.24677 98.4996
2.6368 3.33107 98.4996
2.7211 3.41537 98.4996
2.8054 3.49967 98.4996
2.8897 3.58397 98.4996
2.974 3.66827 98.4996
3.0583 3.66827 98.4996
3.1426 3.75257 98.4996
3.1426 3.75257 98.6996
3.2269 3.75257 98.6996
3.3112 3.75257 98.6996
3.3955 3.66827 98.6996
3.3955 3.58397 98.6996
3.4798 3.49967 98.6996
3.5641 3.41537 98.6996
3.6484 3.33107 98.6996
3.7327 3.33107 98.6996
3.817 3.24677 98.6996
3.9013 3.16247 98.6996
3.9856 3.16247 98.6996
3.9013 3.16247 98.6996
3.817 3.16247 98.6996
3.7327 3.16247 98.6996
3.6484 3.07817 98.6996
3.5641 3.07817 98.6996
3.4798 2.99387 98.6996
3.3955 2.99387 98.6996
3.3112 2.90957 98.6996
3.2269 2.82527 98.6996
3.1426 2.74097 98.6996
3.0583 2.65667 98.6996
3.0583 2.57237 98.6996
2.974 2.48807 98.6996
2.974 2.40377 98.6996
2.8897 2.31947 98.6996
2.8897 2.23517 98.6996
2.8054 2.15087 98.6996
2.8054 2.06657 98.6996
2.8054 1.98227 98.6996
2.8054 1.89797 98.6996
2.8054 1.81367 98.6996
2.8054 1.72937 98.6996
2.8054 1.64507 98.6996
2.8054 1.56077 98.6996
2.8054 1.47647 98.6996
2.8897 1.39217 98.6996
2.8897 1.30787 98.6996
2.974 1.22357 98.6996
2.974 1.13927 98.6996
3.0583 1.05497 98.6996
3.0583 0.970671 98.6996
3.1426 0.886372 98.6996
3.2269 0.802071 98.6996
3.3112 0.717772 98.6996
3.3955 0.633471 98.6996
3.4798 0.549171 98.6996
3.5641 0.549171 98.6996
3.6484 0.46487 98.6996
3.7327 0.380571 98.6996
3.817 0.29627 98.6996
3.9013 0.211971 98.6996
3.9856 0.12767 98.6996
4.0699 0.0433712 98.6996
4.1542 -0.0409298 98.6996
4.2385 -0.125229 98.6996
4.3228 -0.20953 98.6996
4.4071 -0.293829 98.6996
4.3228 -0.293829 98.6996
4.2385 -0.293829 98.6996
4.1542 -0.293829 98.6996
4.0699 -0.293829 98.6996
3.9856 -0.293829 98.6996
3.9013 -0.293829 98.6996
3.817 -0.293829 98.6996
3.7327 -0.293829 98.6996
3.6484 -0.293829 98.6996
3.5641 -0.293829 98.6996
3.4798 -0.293829 98.6996
3.3955 -0.20953 98.6996
3.3112 -0.20953 98.6996
3.2269 -0.125229 98.6996
3.1426 -0.125229 98.6996
3.0583 -0.0409298 98.6996
2.974 -0.0409298 98.6996
2.8897 0.0433712 98.6996
2.8054 0.12767 98.6996
2.7211 0.211971 98.6996
2.6368 0.29627 98.6996
2.5525 0.380571 98.6996
2.4682 0.46487 98.6996
2.4682 0.549171 98.6996
2.3839 0.633471 98.6996
2.3839 0.717772 98.6996
2.2996 0.802071 98.6996
2.2996 0.886372 98.6996
2.2153 0.970671 98.6996
2.2153 1.05497 98.6996
2.131 1.13927 98.6996
2.131 1.22357 98.6996
2.131 1.30787 98.6996
2.131 1.39217 98.6996
2.131 1.47647 98.6996
2.131 1.56077 98.6996
2.131 1.64507 98.6996
2.131 1.72937 98.6996
2.131 1.81367 98.6996
2.131 1.89797 98.6996
2.131 1.98227 98.6996
2.131 2.06657 98.6996
2.131 2.15087 98.6996
2.131 2.23517 98.6996
2.131 2.31947 98.6996
2.131 2.40377 98.6996
2.131 2.48807 98.6996
2.2153 2.57237 98.6996
2.2153 2.65667 98.6996
2.2996 2.74097 98.6996
2.2996 2.82527 98.6996
2.3839 2.90957 98.6996
2.3839 2.99387 98.6996
2.4682 3.07817 98.6996
2.4682 3.16247 98.6996
2.5525 3.24677 98.6996
2.6368 3.33107 98.6996
2.7211 3.41537 98.6996
2.8054 3.49967 98.6996
2.8897 3.58397 98.6996
2.974 3.66827 98.6996
3.0583 3.66827 98.6996
3.1426 3.75257 98.6996
3.2269 3.83687 98.8996
3.3112 3.75257 98.8996
3.3955 3.66827 98.8996
3.3955 3.58397 98.8996
3.4798 3.49967 98.8996
3.5641 3.41537 98.8996
3.6484 3.41537 98.8996
3.7327 3.33107 98.8996
3.817 3.24677 98.8996
3.9013 3.24677 98.8996
3.817 3.24677 98.8996
3.7327 3.16247 98.8996
3.6484 3.16247 98.8996
3.5641 3.07817 98.8996
3.4798 3.07817 98.8996
3.3955 2.99387 98.8996
3.3112 2.90957 98.8996
3.2269 2.82527 98.8996
3.1426 2.74097 98.8996
3.1426 2.65667 98.8996
3.0583 2.57237 98.8996
2.974 2.48807 98.8996
2.974 2.40377 98.8996
2.8897 2.31947 98.8996
2.8897 2.23517 98.8996
2.8054 2.15087 98.8996
2.8054 2.06657 98.8996
2.8054 1.98227 98.8996
2.8054 1.89797 98.8996
2.8054 1.81367 98.8996
2.8054 1.72937 98.8996
2.8054 1.64507 98.8996
2.8054 1.56077 98.8996
2.8054 1.47647 98.8996
2.8897 1.39217 98.8996
2.8897 1.30787 98.8996
2.974 1.22357 98.8996
2.974 1.13927 98.8996
3.0583 1.05497 98.8996
3.1426 0.970671 98.8996
3.1426 0.886372 98.8996
3.2269 0.802071 98.8996
3.3112 0.717772 98.8996
3.3955 0.633471 98.8996
3.3955 0.549171 98.8996
3.3955 0.46487 98.8996
3.3955 0.380571 98.8996
3.4798 0.29627 98.8996
3.5641 0.211971 98.8996
3.6484 0.12767 98.8996
3.7327 0.0433712 98.8996
3.817 -0.0409298 98.8996
3.9013 -0.125229 98.8996
3.9856 -0.20953 98.8996
4.0699 -0.293829 98.8996
3.9856 -0.293829 98.8996
3.9013 -0.293829 98.8996
3.817 -0.293829 98.8996
3.7327 -0.293829 98.8996
3.6484 -0.293829 98.8996
3.5641 -0.293829 98.8996
3.4798 -0.293829 98.8996
3.3955 -0.20953 98.8996
3.3112 -0.20953 98.8996
3.2269 -0.125229 98.8996
3.1426 -0.125229 98.8996
3.0583 -0.0409298 98.8996
2.974 -0.0409298 98.8996
2.8897 0.0433712 98.8996
2.8054 0.12767 98.8996
2.7211 0.211971 98.8996
2.6368 0.29627 98.8996
2.5525 0.380571 98.8996
2.4682 0.46487 98.8996
2.4682 0.549171 98.8996
2.3839 0.633471 98.8996
2.3839 0.717772 98.8996
2.2996 0.802071 98.8996
2.2996 0.886372 98.8996
2.2153 0.970671 98.8996
2.2153 1.05497 98.8996
2.131 1.13927 98.8996
2.131 1.22357 98.8996
2.131 1.30787 98.8996
2.131 1.39217 98.8996
2.131 1.47647 98.8996
2.131 1.56077 98.8996
2.131 1.64507 98.8996
2.131 1.72937 98.8996
2.131 1.81367 98.8996
2.131 1.89797 98.8996
2.131 1.98227 98.8996
2.131 2.06657 98.8996
2.131 2.15087 98.8996
2.131 2.23517 98.8996
2.131 2.31947 98.8996
2.131 2.40377 98.8996
2.131 2.48807 98.8996
2.2153 2.57237 98.8996
2.2153 2.65667 98.8996
2.2153 2.74097 98.8996
2.2996 2.82527 98.8996
2.2996 2.90957 98.8996
2.3839 2.99387 98.8996
2.3839 3.07817 98.8996
2.4682 3.16247 98.8996
2.4682 3.24677 98.8996
2.5525 3.33107 98.8996
2.6368 3.41537 98.8996
2.7211 3.49967 98.8996
2.8054 3.58397 98.8996
2.8897 3.66827 98.8996
2.974 3.66827 98.8996
3.0583 3.75257 98.8996
3.1426 3.75257 98.8996
3.2269 3.83687 98.8996
3.2269 3.83687 99.0996
3.3112 3.75257 99.0996
3.3955 3.66827 99.0996
3.4798 3.58397 99.0996
3.5641 3.49967 99.0996
3.6484 3.41537 99.0996
3.7327 3.33107 99.0996
3.817 3.24677 99.0996
3.9013 3.24677 99.0996
3.817 3.24677 99.0996
3.7327 3.24677 99.0996
3.6484 3.16247 99.0996
3.5641 3.16247 99.0996
3.4798 3.07817 99.0996
3.3955 3.07817 99.0996
3.3112 2.99387 99.0996
3.2269 2.90957 99.0996
3.1426 2.82527 99.0996
3.0583 2.74097 99.0996
3.0583 2.65667 99.0996
2.974 2.57237 99.0996
2.974 2.48807 99.0996
2.8897 2.40377 99.0996
2.8897 2.31947 99.0996
2.8897 2.23517 99.0996
2.8054 2.15087 99.0996
2.8054 2.06657 99.0996
2.8054 1.98227 99.0996
2.8054 1.89797 99.0996
2.8054 1.81367 99.0996
2.8054 1.72937 99.0996
2.8054 1.64507 99.0996
2.8054 1.56077 99.0996
2.8054 1.47647 99.0996
2.8897 1.39217 99.0996
2.8897 1.30787 99.0996
2.974 1.22357 99.0996
2.974 1.13927 99.0996
3.0583 1.05497 99.0996
3.1426 0.970671 99.0996
3.2269 0.886372 99.0996
3.2269 0.802071 99.0996
3.2269 0.717772 99.0996
3.2269 0.633471 99.0996
3.2269 0.549171 99.0996
3.3112 0.46487 99.0996
3.3112 0.380571 99.0996
3.3112 0.29627 99.0996
3.3955 0.211971 99.0996
3.4798 0.12767 99.0996
3.5641 0.0433712 99.0996
3.6484 -0.0409298 99.0996
3.7327 -0.125229 99.0996
3.817 -0.20953 99.0996
3.9013 -0.293829 99.0996
3.817 -0.293829 99.0996
3.7327 -0.293829 99.0996
3.6484 -0.293829 99.0996
3.5641 -0.293829 99.0996
3.4798 -0.293829 99.0996
3.3955 -0.20953 99.0996
3.3112 -0.20953 99.0996
3.2269 -0.125229 99.0996
3.1426 -0.125229 99.0996
3.0583 -0.0409298 99.0996
2.974 -0.0409298 99.0996
2.8897 0.0433712 99.0996
2.8054 0.12767 99.0996
2.7211 0.211971 99.0996
2.6368 0.29627 99.0996
2.5525 0.380571 99.0996
2.5525 0.46487 99.0996
2.4682 0.549171 99.0996
2.3839 0.633471 99.0996
2.3839 0.717772 99.0996
2.2996 0.802071 99.0996
2.2996 0.886372 99.0996
2.2153 0.970671 99.0996
2.2153 1.05497 99.0996
2.131 1.13927 99.0996
2.131 1.22357 99.0996
2.131 1.30787 99.0996
2.131 1.39217 99.0996
2.131 1.47647 99.0996
2.131 1.56077 99.0996
2.131 1.64507 99.0996
2.131 1.72937 99.0996
2.131 1.81367 99.0996
2.131 1.89797 99.0996
2.131 1.98227 99.0996
2.131 2.06657 99.0996
2.131 2.15087 99.0996
2.131 2.23517 99.0996
2.131 2.31947 99.0996
2.131 2.40377 99.0996
2.131 2.48807 99.0996
2.2153 2.57237 99.0996
2.2153 2.65667 99.0996
2.2153 2.74097 99.0996
2.2996 2.82527 99.0996
2.2996 2.90957 99.0996
2.3839 2.99387 99.0996
2.3839 3.07817 99.0996
2.4682 3.16247 99.0996
2.4682 3.24677 99.0996
2.5525 3.33107 99.0996
2.6368 3.41537 99.0996
2.7211 3.49967 99.0996
2.8054 3.58397 99.0996
2.8897 3.66827 99.0996
2.974 3.66827 99.0996
3.0583 3.75257 99.0996
3.1426 3.75257 99.0996
3.2269 3.83687 99.0996
3.2269 3.83687 99.2996
3.3112 3.75257 99.2996
3.3955 3.66827 99.2996
3.4798 3.58397 99.2996
3.5641 3.49967 99.2996
3.6484 3.41537 99.2996
3.7327 3.33107 99.2996
3.817 3.33107 99.2996
3.9013 3.24677 99.2996
3.817 3.24677 99.2996
3.7327 3.24677 99.2996
3.6484 3.16247 99.2996
3.5641 3.16247 99.2996
3.4798 3.07817 99.2996
3.3955 3.07817 99.2996
3.3112 2.99387 99.2996
3.2269 2.90957 99.2996
3.1426 2.82527 99.2996
3.0583 2.74097 99.2996
3.0583 2.65667 99.2996
2.974 2.57237 99.2996
2.974 2.48807 99.2996
2.8897 2.40377 99.2996
2.8897 2.31947 99.2996
2.8897 2.23517 99.2996
2.8897 2.15087 99.2996
2.8897 2.06657 99.2996
2.8897 1.98227 99.2996
2.8897 1.89797 99.2996
2.8897 1.81367 99.2996
2.8897 1.72937 99.2996
2.8897 1.64507 99.2996
2.8897 1.56077 99.2996
2.8897 1.47647 99.2996
2.974 1.39217 99.2996
2.974 1.30787 99.2996
3.0583 1.22357 99.2996
3.0583 1.13927 99.2996
3.0583 1.05497 99.2996
3.0583 0.970671 99.2996
3.0583 0.886372 99.2996
3.0583 0.802071 99.2996
3.0583 0.717772 99.2996
3.1426 0.633471 99.2996
3.1426 0.549171 99.2996
3.1426 0.46487 99.2996
3.2269 0.380571 99.2996
3.2269 0.29627 99.2996
3.3112 0.211971 99.2996
3.3112 0.12767 99.2996
3.3955 0.0433712 99.2996
3.4798 -0.0409298 99.2996
3.4798 -0.125229 99.2996
3.5641 -0.20953 99.2996
3.6484 -0.293829 99.2996
3.5641 -0.20953 99.2996
3.4798 -0.20953 99.2996
3.3955 -0.20953 99.2996
3.3112 -0.125229 99.2996
3.2269 -0.125229 99.2996
3.1426 -0.0409298 99.2996
3.0583 -0.0409298 99.2996
2.974 0.0433712 99.2996
2.8897 0.12767 99.2996
2.8054 0.211971 99.2996
2.7211 0.29627 99.2996
2.6368 0.380571 99.2996
2.5525 0.46487 99.2996
2.4682 0.549171 99.2996
2.3839 0.633471 99.2996
2.3839 0.717772 99.2996
2.2996 0.802071 99.2996
2.2996 0.886372 99.2996
2.2153 0.970671 99.2996
2.2153 1.05497 99.2996
2.131 1.13927 99.2996
2.131 1.22357 99.2996
2.131 1.30787 99.2996
2.131 1.39217 99.2996
2.131 1.47647 99.2996
2.131 1.56077 99.2996
2.131 1.64507 99.2996
2.131 1.72937 99.2996
2.131 1.81367 99.2996
2.131 1.89797 99.2996
2.131 1.98227 99.2996
2.131 2.06657 99.2996
2.131 2.15087 99.2996
2.131 2.23517 99.2996
2.131 2.31947 99.2996
2.131 2.40377 99.2996
2.131 2.48807 99.2996
2.2153 2.57237 99.2996
2.2153 2.65667 99.2996
2.2153 2.74097 99.2996
2.2996 2.82527 99.2996
2.2996 2.90957 99.2996
2.3839 2.99387 99.2996
2.3839 3.07817 99.2996
2.4682 3.16247 99.2996
2.4682 3.24677 99.2996
2.5525 3.33107 99.2996
2.6368 3.41537 99.2996
2.7211 3.49967 99.2996
2.8054 3.58397 99.2996
2.8897 3.66827 99.2996
2.974 3.66827 99.2996
3.0583 3.75257 99.2996
3.1426 3.75257 99.2996
3.2269 3.83687 99.2996
3.2269 3.83687 99.4996
3.3112 3.75257 99.4996
3.3955 3.66827 99.4996
3.4798 3.58397 99.4996
3.5641 3.49967 99.4996
3.6484 3.41537 99.4996
3.7327 3.33107 99.4996
3.817 3.33107 99.4996
3.9013 3.24677 99.4996
3.817 3.24677 99.4996
3.7327 3.24677 99.4996
3.6484 3.16247 99.4996
3.5641 3.16247 99.4996
3.4798 3.07817 99.4996
3.3955 3.07817 99.4996
3.3112 2.99387 99.4996
3.2269 2.90957 99.4996
3.1426 2.82527 99.4996
3.0583 2.74097 99.4996
3.0583 2.65667 99.4996
2.974 2.57237 99.4996
2.974 2.48807 99.4996
2.8897 2.40377 99.4996
2.8897 2.31947 99.4996
2.8897 2.23517 99.4996
2.8897 2.15087 99.4996
2.8897 2.06657 99.4996
2.8897 1.98227 99.4996
2.8897 1.89797 99.4996
2.8897 1.81367 99.4996
2.8897 1.72937 99.4996
2.8897 1.64507 99.4996
2.8897 1.56077 99.4996
2.974 1.47647 99.4996
2.974 1.39217 99.4996
2.974 1.30787 99.4996
2.974 1.22357 99.4996
2.974 1.13927 99.4996
2.974 1.05497 99.4996
2.974 0.970671 99.4996
2.974 0.886372 99.4996
2.974 0.802071 99.4996
2.974 0.717772 99.4996
3.0583 0.633471 99.4996
3.0583 0.549171 99.4996
3.0583 0.46487 99.4996
3.1426 0.380571 99.4996
3.1426 0.29627 99.4996
3.1426 0.211971 99.4996
3.2269 0.12767 99.4996
3.2269 0.0433712 99.4996
3.3112 -0.0409298 99.4996
3.3955 -0.125229 99.4996
3.3112 -0.125229 99.4996
3.2269 -0.0409298 99.4996
3.1426 -0.0409298 99.4996
3.0583 0.0433712 99.4996
2.974 0.12767 99.4996
2.8897 0.211971 99.4996
2.8054 0.29627 99.4996
2.7211 0.380571 99.4996
2.6368 0.46487 99.4996
2.5525 0.549171 99.4996
2.4682 0.633471 99.4996
2.3839 0.717772 99.4996
2.3839 0.802071 99.4996
2.2996 0.886372 99.4996
2.2996 0.970671 99.4996
2.2153 1.05497 99.4996
2.2153 1.13927 99.4996
2.2153 1.22357 99.4996
2.131 1.30787 99.4996
2.131 1.39217 99.4996
2.131 1.47647 99.4996
2.131 1.56077 99.4996
2.131 1.64507 99.4996
2.131 1.72937 99.4996
2.131 1.81367 99.4996
2.131 1.89797 99.4996
2.131 1.98227 99.4996
2.131 2.06657 99.4996
2.131 2.15087 99.4996
2.131 2.23517 99.4996
2.131 2.31947 99.4996
2.2153 2.40377 99.4996
2.2153 2.48807 99.4996
2.2153 2.57237 99.4996
2.2153 2.65667 99.4996
2.2153 2.74097 99.4996
2.2996 2.82527 99.4996
2.2996 2.90957 99.4996
2.3839 2.99387 99.4996
2.3839 3.07817 99.4996
2.4682 3.16247 99.4996
2.4682 3.24677 99.4996
2.5525 3.33107 99.4996
2.6368 3.41537 99.4996
2.7211 3.49967 99.4996
2.8054 3.58397 99.4996
2.8897 3.66827 99.4996
2.974 3.66827 99.4996
3.0583 3.75257 99.4996
3.1426 3.75257 99.4996
3.2269 3.83687 99.4996
3.0583 3.75257 99.6996
3.1426 3.75257 99.6996
3.2269 3.75257 99.6996
3.3112 3.66827 99.6996
3.3955 3.58397 99.6996
3.4798 3.49967 99.6996
3.5641 3.49967 99.6996
3.6484 3.41537 99.6996
3.7327 3.33107 99.6996
3.817 3.33107 99.6996
3.7327 3.24677 99.6996
3.6484 3.16247 99.6996
3.5641 3.16247 99.6996
3.4798 3.07817 99.6996
3.3955 3.07817 99.6996
3.3112 2.99387 99.6996
3.2269 2.90957 99.6996
3.1426 2.82527 99.6996
3.0583 2.74097 99.6996
3.0583 2.65667 99.6996
2.974 2.57237 99.6996
2.974 2.48807 99.6996
2.8897 2.40377 99.6996
2.8897 2.31947 99.6996
2.8897 2.23517 99.6996
2.8897 2.15087 99.6996
2.8897 2.06657 99.6996
2.8897 1.98227 99.6996
2.8897 1.89797 99.6996
2.8897 1.81367 99.6996
2.8897 1.72937 99.6996
2.8897 1.64507 99.6996
2.8897 1.56077 99.6996
2.8897 1.47647 99.6996
2.8897 1.39217 99.6996
2.8897 1.30787 99.6996
2.8897 1.22357 99.6996
2.8897 1.13927 99.6996
2.8897 1.05497 99.6996
2.8897 0.970671 99.6996
2.8897 0.886372 99.6996
2.8897 0.802071 99.6996
2.8897 0.717772 99.6996
2.974 0.633471 99.6996
2.974 0.549171 99.6996
2.974 0.46487 99.6996
3.0583 0.380571 99.6996
3.0583 0.29627 99.6996
3.0583 0.211971 99.6996
3.1426 0.12767 99.6996
3.1426 0.0433712 99.6996
3.2269 -0.0409298 99.6996
3.1426 -0.0409298 99.6996
3.0583 0.0433712 99.6996
2.974 0.12767 99.6996
2.8897 0.211971 99.6996
2.8054 0.29627 99.6996
2.7211 0.380571 99.6996
2.6368 0.46487 99.6996
2.5525 0.549171 99.6996
2.5525 0.633471 99.6996
2.4682 0.717772 99.6996
2.4682 0.802071 99.6996
2.3839 0.886372 99.6996
2.3839 0.970671 99.6996
2.2996 1.05497 99.6996
2.2996 1.13927 99.6996
2.2153 1.22357 99.6996
2.2153 1.30787 99.6996
2.2153 1.39217 99.6996
2.2153 1.47647 99.6996
2.2153 1.56077 99.6996
2.2153 1.64507 99.6996
2.2153 1.72937 99.6996
2.2153 1.81367 99.6996
2.2153 1.89797 99.6996
2.2153 1.98227 99.6996
2.2153 2.06657 99.6996
2.2153 2.15087 99.6996
2.2153 2.23517 99.6996
2.2153 2.31947 99.6996
2.2153 2.40377 99.6996
2.2153 2.48807 99.6996
2.2153 2.57237 99.6996
2.2153 2.65667 99.6996
2.2153 2.74097 99.6996
2.2996 2.82527 99.6996
2.2996 2.90957 99.6996
2.3839 2.99387 99.6996
2.3839 3.07817 99.6996
2.4682 3.16247 99.6996
2.4682 3.24677 99.6996
2.5525 3.33107 99.6996
2.6368 3.41537 99.6996
2.7211 3.49967 99.6996
2.8054 3.58397 99.6996
2.8897 3.66827 99.6996
2.974 3.66827 99.6996
3.0583 3.75257 99.6996
3.0583 3.75257 99.8996
3.1426 3.75257 99.8996
3.2269 3.75257 99.8996
3.3112 3.66827 99.8996
3.3955 3.58397 99.8996
3.4798 3.49967 99.8996
3.5641 3.49967 99.8996
3.6484 3.41537 99.8996
3.6484 3.33107 99.8996
3.5641 3.24677 99.8996
3.4798 3.16247 99.8996
3.3955 3.07817 99.8996
3.3112 2.99387 99.8996
3.2269 2.90957 99.8996
3.1426 2.82527 99.8996
3.0583 2.74097 99.8996
3.0583 2.65667 99.8996
2.974 2.57237 99.8996
2.974 2.48807 99.8996
2.8897 2.40377 99.8996
2.8897 2.31947 99.8996
2.8897 2.23517 99.8996
2.8054 2.15087 99.8996
2.8054 2.06657 99.8996
2.8054 1.98227 99.8996
2.8054 1.89797 99.8996
2.8054 1.81367 99.8996
2.8054 1.72937 99.8996
2.8054 1.64507 99.8996
2.8054 1.56077 99.8996
2.8054 1.47647 99.8996
2.8054 1.39217 99.8996
2.8054 1.30787 99.8996
2.8054 1.22357 99.8996
2.8054 1.13927 99.8996
2.8054 1.05497 99.8996
2.8054 0.970671 99.8996
2.8054 0.886372 99.8996
2.8897 0.802071 99.8996
2.8897 0.717772 99.8996
2.8897 0.633471 99.8996
2.8897 0.549171 99.8996
2.8897 0.46487 99.8996
2.974 0.380571 99.8996
2.974 0.29627 99.8996
2.974 0.211971 99.8996
3.0583 0.12767 99.8996
3.0583 0.0433712 99.8996
3.1426 -0.0409298 99.8996
3.0583 0.0433712 99.8996
2.974 0.12767 99.8996
2.8897 0.211971 99.8996
2.8054 0.29627 99.8996
2.7211 0.380571 99.8996
2.6368 0.46487 99.8996
2.5525 0.549171 99.8996
2.5525 0.633471 99.8996
2.4682 0.717772 99.8996
2.4682 0.802071 99.8996
2.3839 0.886372 99.8996
2.3839 0.970671 99.8996
2.2996 1.05497 99.8996
2.2996 1.13927 99.8996
2.2153 1.22357 99.8996
2.2153 1.30787 99.8996
2.2153 1.39217 99.8996
2.2153 1.47647 99.8996
2.2153 1.56077 99.8996
2.2153 1.64507 99.8996
2.2153 1.72937 99.8996
2.2153 1.81367 99.8996
2.2153 1.89797 99.8996
2.2153 1.98227 99.8996
2.2153 2.06657 99.8996
2.2153 2.15087 99.8996
2.2153 2.23517 99.8996
2.2153 2.31947 99.8996
2.2153 2.40377 99.8996
2.2153 2.48807 99.8996
2.2153 2.57237 99.8996
2.2153 2.65667 99.8996
2.2153 2.74097 99.8996
2.2996 2.82527 99.8996
2.2996 2.90957 99.8996
2.3839 2.99387 99.8996
2.3839 3.07817 99.8996
2.4682 3.16247 99.8996
2.4682 3.24677 99.8996
2.5525 3.33107 99.8996
2.6368 3.41537 99.8996
2.7211 3.49967 99.8996
2.8054 3.58397 99.8996
2.8897 3.66827 99.8996
2.974 3.66827 99.8996
3.0583 3.75257 99.8996
3.0583 3.75257 100.1
3.1426 3.75257 100.1
3.2269 3.75257 100.1
3.3112 3.66827 100.1
3.3955 3.58397 100.1
3.4798 3.49967 100.1
3.5641 3.49967 100.1
3.5641 3.41537 100.1
3.4798 3.33107 100.1
3.3955 3.24677 100.1
3.3112 3.16247 100.1
3.2269 3.07817 100.1
3.1426 2.99387 100.1
3.0583 2.90957 100.1
3.0583 2.82527 100.1
2.974 2.74097 100.1
2.974 2.65667 100.1
2.8897 2.57237 100.1
2.8897 2.48807 100.1
2.8054 2.40377 100.1
2.8054 2.31947 100.1
2.8054 2.23517 100.1
2.7211 2.15087 100.1
2.7211 2.06657 100.1
2.7211 1.98227 100.1
2.7211 1.89797 100.1
2.7211 1.81367 100.1
2.7211 1.72937 100.1
2.7211 1.64507 100.1
2.7211 1.56077 100.1
2.7211 1.47647 100.1
2.7211 1.39217 100.1
2.7211 1.30787 100.1
2.7211 1.22357 100.1
2.7211 1.13927 100.1
2.7211 1.05497 100.1
2.7211 0.970671 100.1
2.7211 0.886372 100.1
2.8054 0.802071 100.1
2.8054 0.717772 100.1
2.8054 0.633471 100.1
2.8897 0.549171 100.1
2.8897 0.46487 100.1
2.8897 0.380571 100.1
2.8897 0.29627 100.1
2.974 0.211971 100.1
2.974 0.12767 100.1
3.0583 0.0433712 100.1
2.974 0.12767 100.1
2.8897 0.211971 100.1
2.8054 0.29627 100.1
2.7211 0.380571 100.1
2.6368 0.46487 100.1
2.5525 0.549171 100.1
2.5525 0.633471 100.1
2.4682 0.717772 100.1
2.4682 0.802071 100.1
2.3839 0.886372 100.1
2.3839 0.970671 100.1
2.2996 1.05497 100.1
2.2996 1.13927 100.1
2.2153 1.22357 100.1
2.2153 1.30787 100.1
2.2153 1.39217 100.1
2.2153 1.47647 100.1
2.2153 1.56077 100.1
2.2153 1.64507 100.1
2.2153 1.72937 100.1
2.2153 1.81367 100.1
2.2153 1.89797 100.1
2.2153 1.98227 100.1
2.2153 2.06657 100.1
2.2153 2.15087 100.1
2.2153 2.23517 100.1
2.2153 2.31947 100.1
2.2153 2.40377 100.1
2.2153 2.48807 100.1
2.2153 2.57237 100.1
2.2153 2.65667 100.1
2.2153 2.74097 100.1
2.2996 2.82527 100.1
2.2996 2.90957 100.1
2.3839 2.99387 100.1
2.3839 3.07817 100.1
2.4682 3.16247 100.1
2.4682 3.24677 100.1
2.5525 3.33107 100.1
2.6368 3.41537 100.1
2.7211 3.49967 100.1
2.8054 3.58397 100.1
2.8897 3.66827 100.1
2.974 3.66827 100.1
3.0583 3.75257 100.1
3.1426 3.75257 100.3
3.2269 3.66827 100.3
3.3112 3.66827 100.3
3.3955 3.58397 100.3
3.4798 3.49967 100.3
3.5641 3.49967 100.3
3.4798 3.41537 100.3
3.3955 3.33107 100.3
3.3112 3.24677 100.3
3.2269 3.16247 100.3
3.1426 3.07817 100.3
3.0583 2.99387 100.3
3.0583 2.90957 100.3
2.974 2.82527 100.3
2.974 2.74097 100.3
2.8897 2.65667 100.3
2.8897 2.57237 100.3
2.8054 2.48807 100.3
2.8054 2.40377 100.3
2.7211 2.31947 100.3
2.7211 2.23517 100.3
2.7211 2.15087 100.3
2.7211 2.06657 100.3
2.7211 1.98227 100.3
2.7211 1.89797 100.3
2.7211 1.81367 100.3
2.7211 1.72937 100.3
2.7211 1.64507 100.3
2.7211 1.56077 100.3
2.7211 1.47647 100.3
2.7211 1.39217 100.3
2.7211 1.30787 100.3
2.7211 1.22357 100.3
2.7211 1.13927 100.3
2.7211 1.05497 100.3
2.7211 0.970671 100.3
2.7211 0.886372 100.3
2.7211 0.802071 100.3
2.7211 0.717772 100.3
2.8054 0.633471 100.3
2.8054 0.549171 100.3
2.8897 0.46487 100.3
2.8897 0.380571 100.3
2.8897 0.29627 100.3
2.974 0.211971 100.3
2.974 0.12767 100.3
3.0583 0.0433712 100.3
2.974 0.12767 100.3
2.8897 0.211971 100.3
2.8054 0.29627 100.3
2.7211 0.380571 100.3
2.7211 0.46487 100.3
2.6368 0.549171 100.3
2.5525 0.633471 100.3
2.5525 0.717772 100.3
2.4682 0.802071 100.3
2.4682 0.886372 100.3
2.3839 0.970671 100.3
2.3839 1.05497 100.3
2.2996 1.13927 100.3
2.2996 1.22357 100.3
2.2996 1.30787 100.3
2.2153 1.39217 100.3
2.2153 1.47647 100.3
2.2153 1.56077 100.3
2.2153 1.64507 100.3
2.2153 1.72937 100.3
2.2153 1.81367 100.3
2.2153 1.89797 100.3
2.2153 1.98227 100.3
2.2153 2.06657 100.3
2.2153 2.15087 100.3
2.2153 2.23517 100.3
2.2153 2.31947 100.3
2.2153 2.40377 100.3
2.2153 2.48807 100.3
2.2153 2.57237 100.3
2.2996 2.65667 100.3
2.2996 2.74097 100.3
2.2996 2.82527 100.3
2.3839 2.90957 100.3
2.3839 2.99387 100.3
2.4682 3.07817 100.3
2.4682 3.16247 100.3
2.5525 3.24677 100.3
2.6368 3.33107 100.3
2.7211 3.41537 100.3
2.8054 3.49967 100.3
2.8897 3.58397 100.3
2.974 3.66827 100.3
3.0583 3.66827 100.3
3.1426 3.75257 100.3
3.0583 3.66827 100.5
3.1426 3.66827 100.5
3.2269 3.66827 100.5
3.3112 3.66827 100.5
3.3955 3.58397 100.5
3.4798 3.58397 100.5
3.5641 3.49967 100.5
3.4798 3.41537 100.5
3.3955 3.33107 100.5
3.3112 3.24677 100.5
3.2269 3.16247 100.5
3.1426 3.07817 100.5
3.0583 2.99387 100.5
3.0583 2.90957 100.5
2.974 2.82527 100.5
2.974 2.74097 100.5
2.8897 2.65667 100.5
2.8897 2.57237 100.5
2.8054 2.48807 100.5
2.8054 2.40377 100.5
2.7211 2.31947 100.5
2.7211 2.23517 100.5
2.7211 2.15087 100.5
2.7211 2.06657 100.5
2.7211 1.98227 100.5
2.7211 1.89797 100.5
2.7211 1.81367 100.5
2.7211 1.72937 100.5
2.7211 1.64507 100.5
2.7211 1.56077 100.5
2.7211 1.47647 100.5
2.7211 1.39217 100.5
2.7211 1.30787 100.5
2.7211 1.22357 100.5
2.7211 1.13927 100.5
2.7211 1.05497 100.5
2.7211 0.970671 100.5
2.7211 0.886372 100.5
2.7211 0.802071 100.5
2.7211 0.717772 100.5
2.8054 0.633471 100.5
2.8054 0.549171 100.5
2.8897 0.46487 100.5
2.8897 0.380571 100.5
2.8897 0.29627 100.5
2.974 0.211971 100.5
2.8897 0.29627 100.5
2.8054 0.380571 100.5
2.7211 0.46487 100.5
2.6368 0.549171 100.5
2.6368 0.633471 100.5
2.5525 0.717772 100.5
2.5525 0.802071 100.5
2.4682 0.886372 100.5
2.4682 0.970671 100.5
2.3839 1.05497 100.5
2.3839 1.13927 100.5
2.3839 1.22357 100.5
2.3839 1.30787 100.5
2.2996 1.39217 100.5
2.2996 1.47647 100.5
2.2996 1.56077 100.5
2.2996 1.64507 100.5
2.2996 1.72937 100.5
2.2996 1.81367 100.5
2.2996 1.89797 100.5
2.2996 1.98227 100.5
2.2996 2.06657 100.5
2.2996 2.15087 100.5
2.2996 2.23517 100.5
2.2996 2.31947 100.5
2.2996 2.40377 100.5
2.2996 2.48807 100.5
2.2996 2.57237 100.5
2.3839 2.65667 100.5
2.3839 2.74097 100.5
2.3839 2.82527 100.5
2.4682 2.90957 100.5
2.4682 2.99387 100.5
2.5525 3.07817 100.5
2.5525 3.16247 100.5
2.6368 3.24677 100.5
2.7211 3.33107 100.5
2.8054 3.41537 100.5
2.8897 3.49967 100.5
2.974 3.58397 100.5
3.0583 3.66827 100.5
3.1426 3.66827 100.7
3.2269 3.66827 100.7
3.3112 3.66827 100.7
3.3955 3.58397 100.7
3.4798 3.58397 100.7
3.5641 3.49967 100.7
3.4798 3.41537 100.7
3.3955 3.33107 100.7
3.3112 3.24677 100.7
3.2269 3.16247 100.7
3.1426 3.07817 100.7
3.0583 2.99387 100.7
3.0583 2.90957 100.7
2.974 2.82527 100.7
2.974 2.74097 100.7
2.8897 2.65667 100.7
2.8897 2.57237 100.7
2.8054 2.48807 100.7
2.8054 2.40377 100.7
2.7211 2.31947 100.7
2.7211 2.23517 100.7
2.7211 2.15087 100.7
2.7211 2.06657 100.7
2.7211 1.98227 100.7
2.7211 1.89797 100.7
2.7211 1.81367 100.7
2.7211 1.72937 100.7
2.7211 1.64507 100.7
2.7211 1.56077 100.7
2.7211 1.47647 100.7
2.7211 1.39217 100.7
2.7211 1.30787 100.7
2.7211 1.22357 100.7
2.7211 1.13927 100.7
2.7211 1.05497 100.7
2.7211 0.970671 100.7
2.7211 0.886372 100.7
2.7211 0.802071 100.7
2.7211 0.717772 100.7
2.8054 0.633471 100.7
2.8054 0.549171 100.7
2.8897 0.46487 100.7
2.8897 0.380571 100.7
2.8897 0.29627 100.7
2.974 0.211971 100.7
2.8897 0.29627 100.7
2.8054 0.380571 100.7
2.7211 0.46487 100.7
2.6368 0.549171 100.7
2.6368 0.633471 100.7
2.5525 0.717772 100.7
2.5525 0.802071 100.7
2.4682 0.886372 100.7
2.4682 0.970671 100.7
2.3839 1.05497 100.7
2.3839 1.13927 100.7
2.3839 1.22357 100.7
2.3839 1.30787 100.7
2.3839 1.39217 100.7
2.3839 1.47647 100.7
2.3839 1.56077 100.7
2.3839 1.64507 100.7
2.3839 1.72937 100.7
2.3839 1.81367 100.7
2.3839 1.89797 100.7
2.3839 1.98227 100.7
2.3839 2.06657 100.7
2.3839 2.15087 100.7
2.3839 2.23517 100.7
2.3839 2.31947 100.7
2.3839 2.40377 100.7
2.3839 2.48807 100.7
2.3839 2.57237 100.7
2.3839 2.65667 100.7
2.4682 2.74097 100.7
2.4682 2.82527 100.7
2.5525 2.90957 100.7
2.5525 2.99387 100.7
2.6368 3.07817 100.7
2.6368 3.16247 100.7
2.7211 3.24677 100.7
2.8054 3.33107 100.7
2.8897 3.41537 100.7
2.974 3.49967 100.7
3.0583 3.58397 100.7
3.1426 3.66827 100.7
3.3112 3.66827 100.9
3.3955 3.66827 100.9
3.4798 3.58397 100.9
3.5641 3.49967 100.9
3.4798 3.41537 100.9
3.3955 3.33107 100.9
3.3112 3.24677 100.9
3.2269 3.16247 100.9
3.1426 3.07817 100.9
3.0583 2.99387 100.9
3.0583 2.90957 100.9
2.974 2.82527 100.9
2.974 2.74097 100.9
2.8897 2.65667 100.9
2.8897 2.57237 100.9
2.8054 2.48807 100.9
2.8054 2.40377 100.9
2.7211 2.31947 100.9
2.7211 2.23517 100.9
2.7211 2.15087 100.9
2.7211 2.06657 100.9
2.7211 1.98227 100.9
2.7211 1.89797 100.9
2.7211 1.81367 100.9
2.7211 1.72937 100.9
2.7211 1.64507 100.9
2.7211 1.56077 100.9
2.7211 1.47647 100.9
2.7211 1.39217 100.9
2.7211 1.30787 100.9
2.7211 1.22357 100.9
2.7211 1.13927 100.9
2.7211 1.05497 100.9
2.7211 0.970671 100.9
2.7211 0.886372 100.9
2.7211 0.802071 100.9
2.7211 0.717772 100.9
2.8054 0.633471 100.9
2.8054 0.549171 100.9
2.8897 0.46487 100.9
2.8897 0.380571 100.9
2.8054 0.46487 100.9
2.7211 0.549171 100.9
2.6368 0.633471 100.9
2.6368 0.717772 100.9
2.5525 0.802071 100.9
2.5525 0.886372 100.9
2.4682 0.970671 100.9
2.4682 1.05497 100.9
2.4682 1.13927 100.9
2.3839 1.22357 100.9
2.3839 1.30787 100.9
2.3839 1.39217 100.9
2.3839 1.47647 100.9
2.3839 1.56077 100.9
2.3839 1.64507 100.9
2.3839 1.72937 100.9
2.3839 1.81367 100.9
2.3839 1.89797 100.9
2.3839 1.98227 100.9
2.3839 2.06657 100.9
2.3839 2.15087 100.9
2.3839 2.23517 100.9
2.3839 2.31947 100.9
2.3839 2.40377 100.9
2.3839 2.48807 100.9
2.4682 2.57237 100.9
2.4682 2.65667 100.9
2.4682 2.74097 100.9
2.5525 2.82527 100.9
2.5525 2.90957 100.9
2.6368 2.99387 100.9
2.6368 3.07817 100.9
2.7211 3.16247 100.9
2.8054 3.24677 100.9
2.8897 3.33107 100.9
2.974 3.41537 100.9
3.0583 3.49967 100.9
3.1426 3.58397 100.9
3.2269 3.58397 100.9
3.3112 3.66827 100.9
3.3112 3.58397 101.1
3.3955 3.58397 101.1
3.4798 3.58397 101.1
3.5641 3.49967 101.1
3.4798 3.41537 101.1
3.3955 3.33107 101.1
3.3112 3.24677 101.1
3.2269 3.16247 101.1
3.1426 3.07817 101.1
3.0583 2.99387 101.1
3.0583 2.90957 101.1
2.974 2.82527 101.1
2.974 2.74097 101.1
2.8897 2.65667 101.1
2.8897 2.57237 101.1
2.8054 2.48807 101.1
2.8054 2.40377 101.1
2.7211 2.31947 101.1
2.7211 2.23517 101.1
2.7211 2.15087 101.1
2.7211 2.06657 101.1
2.7211 1.98227 101.1
2.7211 1.89797 101.1
2.7211 1.81367 101.1
2.7211 1.72937 101.1
2.7211 1.64507 101.1
2.7211 1.56077 101.1
2.7211 1.47647 101.1
2.7211 1.39217 101.1
2.7211 1.30787 101.1
2.7211 1.22357 101.1
2.7211 1.13927 101.1
2.7211 1.05497 101.1
2.7211 0.970671 101.1
2.7211 0.886372 101.1
2.7211 0.802071 101.1
2.7211 0.717772 101.1
2.8054 0.633471 101.1
2.7211 0.717772 101.1
2.6368 0.802071 101.1
2.6368 0.886372 101.1
2.5525 0.970671 101.1
2.5525 1.05497 101.1
2.5525 1.13927 101.1
2.4682 1.22357 101.1
2.4682 1.30787 101.1
2.4682 1.39217 101.1
2.4682 1.47647 101.1
2.4682 1.56077 101.1
2.4682 1.64507 101.1
2.4682 1.72937 101.1
2.4682 1.81367 101.1
2.4682 1.89797 101.1
2.4682 1.98227 101.1
2.4682 2.06657 101.1
2.4682 2.15087 101.1
2.4682 2.23517 101.1
2.4682 2.31947 101.1
2.4682 2.40377 101.1
2.4682 2.48807 101.1
2.5525 2.57237 101.1
2.5525 2.65667 101.1
2.5525 2.74097 101.1
2.6368 2.82527 101.1
2.6368 2.90957 101.1
2.7211 2.99387 101.1
2.8054 3.07817 101.1
2.8897 3.16247 101.1
2.974 3.24677 101.1
3.0583 3.33107 101.1
3.1426 3.41537 101.1
3.2269 3.49967 101.1
3.3112 3.58397 101.1
3.4798 3.58397 101.3
3.5641 3.49967 101.3
3.4798 3.41537 101.3
3.3955 3.33107 101.3
3.3112 3.24677 101.3
3.2269 3.16247 101.3
3.1426 3.07817 101.3
3.0583 2.99387 101.3
3.0583 2.90957 101.3
2.974 2.82527 101.3
2.974 2.74097 101.3
2.8897 2.65667 101.3
2.8897 2.57237 101.3
2.8054 2.48807 101.3
2.8054 2.40377 101.3
2.7211 2.31947 101.3
2.7211 2.23517 101.3
2.7211 2.15087 101.3
2.7211 2.06657 101.3
2.7211 1.98227 101.3
2.7211 1.89797 101.3
2.7211 1.81367 101.3
2.7211 1.72937 101.3
2.7211 1.64507 101.3
2.7211 1.56077 101.3
2.7211 1.47647 101.3
2.7211 1.39217 101.3
2.7211 1.30787 101.3
2.7211 1.22357 101.3
2.7211 1.13927 101.3
2.7211 1.05497 101.3
2.7211 0.970671 101.3
2.7211 0.886372 101.3
2.6368 0.970671 101.3
2.6368 1.05497 101.3
2.6368 1.13927 101.3
2.5525 1.22357 101.3
2.5525 1.30787 101.3
2.5525 1.39217 101.3
2.5525 1.47647 101.3
2.5525 1.56077 101.3
2.5525 1.64507 101.3
2.5525 1.72937 101.3
2.5525 1.81367 101.3
2.5525 1.89797 101.3
2.5525 1.98227 101.3
2.5525 2.06657 101.3
2.5525 2.15087 101.3
2.5525 2.23517 101.3
2.5525 2.31947 101.3
2.5525 2.40377 101.3
2.5525 2.48807 101.3
2.6368 2.57237 101.3
2.6368 2.65667 101.3
2.6368 2.74097 101.3
2.7211 2.82527 101.3
2.8054 2.90957 101.3
2.8897 2.99387 101.3
2.974 3.07817 101.3
3.0583 3.16247 101.3
3.1426 3.24677 101.3
3.2269 3.33107 101.3
3.3112 3.41537 101.3
3.3955 3.49967 101.3
3.4798 3.58397 101.3
3.5641 3.49967 101.5
3.4798 3.41537 101.5
3.3955 3.33107 101.5
3.3112 3.24677 101.5
3.2269 3.16247 101.5
3.1426 3.07817 101.5
3.0583 2.99387 101.5
3.0583 2.90957 101.5
2.974 2.82527 101.5
2.974 2.74097 101.5
2.8897 2.65667 101.5
2.8897 2.57237 101.5
2.8054 2.48807 101.5
2.8054 2.40377 101.5
2.7211 2.31947 101.5
2.7211 2.23517 101.5
2.7211 2.15087 101.5
2.7211 2.06657 101.5
2.7211 1.98227 101.5
2.7211 1.89797 101.5
2.7211 1.81367 101.5
2.7211 1.72937 101.5
2.7211 1.64507 101.5
2.7211 1.56077 101.5
2.7211 1.47647 101.5
2.7211 1.39217 101.5
2.7211 1.30787 101.5
2.7211 1.22357 101.5
2.7211 1.13927 101.5
2.7211 1.05497 101.5
2.7211 1.13927 101.5
2.7211 1.22357 101.5
2.7211 1.30787 101.5
2.7211 1.39217 101.5
2.7211 1.47647 101.5
2.7211 1.56077 101.5
2.7211 1.64507 101.5
2.7211 1.72937 101.5
2.7211 1.81367 101.5
2.7211 1.89797 101.5
2.7211 1.98227 101.5
2.7211 2.06657 101.5
2.7211 2.15087 101.5
2.7211 2.23517 101.5
2.7211 2.31947 101.5
2.7211 2.40377 101.5
2.7211 2.48807 101.5
2.7211 2.57237 101.5
2.7211 2.65667 101.5
2.8054 2.74097 101.5
2.8897 2.82527 101.5
2.974 2.90957 101.5
3.0583 2.99387 101.5
3.1426 3.07817 101.5
3.2269 3.16247 101.5
3.3112 3.24677 101.5
3.3955 3.33107 101.5
3.4798 3.41537 101.5
3.5641 3.49967 101.5
