# Output from PinnacleROI.cpp
# First line is number of curves
# Second line is space-separated number of points in each curve
# Remainder are the points themselves
6
13 18 17 19 9 3 
-1.9154 1.89797 96.0997
-1.8311 1.89797 96.0997
-1.7468 1.89797 96.0997
-1.6625 1.81367 96.0997
-1.6625 1.72937 96.0997
-1.6625 1.64507 96.0997
-1.6625 1.56077 96.0997
-1.7468 1.47647 96.0997
-1.8311 1.56077 96.0997
-1.9154 1.64507 96.0997
-1.9154 1.72937 96.0997
-1.9154 1.81367 96.0997
-1.9154 1.89797 96.0997
-2.084 1.89797 96.2997
-1.9997 1.89797 96.2997
-1.9154 1.89797 96.2997
-1.8311 1.81367 96.2997
-1.7468 1.72937 96.2997
-1.6625 1.72937 96.2997
-1.6625 1.64507 96.2997
-1.6625 1.56077 96.2997
-1.7468 1.47647 96.2997
-1.8311 1.47647 96.2997
-1.9154 1.47647 96.2997
-1.9997 1.47647 96.2997
-2.084 1.47647 96.2997
-2.1683 1.56077 96.2997
-2.1683 1.64507 96.2997
-2.1683 1.72937 96.2997
-2.084 1.81367 96.2997
-2.084 1.89797 96.2997
-2.1683 1.81367 96.4997
-2.084 1.81367 96.4997
-1.9997 1.81367 96.4997
-1.9154 1.81367 96.4997
-1.8311 1.81367 96.4997
-1.7468 1.81367 96.4997
-1.6625 1.81367 96.4997
-1.6625 1.72937 96.4997
-1.7468 1.64507 96.4997
-1.7468 1.56077 96.4997
-1.8311 1.47647 96.4997
-1.9154 1.47647 96.4997
-1.9997 1.56077 96.4997
-2.084 1.56077 96.4997
-2.1683 1.64507 96.4997
-2.1683 1.72937 96.4997
-2.1683 1.81367 96.4997
-2.2526 1.81367 96.6997
-2.1683 1.81367 96.6997
-2.084 1.81367 96.6997
-1.9997 1.81367 96.6997
-1.9154 1.81367 96.6997
-1.8311 1.81367 96.6997
-1.7468 1.81367 96.6997
-1.7468 1.72937 96.6997
-1.8311 1.64507 96.6997
-1.9154 1.56077 96.6997
-1.9997 1.47647 96.6997
-2.084 1.39217 96.6997
-2.1683 1.39217 96.6997
-2.2526 1.39217 96.6997
-2.2526 1.47647 96.6997
-2.3369 1.56077 96.6997
-2.3369 1.64507 96.6997
-2.3369 1.72937 96.6997
-2.2526 1.81367 96.6997
-2.084 1.98227 96.8997
-1.9997 1.98227 96.8997
-1.9154 1.98227 96.8997
-1.9154 1.89797 96.8997
-1.9997 1.81367 96.8997
-2.084 1.72937 96.8997
-2.084 1.81367 96.8997
-2.084 1.89797 96.8997
-2.084 1.98227 96.8997
-2.1683 2.06657 97.0996
-2.2526 1.98227 97.0996
-2.1683 2.06657 97.0996
