# Output from PinnacleROI.cpp
# First line is number of curves
# Second line is space-separated number of points in each curve
# Remainder are the points themselves
19
83 77 95 100 81 88 67 67 92 86 103 80 112 80 110 74 117 104 90 
5.503 8.89487 92.0997
5.5873 8.89487 92.0997
5.6716 8.89487 92.0997
5.7559 8.89487 92.0997
5.8402 8.89487 92.0997
5.9245 8.81057 92.0997
6.0088 8.72627 92.0997
6.0088 8.64197 92.0997
6.0088 8.55767 92.0997
6.0931 8.47337 92.0997
6.1774 8.38907 92.0997
6.1774 8.30477 92.0997
6.1774 8.22047 92.0997
6.2617 8.13617 92.0997
6.2617 8.05187 92.0997
6.346 7.96757 92.0997
6.4303 7.88327 92.0997
6.5146 7.79897 92.0997
6.5146 7.71467 92.0997
6.5146 7.63037 92.0997
6.5989 7.54607 92.0997
6.5989 7.46177 92.0997
6.6832 7.37747 92.0997
6.7675 7.29317 92.0997
6.7675 7.20887 92.0997
6.8518 7.12457 92.0997
6.8518 7.04027 92.0997
6.9361 6.95597 92.0997
6.9361 6.87167 92.0997
7.0204 6.78737 92.0997
7.0204 6.70307 92.0997
7.0204 6.61877 92.0997
7.1047 6.53447 92.0997
7.1047 6.45017 92.0997
7.189 6.36587 92.0997
7.189 6.28157 92.0997
7.189 6.19727 92.0997
7.189 6.11297 92.0997
7.189 6.02867 92.0997
7.189 5.94437 92.0997
7.1047 5.86007 92.0997
7.0204 5.77577 92.0997
6.9361 5.77577 92.0997
6.8518 5.77577 92.0997
6.7675 5.77577 92.0997
6.6832 5.77577 92.0997
6.5989 5.86007 92.0997
6.5146 5.94437 92.0997
6.5146 6.02867 92.0997
6.4303 6.11297 92.0997
6.4303 6.19727 92.0997
6.346 6.28157 92.0997
6.346 6.36587 92.0997
6.346 6.45017 92.0997
6.2617 6.53447 92.0997
6.2617 6.61877 92.0997
6.1774 6.70307 92.0997
6.1774 6.78737 92.0997
6.0931 6.87167 92.0997
6.0931 6.95597 92.0997
6.0088 7.04027 92.0997
5.9245 7.12457 92.0997
5.9245 7.20887 92.0997
5.8402 7.29317 92.0997
5.8402 7.37747 92.0997
5.8402 7.46177 92.0997
5.7559 7.54607 92.0997
5.6716 7.63037 92.0997
5.5873 7.71467 92.0997
5.5873 7.79897 92.0997
5.503 7.88327 92.0997
5.503 7.96757 92.0997
5.503 8.05187 92.0997
5.4187 8.13617 92.0997
5.3344 8.22047 92.0997
5.3344 8.30477 92.0997
5.3344 8.38907 92.0997
5.3344 8.47337 92.0997
5.3344 8.55767 92.0997
5.3344 8.64197 92.0997
5.3344 8.72627 92.0997
5.4187 8.81057 92.0997
5.503 8.89487 92.0997
-3.3485 8.55767 92.0997
-3.2642 8.55767 92.0997
-3.1799 8.55767 92.0997
-3.0956 8.55767 92.0997
-3.0113 8.55767 92.0997
-2.927 8.47337 92.0997
-2.8427 8.38907 92.0997
-2.8427 8.30477 92.0997
-2.8427 8.22047 92.0997
-2.8427 8.13617 92.0997
-2.8427 8.05187 92.0997
-2.8427 7.96757 92.0997
-2.927 7.88327 92.0997
-3.0113 7.79897 92.0997
-3.0956 7.71467 92.0997
-3.0956 7.63037 92.0997
-3.0956 7.54607 92.0997
-3.1799 7.46177 92.0997
-3.2642 7.37747 92.0997
-3.2642 7.29317 92.0997
-3.3485 7.20887 92.0997
-3.3485 7.12457 92.0997
-3.4328 7.04027 92.0997
-3.4328 6.95597 92.0997
-3.4328 6.87167 92.0997
-3.5171 6.78737 92.0997
-3.6014 6.70307 92.0997
-3.6014 6.61877 92.0997
-3.6857 6.53447 92.0997
-3.6857 6.45017 92.0997
-3.77 6.36587 92.0997
-3.77 6.28157 92.0997
-3.8543 6.19727 92.0997
-3.8543 6.11297 92.0997
-3.9386 6.02867 92.0997
-4.0229 5.94437 92.0997
-4.0229 5.86007 92.0997
-4.1072 5.77577 92.0997
-4.1915 5.69147 92.0997
-4.2758 5.69147 92.0997
-4.3601 5.69147 92.0997
-4.4444 5.69147 92.0997
-4.5287 5.69147 92.0997
-4.613 5.77577 92.0997
-4.6973 5.86007 92.0997
-4.6973 5.94437 92.0997
-4.6973 6.02867 92.0997
-4.6973 6.11297 92.0997
-4.6973 6.19727 92.0997
-4.6973 6.28157 92.0997
-4.613 6.36587 92.0997
-4.613 6.45017 92.0997
-4.5287 6.53447 92.0997
-4.4444 6.61877 92.0997
-4.4444 6.70307 92.0997
-4.3601 6.78737 92.0997
-4.3601 6.87167 92.0997
-4.2758 6.95597 92.0997
-4.2758 7.04027 92.0997
-4.1915 7.12457 92.0997
-4.1915 7.20887 92.0997
-4.1072 7.29317 92.0997
-4.1072 7.37747 92.0997
-4.0229 7.46177 92.0997
-4.0229 7.54607 92.0997
-3.9386 7.63037 92.0997
-3.9386 7.71467 92.0997
-3.9386 7.79897 92.0997
-3.8543 7.88327 92.0997
-3.77 7.96757 92.0997
-3.77 8.05187 92.0997
-3.6857 8.13617 92.0997
-3.6014 8.22047 92.0997
-3.6014 8.30477 92.0997
-3.5171 8.38907 92.0997
-3.4328 8.47337 92.0997
-3.3485 8.55767 92.0997
5.4187 8.89487 91.8997
5.503 8.89487 91.8997
5.5873 8.89487 91.8997
5.6716 8.89487 91.8997
5.7559 8.89487 91.8997
5.8402 8.81057 91.8997
5.9245 8.72627 91.8997
5.9245 8.64197 91.8997
5.9245 8.55767 91.8997
5.9245 8.47337 91.8997
6.0088 8.38907 91.8997
6.0088 8.30477 91.8997
6.0931 8.22047 91.8997
6.1774 8.13617 91.8997
6.1774 8.05187 91.8997
6.1774 7.96757 91.8997
6.2617 7.88327 91.8997
6.2617 7.79897 91.8997
6.346 7.71467 91.8997
6.346 7.63037 91.8997
6.4303 7.54607 91.8997
6.4303 7.46177 91.8997
6.5146 7.37747 91.8997
6.5146 7.29317 91.8997
6.5989 7.20887 91.8997
6.6832 7.12457 91.8997
6.6832 7.04027 91.8997
6.7675 6.95597 91.8997
6.7675 6.87167 91.8997
6.8518 6.78737 91.8997
6.8518 6.70307 91.8997
6.9361 6.61877 91.8997
6.9361 6.53447 91.8997
7.0204 6.45017 91.8997
7.0204 6.36587 91.8997
7.1047 6.28157 91.8997
7.1047 6.19727 91.8997
7.189 6.11297 91.8997
7.189 6.02867 91.8997
7.189 5.94437 91.8997
7.2733 5.86007 91.8997
7.2733 5.77577 91.8997
7.2733 5.69147 91.8997
7.2733 5.60717 91.8997
7.2733 5.52287 91.8997
7.2733 5.43857 91.8997
7.189 5.35427 91.8997
7.1047 5.26997 91.8997
7.0204 5.26997 91.8997
6.9361 5.26997 91.8997
6.8518 5.26997 91.8997
6.7675 5.26997 91.8997
6.6832 5.35427 91.8997
6.5989 5.43857 91.8997
6.5989 5.52287 91.8997
6.5146 5.60717 91.8997
6.5146 5.69147 91.8997
6.4303 5.77577 91.8997
6.4303 5.86007 91.8997
6.346 5.94437 91.8997
6.346 6.02867 91.8997
6.346 6.11297 91.8997
6.2617 6.19727 91.8997
6.2617 6.28157 91.8997
6.1774 6.36587 91.8997
6.1774 6.45017 91.8997
6.0931 6.53447 91.8997
6.0931 6.61877 91.8997
6.0088 6.70307 91.8997
6.0088 6.78737 91.8997
5.9245 6.87167 91.8997
5.8402 6.95597 91.8997
5.8402 7.04027 91.8997
5.7559 7.12457 91.8997
5.7559 7.20887 91.8997
5.6716 7.29317 91.8997
5.6716 7.37747 91.8997
5.5873 7.46177 91.8997
5.5873 7.54607 91.8997
5.503 7.63037 91.8997
5.503 7.71467 91.8997
5.503 7.79897 91.8997
5.4187 7.88327 91.8997
5.3344 7.96757 91.8997
5.3344 8.05187 91.8997
5.2501 8.13617 91.8997
5.2501 8.22047 91.8997
5.2501 8.30477 91.8997
5.2501 8.38907 91.8997
5.2501 8.47337 91.8997
5.2501 8.55767 91.8997
5.2501 8.64197 91.8997
5.2501 8.72627 91.8997
5.3344 8.81057 91.8997
5.4187 8.89487 91.8997
-3.5171 8.55767 91.8997
-3.4328 8.55767 91.8997
-3.3485 8.55767 91.8997
-3.2642 8.55767 91.8997
-3.1799 8.55767 91.8997
-3.0956 8.47337 91.8997
-3.0113 8.38907 91.8997
-3.0113 8.30477 91.8997
-3.0113 8.22047 91.8997
-3.0113 8.13617 91.8997
-3.0113 8.05187 91.8997
-3.0956 7.96757 91.8997
-3.1799 7.88327 91.8997
-3.2642 7.79897 91.8997
-3.3485 7.71467 91.8997
-3.4328 7.63037 91.8997
-3.5171 7.54607 91.8997
-3.6014 7.46177 91.8997
-3.6014 7.37747 91.8997
-3.6014 7.29317 91.8997
-3.6857 7.20887 91.8997
-3.6857 7.12457 91.8997
-3.6857 7.04027 91.8997
-3.77 6.95597 91.8997
-3.77 6.87167 91.8997
-3.77 6.78737 91.8997
-3.77 6.70307 91.8997
-3.8543 6.61877 91.8997
-3.8543 6.53447 91.8997
-3.9386 6.45017 91.8997
-3.9386 6.36587 91.8997
-4.0229 6.28157 91.8997
-4.0229 6.19727 91.8997
-4.0229 6.11297 91.8997
-4.1072 6.02867 91.8997
-4.1072 5.94437 91.8997
-4.1915 5.86007 91.8997
-4.1915 5.77577 91.8997
-4.1915 5.69147 91.8997
-4.2758 5.60717 91.8997
-4.2758 5.52287 91.8997
-4.3601 5.43857 91.8997
-4.3601 5.35427 91.8997
-4.4444 5.26997 91.8997
-4.4444 5.18567 91.8997
-4.5287 5.10137 91.8997
-4.5287 5.01707 91.8997
-4.613 4.93277 91.8997
-4.6973 4.84847 91.8997
-4.7816 4.84847 91.8997
-4.8659 4.84847 91.8997
-4.9502 4.84847 91.8997
-5.0345 4.84847 91.8997
-5.1188 4.93277 91.8997
-5.2031 5.01707 91.8997
-5.2031 5.10137 91.8997
-5.2031 5.18567 91.8997
-5.2031 5.26997 91.8997
-5.2031 5.35427 91.8997
-5.2031 5.43857 91.8997
-5.2031 5.52287 91.8997
-5.2031 5.60717 91.8997
-5.1188 5.69147 91.8997
-5.1188 5.77577 91.8997
-5.0345 5.86007 91.8997
-5.0345 5.94437 91.8997
-5.0345 6.02867 91.8997
-5.0345 6.11297 91.8997
-4.9502 6.19727 91.8997
-4.9502 6.28157 91.8997
-4.9502 6.36587 91.8997
-4.8659 6.45017 91.8997
-4.8659 6.53447 91.8997
-4.8659 6.61877 91.8997
-4.7816 6.70307 91.8997
-4.7816 6.78737 91.8997
-4.7816 6.87167 91.8997
-4.6973 6.95597 91.8997
-4.6973 7.04027 91.8997
-4.613 7.12457 91.8997
-4.5287 7.20887 91.8997
-4.5287 7.29317 91.8997
-4.5287 7.37747 91.8997
-4.4444 7.46177 91.8997
-4.3601 7.54607 91.8997
-4.3601 7.63037 91.8997
-4.2758 7.71467 91.8997
-4.2758 7.79897 91.8997
-4.1915 7.88327 91.8997
-4.1915 7.96757 91.8997
-4.1915 8.05187 91.8997
-4.1915 8.13617 91.8997
-4.1072 8.22047 91.8997
-4.0229 8.30477 91.8997
-3.9386 8.38907 91.8997
-3.8543 8.38907 91.8997
-3.77 8.38907 91.8997
-3.6857 8.38907 91.8997
-3.6014 8.47337 91.8997
-3.5171 8.55767 91.8997
5.1658 8.47337 91.6997
5.2501 8.47337 91.6997
5.3344 8.47337 91.6997
5.4187 8.47337 91.6997
5.503 8.47337 91.6997
5.5873 8.38907 91.6997
5.6716 8.30477 91.6997
5.7559 8.22047 91.6997
5.7559 8.13617 91.6997
5.7559 8.05187 91.6997
5.8402 7.96757 91.6997
5.8402 7.88327 91.6997
5.8402 7.79897 91.6997
5.9245 7.71467 91.6997
6.0088 7.63037 91.6997
6.0088 7.54607 91.6997
6.0931 7.46177 91.6997
6.1774 7.37747 91.6997
6.2617 7.29317 91.6997
6.2617 7.20887 91.6997
6.346 7.12457 91.6997
6.4303 7.04027 91.6997
6.4303 6.95597 91.6997
6.5146 6.87167 91.6997
6.5146 6.78737 91.6997
6.5146 6.70307 91.6997
6.5989 6.61877 91.6997
6.5989 6.53447 91.6997
6.6832 6.45017 91.6997
6.7675 6.36587 91.6997
6.7675 6.28157 91.6997
6.8518 6.19727 91.6997
6.8518 6.11297 91.6997
6.9361 6.02867 91.6997
6.9361 5.94437 91.6997
6.9361 5.86007 91.6997
6.9361 5.77577 91.6997
6.9361 5.69147 91.6997
6.9361 5.60717 91.6997
6.8518 5.52287 91.6997
6.7675 5.43857 91.6997
6.6832 5.43857 91.6997
6.5989 5.43857 91.6997
6.5146 5.43857 91.6997
6.4303 5.43857 91.6997
6.346 5.52287 91.6997
6.2617 5.60717 91.6997
6.2617 5.69147 91.6997
6.1774 5.77577 91.6997
6.1774 5.86007 91.6997
6.0931 5.94437 91.6997
6.0931 6.02867 91.6997
6.0088 6.11297 91.6997
5.9245 6.19727 91.6997
5.9245 6.28157 91.6997
5.8402 6.36587 91.6997
5.8402 6.45017 91.6997
5.8402 6.53447 91.6997
5.7559 6.61877 91.6997
5.7559 6.70307 91.6997
5.6716 6.78737 91.6997
5.5873 6.87167 91.6997
5.503 6.95597 91.6997
5.4187 7.04027 91.6997
5.4187 7.12457 91.6997
5.3344 7.20887 91.6997
5.3344 7.29317 91.6997
5.2501 7.37747 91.6997
5.1658 7.46177 91.6997
5.1658 7.54607 91.6997
5.1658 7.63037 91.6997
5.0815 7.71467 91.6997
5.0815 7.79897 91.6997
5.0815 7.88327 91.6997
4.9972 7.96757 91.6997
4.9972 8.05187 91.6997
4.9972 8.13617 91.6997
4.9972 8.22047 91.6997
4.9972 8.30477 91.6997
5.0815 8.38907 91.6997
5.1658 8.47337 91.6997
-3.77 8.38907 91.6997
-3.6857 8.38907 91.6997
-3.6014 8.38907 91.6997
-3.5171 8.38907 91.6997
-3.4328 8.38907 91.6997
-3.3485 8.38907 91.6997
-3.2642 8.30477 91.6997
-3.1799 8.22047 91.6997
-3.1799 8.13617 91.6997
-3.1799 8.05187 91.6997
-3.1799 7.96757 91.6997
-3.1799 7.88327 91.6997
-3.2642 7.79897 91.6997
-3.2642 7.71467 91.6997
-3.3485 7.63037 91.6997
-3.3485 7.54607 91.6997
-3.4328 7.46177 91.6997
-3.4328 7.37747 91.6997
-3.5171 7.29317 91.6997
-3.6014 7.20887 91.6997
-3.6014 7.12457 91.6997
-3.6014 7.04027 91.6997
-3.6857 6.95597 91.6997
-3.77 6.87167 91.6997
-3.77 6.78737 91.6997
-3.77 6.70307 91.6997
-3.8543 6.61877 91.6997
-3.8543 6.53447 91.6997
-3.9386 6.45017 91.6997
-3.9386 6.36587 91.6997
-4.0229 6.28157 91.6997
-4.1072 6.19727 91.6997
-4.1072 6.11297 91.6997
-4.1072 6.02867 91.6997
-4.1915 5.94437 91.6997
-4.2758 5.86007 91.6997
-4.2758 5.77577 91.6997
-4.3601 5.69147 91.6997
-4.3601 5.60717 91.6997
-4.3601 5.52287 91.6997
-4.4444 5.43857 91.6997
-4.4444 5.35427 91.6997
-4.4444 5.26997 91.6997
-4.5287 5.18567 91.6997
-4.613 5.10137 91.6997
-4.6973 5.10137 91.6997
-4.7816 5.10137 91.6997
-4.8659 5.10137 91.6997
-4.9502 5.10137 91.6997
-5.0345 5.18567 91.6997
-5.1188 5.26997 91.6997
-5.1188 5.35427 91.6997
-5.1188 5.43857 91.6997
-5.1188 5.52287 91.6997
-5.1188 5.60717 91.6997
-5.1188 5.69147 91.6997
-5.1188 5.77577 91.6997
-5.1188 5.86007 91.6997
-5.0345 5.94437 91.6997
-5.0345 6.02867 91.6997
-4.9502 6.11297 91.6997
-4.9502 6.19727 91.6997
-4.8659 6.28157 91.6997
-4.8659 6.36587 91.6997
-4.7816 6.45017 91.6997
-4.7816 6.53447 91.6997
-4.6973 6.61877 91.6997
-4.613 6.70307 91.6997
-4.613 6.78737 91.6997
-4.5287 6.87167 91.6997
-4.5287 6.95597 91.6997
-4.5287 7.04027 91.6997
-4.4444 7.12457 91.6997
-4.4444 7.20887 91.6997
-4.3601 7.29317 91.6997
-4.3601 7.37747 91.6997
-4.2758 7.46177 91.6997
-4.2758 7.54607 91.6997
-4.1915 7.63037 91.6997
-4.1072 7.71467 91.6997
-4.1072 7.79897 91.6997
-4.1072 7.88327 91.6997
-4.0229 7.96757 91.6997
-3.9386 8.05187 91.6997
-3.9386 8.13617 91.6997
-3.9386 8.22047 91.6997
-3.8543 8.30477 91.6997
-3.77 8.38907 91.6997
5.3344 8.22047 91.4997
5.4187 8.22047 91.4997
5.503 8.22047 91.4997
5.5873 8.22047 91.4997
5.6716 8.22047 91.4997
5.7559 8.13617 91.4997
5.8402 8.05187 91.4997
5.8402 7.96757 91.4997
5.9245 7.88327 91.4997
5.9245 7.79897 91.4997
6.0088 7.71467 91.4997
6.0931 7.63037 91.4997
6.1774 7.54607 91.4997
6.1774 7.46177 91.4997
6.2617 7.37747 91.4997
6.346 7.29317 91.4997
6.4303 7.20887 91.4997
6.5146 7.12457 91.4997
6.5146 7.04027 91.4997
6.5989 6.95597 91.4997
6.5989 6.87167 91.4997
6.6832 6.78737 91.4997
6.6832 6.70307 91.4997
6.7675 6.61877 91.4997
6.7675 6.53447 91.4997
6.8518 6.45017 91.4997
6.9361 6.36587 91.4997
6.9361 6.28157 91.4997
6.9361 6.19727 91.4997
6.9361 6.11297 91.4997
6.9361 6.02867 91.4997
6.9361 5.94437 91.4997
6.8518 5.86007 91.4997
6.7675 5.77577 91.4997
6.6832 5.77577 91.4997
6.5989 5.77577 91.4997
6.5146 5.77577 91.4997
6.4303 5.77577 91.4997
6.346 5.86007 91.4997
6.2617 5.94437 91.4997
6.1774 6.02867 91.4997
6.1774 6.11297 91.4997
6.0931 6.19727 91.4997
6.0931 6.28157 91.4997
6.0088 6.36587 91.4997
6.0088 6.45017 91.4997
5.9245 6.53447 91.4997
5.9245 6.61877 91.4997
5.8402 6.70307 91.4997
5.8402 6.78737 91.4997
5.7559 6.87167 91.4997
5.6716 6.95597 91.4997
5.5873 7.04027 91.4997
5.503 7.12457 91.4997
5.503 7.20887 91.4997
5.4187 7.29317 91.4997
5.3344 7.37747 91.4997
5.2501 7.46177 91.4997
5.2501 7.54607 91.4997
5.1658 7.63037 91.4997
5.1658 7.71467 91.4997
5.1658 7.79897 91.4997
5.1658 7.88327 91.4997
5.1658 7.96757 91.4997
5.1658 8.05187 91.4997
5.2501 8.13617 91.4997
5.3344 8.22047 91.4997
-3.77 7.79897 91.4997
-3.6857 7.79897 91.4997
-3.6014 7.79897 91.4997
-3.5171 7.79897 91.4997
-3.4328 7.79897 91.4997
-3.3485 7.71467 91.4997
-3.2642 7.63037 91.4997
-3.2642 7.54607 91.4997
-3.2642 7.46177 91.4997
-3.2642 7.37747 91.4997
-3.2642 7.29317 91.4997
-3.2642 7.20887 91.4997
-3.3485 7.12457 91.4997
-3.3485 7.04027 91.4997
-3.4328 6.95597 91.4997
-3.4328 6.87167 91.4997
-3.4328 6.78737 91.4997
-3.5171 6.70307 91.4997
-3.5171 6.61877 91.4997
-3.5171 6.53447 91.4997
-3.6014 6.45017 91.4997
-3.6014 6.36587 91.4997
-3.6014 6.28157 91.4997
-3.6857 6.19727 91.4997
-3.6857 6.11297 91.4997
-3.6857 6.02867 91.4997
-3.77 5.94437 91.4997
-3.77 5.86007 91.4997
-3.8543 5.77577 91.4997
-3.8543 5.69147 91.4997
-3.8543 5.60717 91.4997
-3.9386 5.52287 91.4997
-4.0229 5.43857 91.4997
-4.1072 5.35427 91.4997
-4.1915 5.35427 91.4997
-4.2758 5.35427 91.4997
-4.3601 5.35427 91.4997
-4.4444 5.35427 91.4997
-4.5287 5.43857 91.4997
-4.613 5.52287 91.4997
-4.613 5.60717 91.4997
-4.613 5.69147 91.4997
-4.613 5.77577 91.4997
-4.613 5.86007 91.4997
-4.5287 5.94437 91.4997
-4.5287 6.02867 91.4997
-4.5287 6.11297 91.4997
-4.4444 6.19727 91.4997
-4.4444 6.28157 91.4997
-4.4444 6.36587 91.4997
-4.3601 6.45017 91.4997
-4.3601 6.53447 91.4997
-4.2758 6.61877 91.4997
-4.2758 6.70307 91.4997
-4.2758 6.78737 91.4997
-4.1915 6.87167 91.4997
-4.1915 6.95597 91.4997
-4.1915 7.04027 91.4997
-4.1915 7.12457 91.4997
-4.1072 7.20887 91.4997
-4.1072 7.29317 91.4997
-4.0229 7.37747 91.4997
-4.0229 7.46177 91.4997
-3.9386 7.54607 91.4997
-3.9386 7.63037 91.4997
-3.8543 7.71467 91.4997
-3.77 7.79897 91.4997
5.2501 8.22047 91.2997
5.3344 8.22047 91.2997
5.4187 8.22047 91.2997
5.503 8.22047 91.2997
5.5873 8.22047 91.2997
5.6716 8.13617 91.2997
5.7559 8.05187 91.2997
5.8402 7.96757 91.2997
5.8402 7.88327 91.2997
5.9245 7.79897 91.2997
5.9245 7.71467 91.2997
6.0088 7.63037 91.2997
6.0088 7.54607 91.2997
6.0931 7.46177 91.2997
6.0931 7.37747 91.2997
6.1774 7.29317 91.2997
6.1774 7.20887 91.2997
6.2617 7.12457 91.2997
6.346 7.04027 91.2997
6.346 6.95597 91.2997
6.4303 6.87167 91.2997
6.4303 6.78737 91.2997
6.4303 6.70307 91.2997
6.5146 6.61877 91.2997
6.5146 6.53447 91.2997
6.5989 6.45017 91.2997
6.5989 6.36587 91.2997
6.6832 6.28157 91.2997
6.7675 6.19727 91.2997
6.8518 6.11297 91.2997
6.8518 6.02867 91.2997
6.9361 5.94437 91.2997
7.0204 5.86007 91.2997
7.1047 5.77577 91.2997
7.189 5.69147 91.2997
7.189 5.60717 91.2997
7.189 5.52287 91.2997
7.189 5.43857 91.2997
7.189 5.35427 91.2997
7.189 5.26997 91.2997
7.1047 5.18567 91.2997
7.0204 5.10137 91.2997
6.9361 5.10137 91.2997
6.8518 5.10137 91.2997
6.7675 5.10137 91.2997
6.6832 5.10137 91.2997
6.5989 5.10137 91.2997
6.5146 5.10137 91.2997
6.4303 5.10137 91.2997
6.346 5.18567 91.2997
6.2617 5.26997 91.2997
6.1774 5.18567 91.2997
6.0931 5.18567 91.2997
6.0088 5.18567 91.2997
5.9245 5.18567 91.2997
5.8402 5.18567 91.2997
5.7559 5.26997 91.2997
5.6716 5.35427 91.2997
5.5873 5.43857 91.2997
5.503 5.52287 91.2997
5.503 5.60717 91.2997
5.4187 5.69147 91.2997
5.4187 5.77577 91.2997
5.4187 5.86007 91.2997
5.3344 5.94437 91.2997
5.3344 6.02867 91.2997
5.3344 6.11297 91.2997
5.2501 6.19727 91.2997
5.2501 6.28157 91.2997
5.2501 6.36587 91.2997
5.2501 6.45017 91.2997
5.1658 6.53447 91.2997
5.1658 6.61877 91.2997
5.1658 6.70307 91.2997
5.1658 6.78737 91.2997
5.1658 6.87167 91.2997
5.1658 6.95597 91.2997
5.1658 7.04027 91.2997
5.2501 7.12457 91.2997
5.3344 7.20887 91.2997
5.3344 7.29317 91.2997
5.2501 7.37747 91.2997
5.2501 7.46177 91.2997
5.1658 7.54607 91.2997
5.0815 7.63037 91.2997
5.0815 7.71467 91.2997
5.0815 7.79897 91.2997
5.0815 7.88327 91.2997
5.0815 7.96757 91.2997
5.0815 8.05187 91.2997
5.1658 8.13617 91.2997
5.2501 8.22047 91.2997
-3.8543 7.96757 91.2997
-3.77 7.96757 91.2997
-3.6857 7.96757 91.2997
-3.6014 7.96757 91.2997
-3.5171 7.96757 91.2997
-3.4328 7.88327 91.2997
-3.3485 7.79897 91.2997
-3.2642 7.71467 91.2997
-3.1799 7.79897 91.2997
-3.0956 7.88327 91.2997
-3.0113 7.88327 91.2997
-2.927 7.88327 91.2997
-2.8427 7.88327 91.2997
-2.7584 7.88327 91.2997
-2.6741 7.79897 91.2997
-2.5898 7.71467 91.2997
-2.5898 7.63037 91.2997
-2.5898 7.54607 91.2997
-2.5898 7.46177 91.2997
-2.5898 7.37747 91.2997
-2.5898 7.29317 91.2997
-2.6741 7.20887 91.2997
-2.6741 7.12457 91.2997
-2.6741 7.04027 91.2997
-2.7584 6.95597 91.2997
-2.7584 6.87167 91.2997
-2.8427 6.78737 91.2997
-2.927 6.70307 91.2997
-2.927 6.61877 91.2997
-2.927 6.53447 91.2997
-3.0113 6.45017 91.2997
-3.0113 6.36587 91.2997
-3.0956 6.28157 91.2997
-3.0956 6.19727 91.2997
-3.1799 6.11297 91.2997
-3.2642 6.02867 91.2997
-3.3485 5.94437 91.2997
-3.3485 5.86007 91.2997
-3.4328 5.77577 91.2997
-3.4328 5.69147 91.2997
-3.5171 5.60717 91.2997
-3.5171 5.52287 91.2997
-3.6014 5.43857 91.2997
-3.6014 5.35427 91.2997
-3.6857 5.26997 91.2997
-3.77 5.18567 91.2997
-3.8543 5.10137 91.2997
-3.9386 5.10137 91.2997
-4.0229 5.10137 91.2997
-4.1072 5.10137 91.2997
-4.1915 5.10137 91.2997
-4.2758 5.10137 91.2997
-4.3601 5.18567 91.2997
-4.4444 5.26997 91.2997
-4.4444 5.35427 91.2997
-4.5287 5.43857 91.2997
-4.613 5.52287 91.2997
-4.6973 5.60717 91.2997
-4.6973 5.69147 91.2997
-4.6973 5.77577 91.2997
-4.6973 5.86007 91.2997
-4.6973 5.94437 91.2997
-4.6973 6.02867 91.2997
-4.6973 6.11297 91.2997
-4.6973 6.19727 91.2997
-4.6973 6.28157 91.2997
-4.6973 6.36587 91.2997
-4.6973 6.45017 91.2997
-4.6973 6.53447 91.2997
-4.6973 6.61877 91.2997
-4.6973 6.70307 91.2997
-4.6973 6.78737 91.2997
-4.6973 6.87167 91.2997
-4.6973 6.95597 91.2997
-4.613 7.04027 91.2997
-4.613 7.12457 91.2997
-4.5287 7.20887 91.2997
-4.4444 7.29317 91.2997
-4.4444 7.37747 91.2997
-4.3601 7.46177 91.2997
-4.2758 7.54607 91.2997
-4.1915 7.63037 91.2997
-4.1072 7.71467 91.2997
-4.0229 7.79897 91.2997
-3.9386 7.88327 91.2997
-3.8543 7.96757 91.2997
5.0815 8.05187 91.0997
5.1658 8.05187 91.0997
5.2501 8.05187 91.0997
5.3344 8.05187 91.0997
5.4187 8.05187 91.0997
5.503 7.96757 91.0997
5.5873 7.88327 91.0997
5.5873 7.79897 91.0997
5.5873 7.71467 91.0997
5.5873 7.63037 91.0997
5.6716 7.54607 91.0997
5.7559 7.63037 91.0997
5.8402 7.71467 91.0997
5.9245 7.71467 91.0997
6.0088 7.71467 91.0997
6.0931 7.71467 91.0997
6.1774 7.71467 91.0997
6.2617 7.71467 91.0997
6.346 7.63037 91.0997
6.4303 7.54607 91.0997
6.5146 7.46177 91.0997
6.5989 7.37747 91.0997
6.5989 7.29317 91.0997
6.6832 7.20887 91.0997
6.7675 7.12457 91.0997
6.7675 7.04027 91.0997
6.8518 6.95597 91.0997
6.8518 6.87167 91.0997
6.9361 6.78737 91.0997
7.0204 6.70307 91.0997
7.0204 6.61877 91.0997
7.1047 6.53447 91.0997
7.1047 6.45017 91.0997
7.1047 6.36587 91.0997
7.189 6.28157 91.0997
7.189 6.19727 91.0997
7.189 6.11297 91.0997
7.189 6.02867 91.0997
7.189 5.94437 91.0997
7.189 5.86007 91.0997
7.189 5.77577 91.0997
7.189 5.69147 91.0997
7.189 5.60717 91.0997
7.189 5.52287 91.0997
7.189 5.43857 91.0997
7.189 5.35427 91.0997
7.189 5.26997 91.0997
7.189 5.18567 91.0997
7.189 5.10137 91.0997
7.1047 5.01707 91.0997
7.1047 4.93277 91.0997
7.0204 4.84847 91.0997
6.9361 4.76417 91.0997
6.8518 4.76417 91.0997
6.7675 4.76417 91.0997
6.6832 4.76417 91.0997
6.5989 4.76417 91.0997
6.5146 4.76417 91.0997
6.4303 4.76417 91.0997
6.346 4.76417 91.0997
6.2617 4.76417 91.0997
6.1774 4.76417 91.0997
6.0931 4.84847 91.0997
6.0088 4.84847 91.0997
5.9245 4.84847 91.0997
5.8402 4.93277 91.0997
5.8402 5.01707 91.0997
5.7559 5.10137 91.0997
5.6716 5.18567 91.0997
5.6716 5.26997 91.0997
5.5873 5.35427 91.0997
5.503 5.43857 91.0997
5.4187 5.52287 91.0997
5.3344 5.60717 91.0997
5.3344 5.69147 91.0997
5.2501 5.77577 91.0997
5.1658 5.86007 91.0997
5.0815 5.94437 91.0997
5.0815 6.02867 91.0997
4.9972 6.11297 91.0997
4.9129 6.19727 91.0997
4.9129 6.28157 91.0997
4.9129 6.36587 91.0997
4.9129 6.45017 91.0997
4.9129 6.53447 91.0997
4.9129 6.61877 91.0997
4.9129 6.70307 91.0997
4.9129 6.78737 91.0997
4.9129 6.87167 91.0997
4.9129 6.95597 91.0997
4.9129 7.04027 91.0997
4.9129 7.12457 91.0997
4.9129 7.20887 91.0997
4.9129 7.29317 91.0997
4.9129 7.37747 91.0997
4.9129 7.46177 91.0997
4.9129 7.54607 91.0997
4.9129 7.63037 91.0997
4.9129 7.71467 91.0997
4.9129 7.79897 91.0997
4.9129 7.88327 91.0997
4.9972 7.96757 91.0997
5.0815 8.05187 91.0997
-3.6857 7.71467 91.0997
-3.6014 7.71467 91.0997
-3.5171 7.71467 91.0997
-3.4328 7.71467 91.0997
-3.3485 7.71467 91.0997
-3.2642 7.71467 91.0997
-3.1799 7.63037 91.0997
-3.0956 7.54607 91.0997
-3.0956 7.46177 91.0997
-3.0113 7.37747 91.0997
-2.927 7.37747 91.0997
-2.8427 7.37747 91.0997
-2.7584 7.37747 91.0997
-2.6741 7.29317 91.0997
-2.5898 7.20887 91.0997
-2.5898 7.12457 91.0997
-2.5898 7.04027 91.0997
-2.5898 6.95597 91.0997
-2.5898 6.87167 91.0997
-2.5898 6.78737 91.0997
-2.5898 6.70307 91.0997
-2.6741 6.61877 91.0997
-2.6741 6.53447 91.0997
-2.7584 6.45017 91.0997
-2.7584 6.36587 91.0997
-2.8427 6.28157 91.0997
-2.8427 6.19727 91.0997
-2.927 6.11297 91.0997
-2.927 6.02867 91.0997
-3.0113 5.94437 91.0997
-3.0956 5.86007 91.0997
-3.0956 5.77577 91.0997
-3.0956 5.69147 91.0997
-3.1799 5.60717 91.0997
-3.2642 5.52287 91.0997
-3.3485 5.43857 91.0997
-3.3485 5.35427 91.0997
-3.3485 5.26997 91.0997
-3.4328 5.18567 91.0997
-3.5171 5.10137 91.0997
-3.6014 5.01707 91.0997
-3.6857 4.93277 91.0997
-3.77 4.93277 91.0997
-3.8543 4.93277 91.0997
-3.9386 4.93277 91.0997
-4.0229 4.93277 91.0997
-4.1072 4.93277 91.0997
-4.1915 5.01707 91.0997
-4.2758 5.10137 91.0997
-4.2758 5.18567 91.0997
-4.2758 5.26997 91.0997
-4.2758 5.35427 91.0997
-4.2758 5.43857 91.0997
-4.2758 5.52287 91.0997
-4.2758 5.60717 91.0997
-4.2758 5.69147 91.0997
-4.2758 5.77577 91.0997
-4.2758 5.86007 91.0997
-4.2758 5.94437 91.0997
-4.2758 6.02867 91.0997
-4.2758 6.11297 91.0997
-4.2758 6.19727 91.0997
-4.2758 6.28157 91.0997
-4.2758 6.36587 91.0997
-4.2758 6.45017 91.0997
-4.2758 6.53447 91.0997
-4.2758 6.61877 91.0997
-4.2758 6.70307 91.0997
-4.1915 6.78737 91.0997
-4.1915 6.87167 91.0997
-4.1915 6.95597 91.0997
-4.1072 7.04027 91.0997
-4.1072 7.12457 91.0997
-4.0229 7.20887 91.0997
-4.0229 7.29317 91.0997
-4.0229 7.37747 91.0997
-3.9386 7.46177 91.0997
-3.8543 7.54607 91.0997
-3.77 7.63037 91.0997
-3.6857 7.71467 91.0997
4.9129 8.47337 90.8997
4.9972 8.47337 90.8997
5.0815 8.47337 90.8997
5.1658 8.47337 90.8997
5.2501 8.47337 90.8997
5.3344 8.38907 90.8997
5.4187 8.30477 90.8997
5.4187 8.22047 90.8997
5.503 8.13617 90.8997
5.5873 8.05187 90.8997
5.5873 7.96757 90.8997
5.6716 7.88327 90.8997
5.7559 7.79897 90.8997
5.7559 7.71467 90.8997
5.8402 7.63037 90.8997
5.8402 7.54607 90.8997
5.9245 7.46177 90.8997
5.9245 7.37747 90.8997
6.0088 7.29317 90.8997
6.0088 7.20887 90.8997
6.0931 7.12457 90.8997
6.0931 7.04027 90.8997
6.0931 6.95597 90.8997
6.1774 6.87167 90.8997
6.1774 6.78737 90.8997
6.2617 6.70307 90.8997
6.2617 6.61877 90.8997
6.346 6.53447 90.8997
6.346 6.45017 90.8997
6.4303 6.36587 90.8997
6.4303 6.28157 90.8997
6.4303 6.19727 90.8997
6.5146 6.11297 90.8997
6.5146 6.02867 90.8997
6.5146 5.94437 90.8997
6.5989 5.86007 90.8997
6.5989 5.77577 90.8997
6.5989 5.69147 90.8997
6.5989 5.60717 90.8997
6.5989 5.52287 90.8997
6.5989 5.43857 90.8997
6.5989 5.35427 90.8997
6.5989 5.26997 90.8997
6.5989 5.18567 90.8997
6.5989 5.10137 90.8997
6.5989 5.01707 90.8997
6.5989 4.93277 90.8997
6.5989 4.84847 90.8997
6.5989 4.76417 90.8997
6.5989 4.67987 90.8997
6.5989 4.59557 90.8997
6.5146 4.51127 90.8997
6.4303 4.42697 90.8997
6.346 4.34267 90.8997
6.2617 4.34267 90.8997
6.1774 4.34267 90.8997
6.0931 4.34267 90.8997
6.0088 4.34267 90.8997
5.9245 4.34267 90.8997
5.8402 4.34267 90.8997
5.7559 4.42697 90.8997
5.6716 4.42697 90.8997
5.5873 4.51127 90.8997
5.503 4.59557 90.8997
5.4187 4.67987 90.8997
5.3344 4.67987 90.8997
5.2501 4.76417 90.8997
5.1658 4.84847 90.8997
5.0815 4.93277 90.8997
4.9972 5.01707 90.8997
4.9972 5.10137 90.8997
4.9129 5.18567 90.8997
4.8286 5.26997 90.8997
4.7443 5.35427 90.8997
4.7443 5.43857 90.8997
4.66 5.52287 90.8997
4.5757 5.60717 90.8997
4.5757 5.69147 90.8997
4.4914 5.77577 90.8997
4.4914 5.86007 90.8997
4.4071 5.94437 90.8997
4.4071 6.02867 90.8997
4.3228 6.11297 90.8997
4.3228 6.19727 90.8997
4.3228 6.28157 90.8997
4.2385 6.36587 90.8997
4.2385 6.45017 90.8997
4.2385 6.53447 90.8997
4.2385 6.61877 90.8997
4.2385 6.70307 90.8997
4.1542 6.78737 90.8997
4.1542 6.87167 90.8997
4.1542 6.95597 90.8997
4.1542 7.04027 90.8997
4.1542 7.12457 90.8997
4.1542 7.20887 90.8997
4.1542 7.29317 90.8997
4.2385 7.37747 90.8997
4.2385 7.46177 90.8997
4.2385 7.54607 90.8997
4.2385 7.63037 90.8997
4.2385 7.71467 90.8997
4.2385 7.79897 90.8997
4.3228 7.88327 90.8997
4.3228 7.96757 90.8997
4.4071 8.05187 90.8997
4.4914 8.13617 90.8997
4.5757 8.22047 90.8997
4.66 8.22047 90.8997
4.7443 8.30477 90.8997
4.8286 8.38907 90.8997
4.9129 8.47337 90.8997
-3.3485 7.71467 90.8997
-3.2642 7.71467 90.8997
-3.1799 7.71467 90.8997
-3.0956 7.71467 90.8997
-3.0113 7.71467 90.8997
-2.927 7.63037 90.8997
-2.8427 7.54607 90.8997
-2.8427 7.46177 90.8997
-2.8427 7.37747 90.8997
-2.8427 7.29317 90.8997
-2.8427 7.20887 90.8997
-2.8427 7.12457 90.8997
-2.8427 7.04027 90.8997
-2.927 6.95597 90.8997
-2.927 6.87167 90.8997
-3.0113 6.78737 90.8997
-3.0113 6.70307 90.8997
-3.0956 6.61877 90.8997
-3.0956 6.53447 90.8997
-3.0956 6.45017 90.8997
-3.1799 6.36587 90.8997
-3.1799 6.28157 90.8997
-3.1799 6.19727 90.8997
-3.2642 6.11297 90.8997
-3.2642 6.02867 90.8997
-3.2642 5.94437 90.8997
-3.2642 5.86007 90.8997
-3.3485 5.77577 90.8997
-3.3485 5.69147 90.8997
-3.3485 5.60717 90.8997
-3.3485 5.52287 90.8997
-3.4328 5.43857 90.8997
-3.5171 5.35427 90.8997
-3.5171 5.26997 90.8997
-3.5171 5.18567 90.8997
-3.6014 5.10137 90.8997
-3.6857 5.01707 90.8997
-3.6857 4.93277 90.8997
-3.77 4.84847 90.8997
-3.8543 4.76417 90.8997
-3.9386 4.76417 90.8997
-4.0229 4.76417 90.8997
-4.1072 4.76417 90.8997
-4.1915 4.76417 90.8997
-4.2758 4.76417 90.8997
-4.3601 4.84847 90.8997
-4.4444 4.93277 90.8997
-4.4444 5.01707 90.8997
-4.4444 5.10137 90.8997
-4.4444 5.18567 90.8997
-4.4444 5.26997 90.8997
-4.3601 5.35427 90.8997
-4.2758 5.43857 90.8997
-4.2758 5.52287 90.8997
-4.1915 5.60717 90.8997
-4.1915 5.69147 90.8997
-4.1072 5.77577 90.8997
-4.1072 5.86007 90.8997
-4.0229 5.94437 90.8997
-4.0229 6.02867 90.8997
-4.0229 6.11297 90.8997
-3.9386 6.19727 90.8997
-3.9386 6.28157 90.8997
-3.9386 6.36587 90.8997
-3.9386 6.45017 90.8997
-3.8543 6.53447 90.8997
-3.8543 6.61877 90.8997
-3.8543 6.70307 90.8997
-3.77 6.78737 90.8997
-3.77 6.87167 90.8997
-3.77 6.95597 90.8997
-3.6857 7.04027 90.8997
-3.6857 7.12457 90.8997
-3.6857 7.20887 90.8997
-3.6014 7.29317 90.8997
-3.5171 7.37747 90.8997
-3.5171 7.46177 90.8997
-3.5171 7.54607 90.8997
-3.4328 7.63037 90.8997
-3.3485 7.71467 90.8997
4.9129 8.30477 90.6997
4.9972 8.30477 90.6997
5.0815 8.30477 90.6997
5.1658 8.30477 90.6997
5.2501 8.30477 90.6997
5.3344 8.22047 90.6997
5.4187 8.13617 90.6997
5.4187 8.05187 90.6997
5.503 7.96757 90.6997
5.503 7.88327 90.6997
5.5873 7.79897 90.6997
5.5873 7.71467 90.6997
5.6716 7.63037 90.6997
5.6716 7.54607 90.6997
5.6716 7.46177 90.6997
5.7559 7.37747 90.6997
5.8402 7.29317 90.6997
5.8402 7.20887 90.6997
5.9245 7.12457 90.6997
6.0088 7.04027 90.6997
6.0088 6.95597 90.6997
6.0931 6.87167 90.6997
6.0931 6.78737 90.6997
6.0931 6.70307 90.6997
6.0931 6.61877 90.6997
6.0931 6.53447 90.6997
6.1774 6.45017 90.6997
6.1774 6.36587 90.6997
6.2617 6.28157 90.6997
6.2617 6.19727 90.6997
6.346 6.11297 90.6997
6.346 6.02867 90.6997
6.4303 5.94437 90.6997
6.4303 5.86007 90.6997
6.5146 5.77577 90.6997
6.5146 5.69147 90.6997
6.5146 5.60717 90.6997
6.5989 5.52287 90.6997
6.5989 5.43857 90.6997
6.5989 5.35427 90.6997
6.5989 5.26997 90.6997
6.5989 5.18567 90.6997
6.5989 5.10137 90.6997
6.5989 5.01707 90.6997
6.5146 4.93277 90.6997
6.4303 4.84847 90.6997
6.346 4.84847 90.6997
6.2617 4.84847 90.6997
6.1774 4.84847 90.6997
6.0931 4.84847 90.6997
6.0088 4.84847 90.6997
5.9245 4.84847 90.6997
5.8402 4.93277 90.6997
5.7559 4.93277 90.6997
5.6716 4.93277 90.6997
5.5873 4.93277 90.6997
5.503 4.93277 90.6997
5.4187 4.93277 90.6997
5.3344 4.93277 90.6997
5.2501 4.93277 90.6997
5.1658 4.93277 90.6997
5.0815 5.01707 90.6997
4.9972 5.10137 90.6997
4.9129 5.18567 90.6997
4.9129 5.26997 90.6997
4.8286 5.35427 90.6997
4.8286 5.43857 90.6997
4.7443 5.52287 90.6997
4.7443 5.60717 90.6997
4.66 5.69147 90.6997
4.5757 5.77577 90.6997
4.5757 5.86007 90.6997
4.4914 5.94437 90.6997
4.4914 6.02867 90.6997
4.4071 6.11297 90.6997
4.4071 6.19727 90.6997
4.4071 6.28157 90.6997
4.4071 6.36587 90.6997
4.4071 6.45017 90.6997
4.4071 6.53447 90.6997
4.4071 6.61877 90.6997
4.3228 6.70307 90.6997
4.3228 6.78737 90.6997
4.2385 6.87167 90.6997
4.2385 6.95597 90.6997
4.1542 7.04027 90.6997
4.1542 7.12457 90.6997
4.0699 7.20887 90.6997
4.0699 7.29317 90.6997
4.0699 7.37747 90.6997
3.9856 7.46177 90.6997
3.9856 7.54607 90.6997
3.9013 7.63037 90.6997
3.9013 7.71467 90.6997
3.9013 7.79897 90.6997
3.9013 7.88327 90.6997
3.9013 7.96757 90.6997
3.9856 8.05187 90.6997
4.0699 8.13617 90.6997
4.1542 8.13617 90.6997
4.2385 8.13617 90.6997
4.3228 8.13617 90.6997
4.4071 8.13617 90.6997
4.4914 8.13617 90.6997
4.5757 8.05187 90.6997
4.66 7.96757 90.6997
4.7443 8.05187 90.6997
4.7443 8.13617 90.6997
4.8286 8.22047 90.6997
4.9129 8.30477 90.6997
-3.5171 7.37747 90.6997
-3.4328 7.37747 90.6997
-3.3485 7.37747 90.6997
-3.2642 7.37747 90.6997
-3.1799 7.37747 90.6997
-3.0956 7.37747 90.6997
-3.0113 7.29317 90.6997
-2.927 7.20887 90.6997
-2.927 7.12457 90.6997
-2.927 7.04027 90.6997
-2.927 6.95597 90.6997
-2.927 6.87167 90.6997
-3.0113 6.78737 90.6997
-3.0113 6.70307 90.6997
-3.0113 6.61877 90.6997
-3.0956 6.53447 90.6997
-3.1799 6.45017 90.6997
-3.1799 6.36587 90.6997
-3.2642 6.28157 90.6997
-3.2642 6.19727 90.6997
-3.3485 6.11297 90.6997
-3.3485 6.02867 90.6997
-3.3485 5.94437 90.6997
-3.4328 5.86007 90.6997
-3.4328 5.77577 90.6997
-3.4328 5.69147 90.6997
-3.5171 5.60717 90.6997
-3.5171 5.52287 90.6997
-3.6014 5.43857 90.6997
-3.6014 5.35427 90.6997
-3.6014 5.26997 90.6997
-3.6857 5.18567 90.6997
-3.6857 5.10137 90.6997
-3.6857 5.01707 90.6997
-3.6857 4.93277 90.6997
-3.6857 4.84847 90.6997
-3.77 4.76417 90.6997
-3.8543 4.67987 90.6997
-3.9386 4.67987 90.6997
-4.0229 4.67987 90.6997
-4.1072 4.67987 90.6997
-4.1915 4.67987 90.6997
-4.2758 4.76417 90.6997
-4.3601 4.84847 90.6997
-4.3601 4.93277 90.6997
-4.3601 5.01707 90.6997
-4.3601 5.10137 90.6997
-4.3601 5.18567 90.6997
-4.3601 5.26997 90.6997
-4.3601 5.35427 90.6997
-4.3601 5.43857 90.6997
-4.3601 5.52287 90.6997
-4.2758 5.60717 90.6997
-4.2758 5.69147 90.6997
-4.2758 5.77577 90.6997
-4.1915 5.86007 90.6997
-4.1915 5.94437 90.6997
-4.1072 6.02867 90.6997
-4.1072 6.11297 90.6997
-4.1072 6.19727 90.6997
-4.0229 6.28157 90.6997
-4.0229 6.36587 90.6997
-4.0229 6.45017 90.6997
-3.9386 6.53447 90.6997
-3.9386 6.61877 90.6997
-3.8543 6.70307 90.6997
-3.8543 6.78737 90.6997
-3.77 6.87167 90.6997
-3.6857 6.95597 90.6997
-3.6857 7.04027 90.6997
-3.6857 7.12457 90.6997
-3.6857 7.20887 90.6997
-3.6014 7.29317 90.6997
-3.5171 7.37747 90.6997
4.5757 8.47337 90.4997
4.66 8.47337 90.4997
4.7443 8.47337 90.4997
4.8286 8.47337 90.4997
4.9129 8.47337 90.4997
4.9972 8.38907 90.4997
5.0815 8.38907 90.4997
5.1658 8.30477 90.4997
5.2501 8.22047 90.4997
5.2501 8.13617 90.4997
5.3344 8.05187 90.4997
5.3344 7.96757 90.4997
5.4187 7.88327 90.4997
5.503 7.79897 90.4997
5.5873 7.71467 90.4997
5.5873 7.63037 90.4997
5.6716 7.54607 90.4997
5.6716 7.46177 90.4997
5.7559 7.37747 90.4997
5.8402 7.29317 90.4997
5.9245 7.20887 90.4997
6.0088 7.12457 90.4997
6.0088 7.04027 90.4997
6.0931 6.95597 90.4997
6.0931 6.87167 90.4997
6.1774 6.78737 90.4997
6.1774 6.70307 90.4997
6.2617 6.61877 90.4997
6.2617 6.53447 90.4997
6.2617 6.45017 90.4997
6.346 6.36587 90.4997
6.346 6.28157 90.4997
6.4303 6.19727 90.4997
6.4303 6.11297 90.4997
6.4303 6.02867 90.4997
6.5146 5.94437 90.4997
6.5146 5.86007 90.4997
6.5146 5.77577 90.4997
6.5989 5.69147 90.4997
6.5989 5.60717 90.4997
6.5989 5.52287 90.4997
6.6832 5.43857 90.4997
6.6832 5.35427 90.4997
6.6832 5.26997 90.4997
6.6832 5.18567 90.4997
6.6832 5.10137 90.4997
6.6832 5.01707 90.4997
6.6832 4.93277 90.4997
6.6832 4.84847 90.4997
6.5989 4.76417 90.4997
6.5989 4.67987 90.4997
6.5146 4.59557 90.4997
6.4303 4.51127 90.4997
6.346 4.42697 90.4997
6.2617 4.42697 90.4997
6.1774 4.42697 90.4997
6.0931 4.42697 90.4997
6.0088 4.42697 90.4997
5.9245 4.51127 90.4997
5.8402 4.51127 90.4997
5.7559 4.51127 90.4997
5.6716 4.59557 90.4997
5.5873 4.59557 90.4997
5.503 4.67987 90.4997
5.4187 4.67987 90.4997
5.3344 4.76417 90.4997
5.2501 4.76417 90.4997
5.1658 4.84847 90.4997
5.0815 4.93277 90.4997
4.9972 4.93277 90.4997
4.9129 5.01707 90.4997
4.8286 5.10137 90.4997
4.7443 5.18567 90.4997
4.7443 5.26997 90.4997
4.66 5.35427 90.4997
4.5757 5.43857 90.4997
4.5757 5.52287 90.4997
4.4914 5.60717 90.4997
4.4071 5.69147 90.4997
4.4071 5.77577 90.4997
4.3228 5.86007 90.4997
4.3228 5.94437 90.4997
4.2385 6.02867 90.4997
4.2385 6.11297 90.4997
4.2385 6.19727 90.4997
4.1542 6.28157 90.4997
4.1542 6.36587 90.4997
4.0699 6.45017 90.4997
4.0699 6.53447 90.4997
4.0699 6.61877 90.4997
3.9856 6.70307 90.4997
3.9856 6.78737 90.4997
3.9856 6.87167 90.4997
3.9856 6.95597 90.4997
3.9013 7.04027 90.4997
3.9013 7.12457 90.4997
3.9013 7.20887 90.4997
3.9013 7.29317 90.4997
3.9013 7.37747 90.4997
3.9013 7.46177 90.4997
3.9856 7.54607 90.4997
4.0699 7.63037 90.4997
4.1542 7.63037 90.4997
4.2385 7.63037 90.4997
4.3228 7.63037 90.4997
4.4071 7.63037 90.4997
4.4914 7.63037 90.4997
4.5757 7.71467 90.4997
4.5757 7.79897 90.4997
4.4914 7.88327 90.4997
4.4071 7.96757 90.4997
4.4071 8.05187 90.4997
4.4071 8.13617 90.4997
4.4071 8.22047 90.4997
4.4071 8.30477 90.4997
4.4914 8.38907 90.4997
4.5757 8.47337 90.4997
4.9972 8.13617 90.2997
5.0815 8.13617 90.2997
5.1658 8.13617 90.2997
5.2501 8.13617 90.2997
5.3344 8.13617 90.2997
5.4187 8.13617 90.2997
5.503 8.13617 90.2997
5.5873 8.05187 90.2997
5.6716 7.96757 90.2997
5.7559 7.88327 90.2997
5.8402 7.79897 90.2997
5.8402 7.71467 90.2997
5.9245 7.63037 90.2997
5.9245 7.54607 90.2997
6.0088 7.46177 90.2997
6.0088 7.37747 90.2997
6.0088 7.29317 90.2997
6.0931 7.20887 90.2997
6.0931 7.12457 90.2997
6.0931 7.04027 90.2997
6.0931 6.95597 90.2997
6.1774 6.87167 90.2997
6.1774 6.78737 90.2997
6.2617 6.70307 90.2997
6.2617 6.61877 90.2997
6.2617 6.53447 90.2997
6.346 6.45017 90.2997
6.346 6.36587 90.2997
6.346 6.28157 90.2997
6.4303 6.19727 90.2997
6.4303 6.11297 90.2997
6.4303 6.02867 90.2997
6.4303 5.94437 90.2997
6.4303 5.86007 90.2997
6.4303 5.77577 90.2997
6.4303 5.69147 90.2997
6.4303 5.60717 90.2997
6.4303 5.52287 90.2997
6.4303 5.43857 90.2997
6.4303 5.35427 90.2997
6.4303 5.26997 90.2997
6.4303 5.18567 90.2997
6.4303 5.10137 90.2997
6.4303 5.01707 90.2997
6.4303 4.93277 90.2997
6.346 4.84847 90.2997
6.2617 4.76417 90.2997
6.1774 4.67987 90.2997
6.0931 4.59557 90.2997
6.0088 4.59557 90.2997
5.9245 4.51127 90.2997
5.8402 4.51127 90.2997
5.7559 4.51127 90.2997
5.6716 4.51127 90.2997
5.5873 4.51127 90.2997
5.503 4.51127 90.2997
5.4187 4.51127 90.2997
5.3344 4.51127 90.2997
5.2501 4.59557 90.2997
5.1658 4.67987 90.2997
5.0815 4.76417 90.2997
4.9972 4.84847 90.2997
4.9129 4.93277 90.2997
4.9129 5.01707 90.2997
4.9129 5.10137 90.2997
4.8286 5.18567 90.2997
4.7443 5.26997 90.2997
4.7443 5.35427 90.2997
4.7443 5.43857 90.2997
4.66 5.52287 90.2997
4.66 5.60717 90.2997
4.66 5.69147 90.2997
4.5757 5.77577 90.2997
4.5757 5.86007 90.2997
4.5757 5.94437 90.2997
4.4914 6.02867 90.2997
4.4914 6.11297 90.2997
4.4914 6.19727 90.2997
4.4914 6.28157 90.2997
4.4914 6.36587 90.2997
4.4071 6.45017 90.2997
4.4071 6.53447 90.2997
4.4071 6.61877 90.2997
4.4071 6.70307 90.2997
4.4071 6.78737 90.2997
4.4071 6.87167 90.2997
4.3228 6.95597 90.2997
4.3228 7.04027 90.2997
4.3228 7.12457 90.2997
4.3228 7.20887 90.2997
4.3228 7.29317 90.2997
4.3228 7.37747 90.2997
4.3228 7.46177 90.2997
4.3228 7.54607 90.2997
4.4071 7.63037 90.2997
4.4914 7.71467 90.2997
4.5757 7.71467 90.2997
4.66 7.71467 90.2997
4.7443 7.71467 90.2997
4.8286 7.79897 90.2997
4.8286 7.88327 90.2997
4.8286 7.96757 90.2997
4.9129 8.05187 90.2997
4.9972 8.13617 90.2997
4.66 7.71467 90.0997
4.7443 7.71467 90.0997
4.8286 7.71467 90.0997
4.9129 7.71467 90.0997
4.9972 7.71467 90.0997
5.0815 7.63037 90.0997
5.1658 7.54607 90.0997
5.1658 7.46177 90.0997
5.2501 7.37747 90.0997
5.2501 7.29317 90.0997
5.2501 7.20887 90.0997
5.3344 7.12457 90.0997
5.3344 7.04027 90.0997
5.3344 6.95597 90.0997
5.4187 6.87167 90.0997
5.4187 6.78737 90.0997
5.4187 6.70307 90.0997
5.503 6.61877 90.0997
5.5873 6.61877 90.0997
5.6716 6.61877 90.0997
5.7559 6.61877 90.0997
5.8402 6.53447 90.0997
5.9245 6.45017 90.0997
5.9245 6.36587 90.0997
5.9245 6.28157 90.0997
6.0088 6.19727 90.0997
6.0088 6.11297 90.0997
6.0088 6.02867 90.0997
6.0088 5.94437 90.0997
6.0088 5.86007 90.0997
6.0088 5.77577 90.0997
6.0088 5.69147 90.0997
6.0088 5.60717 90.0997
6.0088 5.52287 90.0997
6.0088 5.43857 90.0997
6.0088 5.35427 90.0997
6.0088 5.26997 90.0997
6.0088 5.18567 90.0997
6.0088 5.10137 90.0997
5.9245 5.01707 90.0997
5.9245 4.93277 90.0997
5.9245 4.84847 90.0997
5.9245 4.76417 90.0997
5.9245 4.67987 90.0997
5.9245 4.59557 90.0997
5.8402 4.51127 90.0997
5.7559 4.42697 90.0997
5.6716 4.42697 90.0997
5.5873 4.42697 90.0997
5.503 4.42697 90.0997
5.4187 4.42697 90.0997
5.3344 4.51127 90.0997
5.2501 4.59557 90.0997
5.2501 4.67987 90.0997
5.1658 4.76417 90.0997
5.1658 4.84847 90.0997
5.1658 4.93277 90.0997
5.1658 5.01707 90.0997
5.0815 5.10137 90.0997
5.0815 5.18567 90.0997
5.0815 5.26997 90.0997
4.9972 5.35427 90.0997
4.9972 5.43857 90.0997
4.9972 5.52287 90.0997
4.9972 5.60717 90.0997
4.9972 5.69147 90.0997
4.9129 5.77577 90.0997
4.9129 5.86007 90.0997
4.9129 5.94437 90.0997
4.8286 6.02867 90.0997
4.8286 6.11297 90.0997
4.7443 6.19727 90.0997
4.7443 6.28157 90.0997
4.7443 6.36587 90.0997
4.7443 6.45017 90.0997
4.7443 6.53447 90.0997
4.66 6.61877 90.0997
4.66 6.70307 90.0997
4.66 6.78737 90.0997
4.5757 6.87167 90.0997
4.5757 6.95597 90.0997
4.5757 7.04027 90.0997
4.4914 7.12457 90.0997
4.4914 7.20887 90.0997
4.4914 7.29317 90.0997
4.4914 7.37747 90.0997
4.4914 7.46177 90.0997
4.4914 7.54607 90.0997
4.5757 7.63037 90.0997
4.66 7.71467 90.0997
