# Output from PinnacleROI.cpp
# First line is number of curves
# Second line is space-separated number of points in each curve
# Remainder are the points themselves
60
40 48 31 30 26 25 24 26 36 62 44 43 35 28 34 33 64 58 51 54 43 38 38 36 74 77 67 65 53 50 50 44 43 49 58 50 68 119 70 74 80 75 74 67 66 70 102 118 129 145 143 140 83 86 80 71 63 61 61 62 
-1.5782 1.64507 96.0997
-1.4939 1.64507 96.0997
-1.4096 1.56077 96.0997
-1.3253 1.47647 96.0997
-1.241 1.39217 96.0997
-1.1567 1.30787 96.0997
-1.0724 1.22357 96.0997
-0.988102 1.22357 96.0997
-0.903801 1.13927 96.0997
-0.819502 1.05497 96.0997
-0.735201 0.970671 96.0997
-0.650902 0.886372 96.0997
-0.566601 0.802071 96.0997
-0.482302 0.717772 96.0997
-0.398003 0.633471 96.0997
-0.313702 0.549171 96.0997
-0.229403 0.46487 96.0997
-0.229403 0.380571 96.0997
-0.229403 0.29627 96.0997
-0.229403 0.211971 96.0997
-0.313702 0.211971 96.0997
-0.398003 0.211971 96.0997
-0.482302 0.29627 96.0997
-0.566601 0.380571 96.0997
-0.650902 0.46487 96.0997
-0.735201 0.549171 96.0997
-0.819502 0.633471 96.0997
-0.903801 0.717772 96.0997
-0.988102 0.802071 96.0997
-1.0724 0.886372 96.0997
-1.1567 0.970671 96.0997
-1.241 1.05497 96.0997
-1.3253 1.05497 96.0997
-1.4096 1.13927 96.0997
-1.4939 1.22357 96.0997
-1.5782 1.30787 96.0997
-1.6625 1.39217 96.0997
-1.6625 1.47647 96.0997
-1.5782 1.56077 96.0997
-1.5782 1.64507 96.0997
-1.5782 1.64507 96.2997
-1.4939 1.64507 96.2997
-1.4096 1.56077 96.2997
-1.3253 1.56077 96.2997
-1.3253 1.47647 96.2997
-1.3253 1.39217 96.2997
-1.241 1.30787 96.2997
-1.1567 1.30787 96.2997
-1.0724 1.22357 96.2997
-0.988102 1.13927 96.2997
-0.903801 1.05497 96.2997
-0.819502 1.05497 96.2997
-0.735201 0.970671 96.2997
-0.650902 0.886372 96.2997
-0.566601 0.802071 96.2997
-0.482302 0.717772 96.2997
-0.398003 0.633471 96.2997
-0.313702 0.549171 96.2997
-0.229403 0.46487 96.2997
-0.145102 0.380571 96.2997
-0.0608025 0.29627 96.2997
0.0234985 0.211971 96.2997
0.0234985 0.12767 96.2997
0.0234985 0.0433712 96.2997
-0.0608025 0.0433712 96.2997
-0.145102 0.0433712 96.2997
-0.229403 0.0433712 96.2997
-0.229403 0.12767 96.2997
-0.313702 0.211971 96.2997
-0.398003 0.29627 96.2997
-0.482302 0.29627 96.2997
-0.566601 0.380571 96.2997
-0.650902 0.46487 96.2997
-0.735201 0.549171 96.2997
-0.819502 0.633471 96.2997
-0.903801 0.717772 96.2997
-0.988102 0.802071 96.2997
-1.0724 0.886372 96.2997
-1.1567 0.886372 96.2997
-1.241 0.970671 96.2997
-1.3253 1.05497 96.2997
-1.4096 1.13927 96.2997
-1.4939 1.22357 96.2997
-1.5782 1.30787 96.2997
-1.6625 1.39217 96.2997
-1.6625 1.47647 96.2997
-1.5782 1.56077 96.2997
-1.5782 1.64507 96.2997
-1.5782 1.81367 96.4997
-1.4939 1.72937 96.4997
-1.4096 1.64507 96.4997
-1.3253 1.56077 96.4997
-1.241 1.47647 96.4997
-1.1567 1.39217 96.4997
-1.0724 1.30787 96.4997
-0.988102 1.22357 96.4997
-0.903801 1.13927 96.4997
-0.819502 1.13927 96.4997
-0.735201 1.05497 96.4997
-0.735201 0.970671 96.4997
-0.735201 0.886372 96.4997
-0.735201 0.802071 96.4997
-0.819502 0.802071 96.4997
-0.903801 0.802071 96.4997
-0.988102 0.886372 96.4997
-1.0724 0.970671 96.4997
-1.1567 1.05497 96.4997
-1.241 1.05497 96.4997
-1.3253 1.13927 96.4997
-1.4096 1.22357 96.4997
-1.4939 1.22357 96.4997
-1.5782 1.30787 96.4997
-1.6625 1.39217 96.4997
-1.7468 1.39217 96.4997
-1.7468 1.47647 96.4997
-1.6625 1.56077 96.4997
-1.6625 1.64507 96.4997
-1.5782 1.72937 96.4997
-1.5782 1.81367 96.4997
-1.6625 1.81367 96.6997
-1.5782 1.72937 96.6997
-1.4939 1.64507 96.6997
-1.4096 1.64507 96.6997
-1.3253 1.56077 96.6997
-1.241 1.47647 96.6997
-1.1567 1.39217 96.6997
-1.1567 1.30787 96.6997
-1.0724 1.22357 96.6997
-0.988102 1.22357 96.6997
-0.988102 1.13927 96.6997
-0.988102 1.05497 96.6997
-0.988102 0.970671 96.6997
-1.0724 0.970671 96.6997
-1.1567 0.970671 96.6997
-1.241 1.05497 96.6997
-1.3253 1.05497 96.6997
-1.4096 1.13927 96.6997
-1.4939 1.22357 96.6997
-1.5782 1.30787 96.6997
-1.6625 1.30787 96.6997
-1.7468 1.30787 96.6997
-1.8311 1.39217 96.6997
-1.9154 1.39217 96.6997
-1.9997 1.39217 96.6997
-1.9154 1.47647 96.6997
-1.8311 1.56077 96.6997
-1.7468 1.64507 96.6997
-1.6625 1.72937 96.6997
-1.6625 1.81367 96.6997
-1.8311 1.98227 96.8997
-1.7468 1.98227 96.8997
-1.6625 1.98227 96.8997
-1.5782 1.98227 96.8997
-1.5782 1.89797 96.8997
-1.4939 1.81367 96.8997
-1.4096 1.72937 96.8997
-1.4096 1.64507 96.8997
-1.3253 1.56077 96.8997
-1.241 1.47647 96.8997
-1.241 1.39217 96.8997
-1.241 1.30787 96.8997
-1.241 1.22357 96.8997
-1.3253 1.22357 96.8997
-1.4096 1.22357 96.8997
-1.4939 1.30787 96.8997
-1.5782 1.30787 96.8997
-1.6625 1.39217 96.8997
-1.7468 1.47647 96.8997
-1.8311 1.56077 96.8997
-1.9154 1.56077 96.8997
-1.9997 1.64507 96.8997
-1.9997 1.72937 96.8997
-1.9154 1.81367 96.8997
-1.8311 1.89797 96.8997
-1.8311 1.98227 96.8997
-2.084 2.06657 97.0996
-1.9997 2.06657 97.0996
-1.9154 2.06657 97.0996
-1.8311 2.06657 97.0996
-1.7468 2.06657 97.0996
-1.6625 1.98227 97.0996
-1.5782 1.98227 97.0996
-1.5782 1.89797 97.0996
-1.5782 1.81367 97.0996
-1.5782 1.72937 97.0996
-1.5782 1.64507 97.0996
-1.5782 1.56077 97.0996
-1.6625 1.56077 97.0996
-1.7468 1.56077 97.0996
-1.8311 1.64507 97.0996
-1.9154 1.64507 97.0996
-1.9997 1.72937 97.0996
-2.084 1.64507 97.0996
-2.1683 1.64507 97.0996
-2.2526 1.64507 97.0996
-2.2526 1.72937 97.0996
-2.2526 1.81367 97.0996
-2.2526 1.89797 97.0996
-2.1683 1.98227 97.0996
-2.084 2.06657 97.0996
-2.2526 2.06657 97.2996
-2.1683 2.06657 97.2996
-2.084 2.06657 97.2996
-1.9997 2.06657 97.2996
-1.9154 2.06657 97.2996
-1.8311 2.06657 97.2996
-1.7468 2.06657 97.2996
-1.6625 2.06657 97.2996
-1.5782 1.98227 97.2996
-1.5782 1.89797 97.2996
-1.5782 1.81367 97.2996
-1.6625 1.81367 97.2996
-1.7468 1.81367 97.2996
-1.8311 1.72937 97.2996
-1.9154 1.72937 97.2996
-1.9997 1.72937 97.2996
-2.084 1.72937 97.2996
-2.1683 1.72937 97.2996
-2.2526 1.72937 97.2996
-2.3369 1.72937 97.2996
-2.3369 1.81367 97.2996
-2.3369 1.89797 97.2996
-2.3369 1.98227 97.2996
-2.2526 2.06657 97.2996
-2.2526 1.98227 97.4996
-2.1683 1.98227 97.4996
-2.084 1.98227 97.4996
-1.9997 1.98227 97.4996
-1.9154 1.98227 97.4996
-1.8311 1.98227 97.4996
-1.7468 1.98227 97.4996
-1.6625 1.98227 97.4996
-1.5782 1.89797 97.4996
-1.4939 1.81367 97.4996
-1.4096 1.81367 97.4996
-1.4096 1.72937 97.4996
-1.4096 1.64507 97.4996
-1.4939 1.64507 97.4996
-1.5782 1.64507 97.4996
-1.6625 1.64507 97.4996
-1.7468 1.72937 97.4996
-1.8311 1.72937 97.4996
-1.9154 1.72937 97.4996
-1.9997 1.72937 97.4996
-2.084 1.72937 97.4996
-2.1683 1.72937 97.4996
-2.2526 1.72937 97.4996
-2.2526 1.81367 97.4996
-2.2526 1.89797 97.4996
-2.2526 1.98227 97.4996
-1.5782 1.30787 97.4996
-1.4939 1.30787 97.4996
-1.4096 1.30787 97.4996
-1.3253 1.22357 97.4996
-1.241 1.13927 97.4996
-1.1567 1.13927 97.4996
-1.0724 1.05497 97.4996
-0.988102 1.05497 97.4996
-0.903801 0.970671 97.4996
-0.819502 0.886372 97.4996
-0.735201 0.886372 97.4996
-0.650902 0.802071 97.4996
-0.566601 0.717772 97.4996
-0.482302 0.717772 97.4996
-0.398003 0.633471 97.4996
-0.313702 0.549171 97.4996
-0.313702 0.46487 97.4996
-0.313702 0.380571 97.4996
-0.398003 0.380571 97.4996
-0.482302 0.380571 97.4996
-0.566601 0.380571 97.4996
-0.650902 0.46487 97.4996
-0.735201 0.549171 97.4996
-0.819502 0.549171 97.4996
-0.903801 0.633471 97.4996
-0.988102 0.717772 97.4996
-1.0724 0.802071 97.4996
-1.1567 0.802071 97.4996
-1.241 0.886372 97.4996
-1.3253 0.886372 97.4996
-1.4096 0.970671 97.4996
-1.4939 1.05497 97.4996
-1.5782 1.05497 97.4996
-1.5782 1.13927 97.4996
-1.5782 1.22357 97.4996
-1.5782 1.30787 97.4996
-2.1683 2.06657 97.6996
-2.084 2.06657 97.6996
-1.9997 2.06657 97.6996
-1.9154 2.06657 97.6996
-1.8311 2.06657 97.6996
-1.7468 1.98227 97.6996
-1.6625 1.89797 97.6996
-1.5782 1.89797 97.6996
-1.5782 1.81367 97.6996
-1.4939 1.72937 97.6996
-1.4096 1.64507 97.6996
-1.4096 1.56077 97.6996
-1.3253 1.47647 97.6996
-1.3253 1.39217 97.6996
-1.3253 1.30787 97.6996
-1.241 1.22357 97.6996
-1.1567 1.22357 97.6996
-1.0724 1.13927 97.6996
-0.988102 1.05497 97.6996
-0.903801 1.05497 97.6996
-0.819502 0.970671 97.6996
-0.735201 0.886372 97.6996
-0.650902 0.802071 97.6996
-0.566601 0.717772 97.6996
-0.482302 0.633471 97.6996
-0.398003 0.549171 97.6996
-0.313702 0.549171 97.6996
-0.229403 0.46487 97.6996
-0.229403 0.380571 97.6996
-0.229403 0.29627 97.6996
-0.229403 0.211971 97.6996
-0.313702 0.211971 97.6996
-0.398003 0.211971 97.6996
-0.482302 0.29627 97.6996
-0.566601 0.380571 97.6996
-0.650902 0.46487 97.6996
-0.735201 0.549171 97.6996
-0.819502 0.549171 97.6996
-0.903801 0.633471 97.6996
-0.988102 0.717772 97.6996
-1.0724 0.802071 97.6996
-1.1567 0.886372 97.6996
-1.241 0.886372 97.6996
-1.3253 0.970671 97.6996
-1.4096 1.05497 97.6996
-1.4939 1.05497 97.6996
-1.5782 1.13927 97.6996
-1.6625 1.13927 97.6996
-1.6625 1.22357 97.6996
-1.7468 1.30787 97.6996
-1.8311 1.30787 97.6996
-1.9154 1.39217 97.6996
-1.9997 1.47647 97.6996
-2.084 1.47647 97.6996
-2.1683 1.47647 97.6996
-2.2526 1.56077 97.6996
-2.3369 1.64507 97.6996
-2.3369 1.72937 97.6996
-2.3369 1.81367 97.6996
-2.3369 1.89797 97.6996
-2.2526 1.98227 97.6996
-2.1683 2.06657 97.6996
-2.4212 2.06657 97.8996
-2.3369 2.06657 97.8996
-2.2526 2.06657 97.8996
-2.1683 2.06657 97.8996
-2.084 2.06657 97.8996
-1.9997 2.06657 97.8996
-1.9154 2.06657 97.8996
-1.8311 2.06657 97.8996
-1.7468 2.06657 97.8996
-1.7468 1.98227 97.8996
-1.6625 1.89797 97.8996
-1.5782 1.81367 97.8996
-1.5782 1.72937 97.8996
-1.4939 1.64507 97.8996
-1.4939 1.56077 97.8996
-1.4096 1.47647 97.8996
-1.4096 1.39217 97.8996
-1.3253 1.30787 97.8996
-1.241 1.22357 97.8996
-1.1567 1.13927 97.8996
-1.0724 1.05497 97.8996
-0.988102 0.970671 97.8996
-0.988102 0.886372 97.8996
-0.988102 0.802071 97.8996
-1.0724 0.802071 97.8996
-1.1567 0.802071 97.8996
-1.241 0.802071 97.8996
-1.3253 0.886372 97.8996
-1.4096 0.886372 97.8996
-1.4939 0.970671 97.8996
-1.5782 1.05497 97.8996
-1.6625 1.13927 97.8996
-1.7468 1.22357 97.8996
-1.8311 1.30787 97.8996
-1.9154 1.39217 97.8996
-1.9997 1.47647 97.8996
-2.084 1.56077 97.8996
-2.1683 1.56077 97.8996
-2.2526 1.64507 97.8996
-2.3369 1.72937 97.8996
-2.4212 1.81367 97.8996
-2.4212 1.89797 97.8996
-2.4212 1.98227 97.8996
-2.4212 2.06657 97.8996
-2.3369 2.06657 98.0996
-2.2526 2.06657 98.0996
-2.1683 2.06657 98.0996
-2.084 2.06657 98.0996
-1.9997 2.06657 98.0996
-1.9154 2.06657 98.0996
-1.8311 2.06657 98.0996
-1.7468 1.98227 98.0996
-1.7468 1.89797 98.0996
-1.6625 1.81367 98.0996
-1.6625 1.72937 98.0996
-1.6625 1.64507 98.0996
-1.5782 1.56077 98.0996
-1.4939 1.47647 98.0996
-1.4939 1.39217 98.0996
-1.4096 1.30787 98.0996
-1.3253 1.30787 98.0996
-1.241 1.22357 98.0996
-1.241 1.13927 98.0996
-1.1567 1.05497 98.0996
-1.1567 0.970671 98.0996
-1.1567 0.886372 98.0996
-1.241 0.886372 98.0996
-1.3253 0.886372 98.0996
-1.4096 0.970671 98.0996
-1.4939 1.05497 98.0996
-1.5782 1.13927 98.0996
-1.6625 1.13927 98.0996
-1.7468 1.22357 98.0996
-1.8311 1.30787 98.0996
-1.9154 1.39217 98.0996
-1.9997 1.47647 98.0996
-2.084 1.56077 98.0996
-2.1683 1.56077 98.0996
-2.2526 1.64507 98.0996
-2.3369 1.64507 98.0996
-2.4212 1.64507 98.0996
-2.5055 1.72937 98.0996
-2.5055 1.81367 98.0996
-2.5055 1.89797 98.0996
-2.5055 1.98227 98.0996
-2.4212 1.98227 98.0996
-2.3369 2.06657 98.0996
-2.3369 2.06657 98.2996
-2.2526 2.06657 98.2996
-2.1683 2.06657 98.2996
-2.084 2.06657 98.2996
-1.9997 2.06657 98.2996
-1.9154 2.06657 98.2996
-1.8311 2.06657 98.2996
-1.7468 1.98227 98.2996
-1.6625 1.89797 98.2996
-1.6625 1.81367 98.2996
-1.5782 1.72937 98.2996
-1.4939 1.64507 98.2996
-1.4939 1.56077 98.2996
-1.4096 1.47647 98.2996
-1.4096 1.39217 98.2996
-1.4096 1.30787 98.2996
-1.4939 1.30787 98.2996
-1.5782 1.30787 98.2996
-1.6625 1.30787 98.2996
-1.7468 1.30787 98.2996
-1.8311 1.39217 98.2996
-1.9154 1.39217 98.2996
-1.9997 1.47647 98.2996
-2.084 1.47647 98.2996
-2.1683 1.47647 98.2996
-2.2526 1.56077 98.2996
-2.3369 1.64507 98.2996
-2.4212 1.64507 98.2996
-2.5055 1.72937 98.2996
-2.5898 1.72937 98.2996
-2.5898 1.81367 98.2996
-2.5898 1.89797 98.2996
-2.5055 1.98227 98.2996
-2.4212 1.98227 98.2996
-2.3369 2.06657 98.2996
-2.5055 2.06657 98.4996
-2.4212 2.06657 98.4996
-2.3369 2.06657 98.4996
-2.2526 2.06657 98.4996
-2.1683 2.06657 98.4996
-2.084 2.06657 98.4996
-1.9997 2.06657 98.4996
-1.9154 2.06657 98.4996
-1.8311 1.98227 98.4996
-1.7468 1.98227 98.4996
-1.6625 1.89797 98.4996
-1.6625 1.81367 98.4996
-1.6625 1.72937 98.4996
-1.7468 1.64507 98.4996
-1.8311 1.56077 98.4996
-1.9154 1.56077 98.4996
-1.9997 1.56077 98.4996
-2.084 1.56077 98.4996
-2.1683 1.56077 98.4996
-2.2526 1.64507 98.4996
-2.3369 1.64507 98.4996
-2.4212 1.64507 98.4996
-2.5055 1.72937 98.4996
-2.5898 1.72937 98.4996
-2.5898 1.81367 98.4996
-2.5898 1.89797 98.4996
-2.5898 1.98227 98.4996
-2.5055 2.06657 98.4996
-2.1683 1.98227 98.6996
-2.084 1.98227 98.6996
-1.9997 1.98227 98.6996
-1.9154 1.98227 98.6996
-1.8311 1.89797 98.6996
-1.8311 1.81367 98.6996
-1.8311 1.72937 98.6996
-1.8311 1.64507 98.6996
-1.8311 1.56077 98.6996
-1.8311 1.47647 98.6996
-1.9154 1.47647 98.6996
-1.9997 1.47647 98.6996
-2.084 1.47647 98.6996
-2.1683 1.47647 98.6996
-2.2526 1.47647 98.6996
-2.3369 1.47647 98.6996
-2.4212 1.56077 98.6996
-2.5055 1.56077 98.6996
-2.5898 1.56077 98.6996
-2.6741 1.64507 98.6996
-2.7584 1.64507 98.6996
-2.8427 1.72937 98.6996
-2.927 1.72937 98.6996
-2.927 1.81367 98.6996
-2.927 1.89797 98.6996
-2.8427 1.89797 98.6996
-2.7584 1.89797 98.6996
-2.6741 1.89797 98.6996
-2.5898 1.89797 98.6996
-2.5055 1.89797 98.6996
-2.4212 1.89797 98.6996
-2.3369 1.89797 98.6996
-2.2526 1.89797 98.6996
-2.1683 1.98227 98.6996
-1.7468 1.22357 98.6996
-1.6625 1.22357 98.6996
-1.5782 1.22357 98.6996
-1.4939 1.13927 98.6996
-1.4096 1.13927 98.6996
-1.3253 1.05497 98.6996
-1.241 0.970671 98.6996
-1.1567 0.970671 98.6996
-1.0724 0.886372 98.6996
-0.988102 0.802071 98.6996
-0.903801 0.802071 98.6996
-0.819502 0.717772 98.6996
-0.735201 0.633471 98.6996
-0.650902 0.549171 98.6996
-0.650902 0.46487 98.6996
-0.650902 0.380571 98.6996
-0.650902 0.29627 98.6996
-0.735201 0.29627 98.6996
-0.819502 0.29627 98.6996
-0.903801 0.380571 98.6996
-0.988102 0.46487 98.6996
-1.0724 0.549171 98.6996
-1.1567 0.633471 98.6996
-1.241 0.633471 98.6996
-1.3253 0.717772 98.6996
-1.4096 0.802071 98.6996
-1.4939 0.802071 98.6996
-1.5782 0.886372 98.6996
-1.6625 0.970671 98.6996
-1.7468 0.970671 98.6996
-1.7468 1.05497 98.6996
-1.7468 1.13927 98.6996
-1.7468 1.22357 98.6996
-3.0113 1.89797 98.8996
-2.927 1.89797 98.8996
-2.8427 1.89797 98.8996
-2.7584 1.89797 98.8996
-2.6741 1.89797 98.8996
-2.5898 1.89797 98.8996
-2.5055 1.89797 98.8996
-2.4212 1.89797 98.8996
-2.3369 1.89797 98.8996
-2.2526 1.89797 98.8996
-2.1683 1.89797 98.8996
-2.084 1.89797 98.8996
-1.9997 1.89797 98.8996
-1.9154 1.89797 98.8996
-1.8311 1.89797 98.8996
-1.8311 1.81367 98.8996
-1.8311 1.72937 98.8996
-1.8311 1.64507 98.8996
-1.8311 1.56077 98.8996
-1.8311 1.47647 98.8996
-1.7468 1.39217 98.8996
-1.6625 1.30787 98.8996
-1.5782 1.22357 98.8996
-1.4939 1.13927 98.8996
-1.4096 1.05497 98.8996
-1.3253 1.05497 98.8996
-1.241 0.970671 98.8996
-1.1567 0.886372 98.8996
-1.0724 0.802071 98.8996
-0.988102 0.717772 98.8996
-0.903801 0.633471 98.8996
-0.819502 0.549171 98.8996
-0.735201 0.46487 98.8996
-0.735201 0.380571 98.8996
-0.735201 0.29627 98.8996
-0.819502 0.29627 98.8996
-0.903801 0.29627 98.8996
-0.988102 0.29627 98.8996
-1.0724 0.380571 98.8996
-1.1567 0.46487 98.8996
-1.241 0.549171 98.8996
-1.3253 0.633471 98.8996
-1.4096 0.717772 98.8996
-1.4939 0.717772 98.8996
-1.5782 0.802071 98.8996
-1.6625 0.886372 98.8996
-1.7468 0.970671 98.8996
-1.8311 0.970671 98.8996
-1.9154 1.05497 98.8996
-1.9997 1.13927 98.8996
-2.084 1.22357 98.8996
-2.1683 1.30787 98.8996
-2.2526 1.39217 98.8996
-2.3369 1.39217 98.8996
-2.4212 1.47647 98.8996
-2.5055 1.47647 98.8996
-2.5898 1.47647 98.8996
-2.6741 1.56077 98.8996
-2.7584 1.56077 98.8996
-2.8427 1.64507 98.8996
-2.927 1.64507 98.8996
-3.0113 1.72937 98.8996
-3.0113 1.81367 98.8996
-3.0113 1.89797 98.8996
-3.1799 1.89797 99.0996
-3.0956 1.89797 99.0996
-3.0113 1.89797 99.0996
-2.927 1.81367 99.0996
-2.8427 1.81367 99.0996
-2.7584 1.81367 99.0996
-2.6741 1.81367 99.0996
-2.5898 1.72937 99.0996
-2.5055 1.72937 99.0996
-2.4212 1.72937 99.0996
-2.3369 1.72937 99.0996
-2.2526 1.72937 99.0996
-2.1683 1.72937 99.0996
-2.084 1.72937 99.0996
-1.9997 1.64507 99.0996
-1.9154 1.64507 99.0996
-1.8311 1.56077 99.0996
-1.7468 1.47647 99.0996
-1.6625 1.39217 99.0996
-1.6625 1.30787 99.0996
-1.5782 1.22357 99.0996
-1.4939 1.13927 99.0996
-1.4096 1.05497 99.0996
-1.3253 0.970671 99.0996
-1.3253 0.886372 99.0996
-1.241 0.802071 99.0996
-1.1567 0.802071 99.0996
-1.0724 0.717772 99.0996
-1.0724 0.633471 99.0996
-1.0724 0.549171 99.0996
-1.1567 0.549171 99.0996
-1.241 0.549171 99.0996
-1.3253 0.549171 99.0996
-1.4096 0.549171 99.0996
-1.4939 0.633471 99.0996
-1.5782 0.717772 99.0996
-1.6625 0.717772 99.0996
-1.7468 0.717772 99.0996
-1.8311 0.802071 99.0996
-1.9154 0.802071 99.0996
-1.9997 0.886372 99.0996
-2.084 0.970671 99.0996
-2.1683 1.05497 99.0996
-2.2526 1.05497 99.0996
-2.3369 1.13927 99.0996
-2.4212 1.13927 99.0996
-2.5055 1.22357 99.0996
-2.5898 1.22357 99.0996
-2.6741 1.30787 99.0996
-2.7584 1.30787 99.0996
-2.8427 1.39217 99.0996
-2.927 1.39217 99.0996
-3.0113 1.47647 99.0996
-3.0956 1.56077 99.0996
-3.1799 1.64507 99.0996
-3.1799 1.72937 99.0996
-3.1799 1.81367 99.0996
-3.1799 1.89797 99.0996
-3.2642 1.89797 99.2996
-3.1799 1.89797 99.2996
-3.0956 1.89797 99.2996
-3.0113 1.89797 99.2996
-2.927 1.89797 99.2996
-2.8427 1.89797 99.2996
-2.7584 1.89797 99.2996
-2.6741 1.81367 99.2996
-2.5898 1.72937 99.2996
-2.5055 1.72937 99.2996
-2.4212 1.72937 99.2996
-2.3369 1.64507 99.2996
-2.2526 1.64507 99.2996
-2.1683 1.56077 99.2996
-2.084 1.56077 99.2996
-1.9997 1.47647 99.2996
-1.9154 1.39217 99.2996
-1.8311 1.39217 99.2996
-1.7468 1.30787 99.2996
-1.6625 1.22357 99.2996
-1.5782 1.13927 99.2996
-1.4939 1.13927 99.2996
-1.4096 1.05497 99.2996
-1.4096 0.970671 99.2996
-1.4096 0.886372 99.2996
-1.4096 0.802071 99.2996
-1.4939 0.717772 99.2996
-1.4939 0.633471 99.2996
-1.5782 0.633471 99.2996
-1.6625 0.633471 99.2996
-1.7468 0.633471 99.2996
-1.8311 0.633471 99.2996
-1.9154 0.633471 99.2996
-1.9997 0.717772 99.2996
-2.084 0.802071 99.2996
-2.1683 0.802071 99.2996
-2.2526 0.886372 99.2996
-2.3369 0.970671 99.2996
-2.4212 1.05497 99.2996
-2.5055 1.13927 99.2996
-2.5898 1.22357 99.2996
-2.6741 1.22357 99.2996
-2.7584 1.30787 99.2996
-2.8427 1.39217 99.2996
-2.927 1.47647 99.2996
-3.0113 1.56077 99.2996
-3.0956 1.64507 99.2996
-3.1799 1.64507 99.2996
-3.2642 1.72937 99.2996
-3.2642 1.81367 99.2996
-3.2642 1.89797 99.2996
-3.4328 1.89797 99.4996
-3.3485 1.89797 99.4996
-3.2642 1.89797 99.4996
-3.1799 1.89797 99.4996
-3.0956 1.89797 99.4996
-3.0113 1.89797 99.4996
-2.927 1.89797 99.4996
-2.8427 1.89797 99.4996
-2.7584 1.89797 99.4996
-2.6741 1.81367 99.4996
-2.5898 1.81367 99.4996
-2.5055 1.81367 99.4996
-2.4212 1.72937 99.4996
-2.3369 1.64507 99.4996
-2.2526 1.64507 99.4996
-2.1683 1.56077 99.4996
-2.084 1.47647 99.4996
-1.9997 1.39217 99.4996
-1.9154 1.39217 99.4996
-1.8311 1.30787 99.4996
-1.7468 1.30787 99.4996
-1.6625 1.22357 99.4996
-1.5782 1.13927 99.4996
-1.4939 1.05497 99.4996
-1.4939 0.970671 99.4996
-1.4939 0.886372 99.4996
-1.4939 0.802071 99.4996
-1.4939 0.717772 99.4996
-1.5782 0.633471 99.4996
-1.6625 0.633471 99.4996
-1.7468 0.633471 99.4996
-1.8311 0.633471 99.4996
-1.9154 0.633471 99.4996
-1.9997 0.633471 99.4996
-2.084 0.717772 99.4996
-2.084 0.802071 99.4996
-2.1683 0.886372 99.4996
-2.2526 0.970671 99.4996
-2.3369 0.970671 99.4996
-2.4212 1.05497 99.4996
-2.5055 1.13927 99.4996
-2.5898 1.13927 99.4996
-2.6741 1.22357 99.4996
-2.7584 1.30787 99.4996
-2.8427 1.39217 99.4996
-2.927 1.39217 99.4996
-3.0113 1.47647 99.4996
-3.0956 1.56077 99.4996
-3.1799 1.56077 99.4996
-3.2642 1.64507 99.4996
-3.3485 1.72937 99.4996
-3.4328 1.72937 99.4996
-3.4328 1.81367 99.4996
-3.4328 1.89797 99.4996
-3.5171 1.89797 99.6996
-3.4328 1.89797 99.6996
-3.3485 1.89797 99.6996
-3.2642 1.89797 99.6996
-3.1799 1.81367 99.6996
-3.0956 1.81367 99.6996
-3.0113 1.81367 99.6996
-2.927 1.72937 99.6996
-2.8427 1.72937 99.6996
-2.7584 1.72937 99.6996
-2.6741 1.64507 99.6996
-2.5898 1.64507 99.6996
-2.5055 1.56077 99.6996
-2.4212 1.47647 99.6996
-2.3369 1.47647 99.6996
-2.2526 1.39217 99.6996
-2.1683 1.39217 99.6996
-2.084 1.30787 99.6996
-1.9997 1.30787 99.6996
-1.9997 1.22357 99.6996
-1.9997 1.13927 99.6996
-1.9997 1.05497 99.6996
-2.084 0.970671 99.6996
-2.1683 0.970671 99.6996
-2.2526 0.970671 99.6996
-2.3369 0.970671 99.6996
-2.4212 0.970671 99.6996
-2.5055 0.970671 99.6996
-2.5055 1.05497 99.6996
-2.5898 1.13927 99.6996
-2.6741 1.22357 99.6996
-2.7584 1.30787 99.6996
-2.8427 1.39217 99.6996
-2.927 1.47647 99.6996
-3.0113 1.47647 99.6996
-3.0956 1.47647 99.6996
-3.1799 1.56077 99.6996
-3.2642 1.56077 99.6996
-3.3485 1.64507 99.6996
-3.4328 1.64507 99.6996
-3.5171 1.72937 99.6996
-3.5171 1.81367 99.6996
-3.5171 1.89797 99.6996
-3.6014 1.89797 99.8996
-3.5171 1.89797 99.8996
-3.4328 1.89797 99.8996
-3.3485 1.89797 99.8996
-3.2642 1.81367 99.8996
-3.1799 1.81367 99.8996
-3.0956 1.81367 99.8996
-3.0113 1.72937 99.8996
-2.927 1.72937 99.8996
-2.8427 1.72937 99.8996
-2.7584 1.64507 99.8996
-2.6741 1.64507 99.8996
-2.5898 1.56077 99.8996
-2.5055 1.56077 99.8996
-2.4212 1.47647 99.8996
-2.3369 1.47647 99.8996
-2.2526 1.39217 99.8996
-2.2526 1.30787 99.8996
-2.2526 1.22357 99.8996
-2.3369 1.13927 99.8996
-2.3369 1.05497 99.8996
-2.4212 1.05497 99.8996
-2.5055 1.05497 99.8996
-2.5898 1.13927 99.8996
-2.6741 1.13927 99.8996
-2.7584 1.22357 99.8996
-2.8427 1.22357 99.8996
-2.927 1.30787 99.8996
-3.0113 1.30787 99.8996
-3.0956 1.39217 99.8996
-3.1799 1.47647 99.8996
-3.2642 1.47647 99.8996
-3.3485 1.56077 99.8996
-3.4328 1.56077 99.8996
-3.5171 1.64507 99.8996
-3.6014 1.72937 99.8996
-3.6014 1.81367 99.8996
-3.6014 1.89797 99.8996
-3.6857 1.81367 100.1
-3.6014 1.81367 100.1
-3.5171 1.81367 100.1
-3.4328 1.81367 100.1
-3.3485 1.81367 100.1
-3.2642 1.72937 100.1
-3.1799 1.72937 100.1
-3.0956 1.72937 100.1
-3.0113 1.64507 100.1
-2.927 1.64507 100.1
-2.8427 1.64507 100.1
-2.7584 1.56077 100.1
-2.6741 1.56077 100.1
-2.5898 1.47647 100.1
-2.5055 1.47647 100.1
-2.4212 1.39217 100.1
-2.3369 1.30787 100.1
-2.3369 1.22357 100.1
-2.3369 1.13927 100.1
-2.3369 1.05497 100.1
-2.4212 1.05497 100.1
-2.5055 1.05497 100.1
-2.5898 1.05497 100.1
-2.6741 1.05497 100.1
-2.7584 1.05497 100.1
-2.8427 1.05497 100.1
-2.927 1.05497 100.1
-3.0113 1.13927 100.1
-3.0956 1.22357 100.1
-3.1799 1.22357 100.1
-3.2642 1.30787 100.1
-3.3485 1.39217 100.1
-3.4328 1.47647 100.1
-3.5171 1.47647 100.1
-3.6014 1.56077 100.1
-3.6857 1.64507 100.1
-3.6857 1.72937 100.1
-3.6857 1.81367 100.1
-2.4212 0.717772 100.1
-2.3369 0.717772 100.1
-2.2526 0.717772 100.1
-2.1683 0.633471 100.1
-2.084 0.549171 100.1
-1.9997 0.549171 100.1
-1.9154 0.46487 100.1
-1.8311 0.46487 100.1
-1.7468 0.380571 100.1
-1.6625 0.380571 100.1
-1.5782 0.29627 100.1
-1.4939 0.29627 100.1
-1.4096 0.211971 100.1
-1.3253 0.211971 100.1
-1.241 0.12767 100.1
-1.1567 0.12767 100.1
-1.1567 0.0433712 100.1
-1.1567 -0.0409298 100.1
-1.241 -0.0409298 100.1
-1.3253 -0.0409298 100.1
-1.4096 -0.0409298 100.1
-1.4939 -0.0409298 100.1
-1.5782 0.0433712 100.1
-1.6625 0.0433712 100.1
-1.7468 0.12767 100.1
-1.8311 0.12767 100.1
-1.9154 0.211971 100.1
-1.9997 0.211971 100.1
-2.084 0.29627 100.1
-2.1683 0.29627 100.1
-2.2526 0.380571 100.1
-2.3369 0.380571 100.1
-2.4212 0.46487 100.1
-2.4212 0.549171 100.1
-2.4212 0.633471 100.1
-2.4212 0.717772 100.1
-3.8543 1.81367 100.3
-3.77 1.81367 100.3
-3.6857 1.81367 100.3
-3.6014 1.81367 100.3
-3.5171 1.81367 100.3
-3.4328 1.81367 100.3
-3.3485 1.81367 100.3
-3.2642 1.72937 100.3
-3.1799 1.64507 100.3
-3.0956 1.64507 100.3
-3.0113 1.56077 100.3
-2.927 1.56077 100.3
-2.8427 1.47647 100.3
-2.7584 1.47647 100.3
-2.6741 1.39217 100.3
-2.5898 1.30787 100.3
-2.5055 1.22357 100.3
-2.4212 1.13927 100.3
-2.3369 1.13927 100.3
-2.2526 1.05497 100.3
-2.1683 0.970671 100.3
-2.084 0.886372 100.3
-1.9997 0.802071 100.3
-1.9154 0.717772 100.3
-1.8311 0.633471 100.3
-1.7468 0.549171 100.3
-1.6625 0.46487 100.3
-1.5782 0.46487 100.3
-1.4939 0.380571 100.3
-1.4096 0.380571 100.3
-1.3253 0.29627 100.3
-1.241 0.29627 100.3
-1.1567 0.211971 100.3
-1.0724 0.211971 100.3
-1.0724 0.12767 100.3
-1.0724 0.0433712 100.3
-1.0724 -0.0409298 100.3
-1.1567 -0.0409298 100.3
-1.241 -0.0409298 100.3
-1.3253 -0.0409298 100.3
-1.4096 -0.0409298 100.3
-1.4939 -0.0409298 100.3
-1.5782 -0.0409298 100.3
-1.6625 0.0433712 100.3
-1.7468 0.12767 100.3
-1.8311 0.211971 100.3
-1.9154 0.211971 100.3
-1.9997 0.29627 100.3
-2.084 0.380571 100.3
-2.1683 0.46487 100.3
-2.2526 0.46487 100.3
-2.3369 0.549171 100.3
-2.4212 0.549171 100.3
-2.5055 0.633471 100.3
-2.5898 0.717772 100.3
-2.6741 0.802071 100.3
-2.7584 0.802071 100.3
-2.8427 0.886372 100.3
-2.927 0.970671 100.3
-3.0113 0.970671 100.3
-3.0113 1.05497 100.3
-3.0956 1.13927 100.3
-3.1799 1.13927 100.3
-3.2642 1.22357 100.3
-3.3485 1.22357 100.3
-3.4328 1.30787 100.3
-3.5171 1.30787 100.3
-3.6014 1.39217 100.3
-3.6857 1.39217 100.3
-3.77 1.47647 100.3
-3.77 1.56077 100.3
-3.8543 1.64507 100.3
-3.8543 1.72937 100.3
-3.8543 1.81367 100.3
-3.8543 1.81367 100.5
-3.77 1.81367 100.5
-3.6857 1.81367 100.5
-3.6014 1.81367 100.5
-3.5171 1.72937 100.5
-3.4328 1.72937 100.5
-3.3485 1.64507 100.5
-3.2642 1.56077 100.5
-3.1799 1.56077 100.5
-3.0956 1.47647 100.5
-3.0113 1.39217 100.5
-2.927 1.39217 100.5
-2.8427 1.39217 100.5
-2.7584 1.30787 100.5
-2.6741 1.30787 100.5
-2.5898 1.22357 100.5
-2.5055 1.22357 100.5
-2.4212 1.13927 100.5
-2.3369 1.05497 100.5
-2.2526 1.05497 100.5
-2.1683 0.970671 100.5
-2.084 0.886372 100.5
-1.9997 0.886372 100.5
-1.9997 0.802071 100.5
-1.9154 0.717772 100.5
-1.8311 0.633471 100.5
-1.7468 0.633471 100.5
-1.6625 0.549171 100.5
-1.5782 0.46487 100.5
-1.4939 0.380571 100.5
-1.4096 0.29627 100.5
-1.3253 0.211971 100.5
-1.241 0.211971 100.5
-1.1567 0.12767 100.5
-1.0724 0.12767 100.5
-1.0724 0.0433712 100.5
-1.0724 -0.0409298 100.5
-1.0724 -0.125229 100.5
-1.1567 -0.125229 100.5
-1.241 -0.125229 100.5
-1.3253 -0.125229 100.5
-1.4096 -0.0409298 100.5
-1.4939 -0.0409298 100.5
-1.5782 0.0433712 100.5
-1.6625 0.0433712 100.5
-1.7468 0.12767 100.5
-1.8311 0.12767 100.5
-1.9154 0.211971 100.5
-1.9997 0.211971 100.5
-2.084 0.29627 100.5
-2.1683 0.380571 100.5
-2.2526 0.380571 100.5
-2.3369 0.46487 100.5
-2.4212 0.549171 100.5
-2.5055 0.633471 100.5
-2.5898 0.717772 100.5
-2.6741 0.802071 100.5
-2.7584 0.886372 100.5
-2.8427 0.970671 100.5
-2.927 0.970671 100.5
-3.0113 0.970671 100.5
-3.0956 0.970671 100.5
-3.1799 1.05497 100.5
-3.2642 1.13927 100.5
-3.3485 1.13927 100.5
-3.4328 1.22357 100.5
-3.5171 1.30787 100.5
-3.6014 1.30787 100.5
-3.6857 1.39217 100.5
-3.77 1.39217 100.5
-3.8543 1.39217 100.5
-3.9386 1.39217 100.5
-3.9386 1.47647 100.5
-3.9386 1.56077 100.5
-3.8543 1.64507 100.5
-3.8543 1.72937 100.5
-3.8543 1.81367 100.5
-4.1072 1.81367 100.7
-4.0229 1.81367 100.7
-3.9386 1.81367 100.7
-3.8543 1.81367 100.7
-3.77 1.81367 100.7
-3.6857 1.81367 100.7
-3.6014 1.72937 100.7
-3.5171 1.72937 100.7
-3.4328 1.72937 100.7
-3.3485 1.64507 100.7
-3.2642 1.56077 100.7
-3.1799 1.56077 100.7
-3.0956 1.56077 100.7
-3.0113 1.47647 100.7
-2.927 1.47647 100.7
-2.8427 1.39217 100.7
-2.7584 1.30787 100.7
-2.6741 1.30787 100.7
-2.5898 1.22357 100.7
-2.5055 1.13927 100.7
-2.4212 1.13927 100.7
-2.3369 1.05497 100.7
-2.2526 0.970671 100.7
-2.1683 0.886372 100.7
-2.084 0.886372 100.7
-1.9997 0.802071 100.7
-1.9154 0.717772 100.7
-1.8311 0.633471 100.7
-1.7468 0.549171 100.7
-1.6625 0.46487 100.7
-1.6625 0.380571 100.7
-1.6625 0.29627 100.7
-1.6625 0.211971 100.7
-1.7468 0.211971 100.7
-1.8311 0.211971 100.7
-1.9154 0.211971 100.7
-1.9997 0.29627 100.7
-2.084 0.29627 100.7
-2.1683 0.29627 100.7
-2.2526 0.380571 100.7
-2.3369 0.380571 100.7
-2.4212 0.46487 100.7
-2.5055 0.46487 100.7
-2.5898 0.549171 100.7
-2.6741 0.549171 100.7
-2.7584 0.633471 100.7
-2.8427 0.717772 100.7
-2.927 0.802071 100.7
-3.0113 0.802071 100.7
-3.0956 0.886372 100.7
-3.1799 0.970671 100.7
-3.2642 1.05497 100.7
-3.3485 1.05497 100.7
-3.3485 1.13927 100.7
-3.4328 1.22357 100.7
-3.5171 1.30787 100.7
-3.6014 1.30787 100.7
-3.6857 1.30787 100.7
-3.77 1.39217 100.7
-3.8543 1.39217 100.7
-3.9386 1.39217 100.7
-4.0229 1.39217 100.7
-4.1072 1.47647 100.7
-4.1072 1.56077 100.7
-4.1072 1.64507 100.7
-4.1072 1.72937 100.7
-4.1072 1.81367 100.7
-4.0229 1.81367 100.9
-3.9386 1.81367 100.9
-3.8543 1.81367 100.9
-3.77 1.81367 100.9
-3.6857 1.81367 100.9
-3.6014 1.81367 100.9
-3.5171 1.81367 100.9
-3.4328 1.81367 100.9
-3.3485 1.81367 100.9
-3.2642 1.72937 100.9
-3.1799 1.64507 100.9
-3.0956 1.64507 100.9
-3.0113 1.56077 100.9
-2.927 1.56077 100.9
-2.8427 1.47647 100.9
-2.7584 1.47647 100.9
-2.6741 1.39217 100.9
-2.5898 1.30787 100.9
-2.5055 1.22357 100.9
-2.4212 1.13927 100.9
-2.3369 1.05497 100.9
-2.3369 0.970671 100.9
-2.2526 0.886372 100.9
-2.1683 0.802071 100.9
-2.084 0.717772 100.9
-1.9997 0.633471 100.9
-1.9154 0.633471 100.9
-1.8311 0.549171 100.9
-1.8311 0.46487 100.9
-1.8311 0.380571 100.9
-1.8311 0.29627 100.9
-1.8311 0.211971 100.9
-1.9154 0.211971 100.9
-1.9997 0.211971 100.9
-2.084 0.211971 100.9
-2.1683 0.211971 100.9
-2.2526 0.211971 100.9
-2.3369 0.29627 100.9
-2.4212 0.380571 100.9
-2.5055 0.46487 100.9
-2.5898 0.549171 100.9
-2.6741 0.549171 100.9
-2.7584 0.633471 100.9
-2.8427 0.717772 100.9
-2.927 0.802071 100.9
-3.0113 0.886372 100.9
-3.0956 0.886372 100.9
-3.1799 0.970671 100.9
-3.2642 0.970671 100.9
-3.3485 1.05497 100.9
-3.4328 1.13927 100.9
-3.5171 1.13927 100.9
-3.6014 1.13927 100.9
-3.6857 1.22357 100.9
-3.77 1.22357 100.9
-3.8543 1.30787 100.9
-3.9386 1.30787 100.9
-4.0229 1.39217 100.9
-4.1072 1.39217 100.9
-4.1915 1.47647 100.9
-4.1915 1.56077 100.9
-4.1915 1.64507 100.9
-4.1915 1.72937 100.9
-4.1072 1.72937 100.9
-4.0229 1.81367 100.9
-4.1072 1.81367 101.1
-4.0229 1.81367 101.1
-3.9386 1.81367 101.1
-3.8543 1.81367 101.1
-3.77 1.72937 101.1
-3.6857 1.72937 101.1
-3.6014 1.64507 101.1
-3.5171 1.56077 101.1
-3.4328 1.56077 101.1
-3.3485 1.56077 101.1
-3.2642 1.47647 101.1
-3.1799 1.47647 101.1
-3.0956 1.39217 101.1
-3.0113 1.30787 101.1
-2.927 1.30787 101.1
-2.8427 1.22357 101.1
-2.7584 1.22357 101.1
-2.6741 1.13927 101.1
-2.5898 1.13927 101.1
-2.5055 1.05497 101.1
-2.4212 0.970671 101.1
-2.4212 0.886372 101.1
-2.4212 0.802071 101.1
-2.4212 0.717772 101.1
-2.5055 0.633471 101.1
-2.5055 0.549171 101.1
-2.5898 0.549171 101.1
-2.6741 0.549171 101.1
-2.7584 0.549171 101.1
-2.8427 0.549171 101.1
-2.927 0.633471 101.1
-3.0113 0.717772 101.1
-3.0956 0.802071 101.1
-3.1799 0.886372 101.1
-3.2642 0.970671 101.1
-3.3485 1.05497 101.1
-3.4328 1.13927 101.1
-3.5171 1.13927 101.1
-3.6014 1.13927 101.1
-3.6857 1.22357 101.1
-3.77 1.22357 101.1
-3.8543 1.30787 101.1
-3.9386 1.30787 101.1
-4.0229 1.30787 101.1
-4.1072 1.30787 101.1
-4.1915 1.30787 101.1
-4.2758 1.30787 101.1
-4.3601 1.39217 101.1
-4.3601 1.47647 101.1
-4.3601 1.56077 101.1
-4.2758 1.64507 101.1
-4.1915 1.72937 101.1
-4.1072 1.81367 101.1
-4.0229 1.81367 101.3
-3.9386 1.81367 101.3
-3.8543 1.81367 101.3
-3.77 1.81367 101.3
-3.6857 1.72937 101.3
-3.6014 1.72937 101.3
-3.5171 1.64507 101.3
-3.4328 1.56077 101.3
-3.3485 1.56077 101.3
-3.2642 1.47647 101.3
-3.1799 1.47647 101.3
-3.0956 1.39217 101.3
-3.0113 1.39217 101.3
-2.927 1.30787 101.3
-2.8427 1.22357 101.3
-2.7584 1.13927 101.3
-2.6741 1.05497 101.3
-2.5898 0.970671 101.3
-2.5898 0.886372 101.3
-2.5898 0.802071 101.3
-2.6741 0.717772 101.3
-2.7584 0.717772 101.3
-2.8427 0.717772 101.3
-2.927 0.717772 101.3
-3.0113 0.717772 101.3
-3.0956 0.717772 101.3
-3.1799 0.717772 101.3
-3.2642 0.802071 101.3
-3.3485 0.802071 101.3
-3.4328 0.886372 101.3
-3.5171 0.886372 101.3
-3.6014 0.970671 101.3
-3.6857 0.970671 101.3
-3.77 1.05497 101.3
-3.8543 1.13927 101.3
-3.9386 1.13927 101.3
-4.0229 1.13927 101.3
-4.1072 1.13927 101.3
-4.1915 1.22357 101.3
-4.2758 1.22357 101.3
-4.3601 1.30787 101.3
-4.4444 1.30787 101.3
-4.4444 1.39217 101.3
-4.4444 1.47647 101.3
-4.4444 1.56077 101.3
-4.3601 1.64507 101.3
-4.2758 1.64507 101.3
-4.1915 1.72937 101.3
-4.1072 1.72937 101.3
-4.0229 1.81367 101.3
-4.1915 1.81367 101.5
-4.1072 1.81367 101.5
-4.0229 1.81367 101.5
-3.9386 1.81367 101.5
-3.8543 1.81367 101.5
-3.77 1.72937 101.5
-3.6857 1.64507 101.5
-3.6014 1.64507 101.5
-3.5171 1.64507 101.5
-3.4328 1.56077 101.5
-3.3485 1.47647 101.5
-3.2642 1.39217 101.5
-3.1799 1.30787 101.5
-3.0956 1.30787 101.5
-3.0113 1.22357 101.5
-2.927 1.13927 101.5
-2.8427 1.05497 101.5
-2.7584 0.970671 101.5
-2.7584 0.886372 101.5
-2.7584 0.802071 101.5
-2.8427 0.802071 101.5
-2.927 0.802071 101.5
-3.0113 0.717772 101.5
-3.0956 0.717772 101.5
-3.1799 0.717772 101.5
-3.2642 0.802071 101.5
-3.3485 0.802071 101.5
-3.4328 0.802071 101.5
-3.5171 0.886372 101.5
-3.6014 0.970671 101.5
-3.6857 0.970671 101.5
-3.77 1.05497 101.5
-3.8543 1.13927 101.5
-3.9386 1.13927 101.5
-4.0229 1.13927 101.5
-4.1072 1.13927 101.5
-4.1915 1.13927 101.5
-4.2758 1.22357 101.5
-4.3601 1.22357 101.5
-4.4444 1.22357 101.5
-4.5287 1.30787 101.5
-4.613 1.30787 101.5
-4.613 1.39217 101.5
-4.613 1.47647 101.5
-4.613 1.56077 101.5
-4.5287 1.64507 101.5
-4.4444 1.64507 101.5
-4.3601 1.72937 101.5
-4.2758 1.72937 101.5
-4.1915 1.81367 101.5
-4.1072 1.72937 101.7
-4.0229 1.72937 101.7
-3.9386 1.72937 101.7
-3.8543 1.72937 101.7
-3.77 1.72937 101.7
-3.6857 1.64507 101.7
-3.6014 1.56077 101.7
-3.5171 1.47647 101.7
-3.4328 1.39217 101.7
-3.3485 1.30787 101.7
-3.2642 1.22357 101.7
-3.1799 1.13927 101.7
-3.0956 1.05497 101.7
-3.0113 0.970671 101.7
-3.0113 0.886372 101.7
-3.0113 0.802071 101.7
-3.0956 0.802071 101.7
-3.1799 0.717772 101.7
-3.2642 0.717772 101.7
-3.3485 0.717772 101.7
-3.4328 0.802071 101.7
-3.5171 0.886372 101.7
-3.6014 0.886372 101.7
-3.6857 0.970671 101.7
-3.77 0.970671 101.7
-3.8543 1.05497 101.7
-3.9386 1.05497 101.7
-4.0229 1.13927 101.7
-4.1072 1.13927 101.7
-4.1915 1.13927 101.7
-4.2758 1.22357 101.7
-4.3601 1.22357 101.7
-4.4444 1.22357 101.7
-4.5287 1.22357 101.7
-4.613 1.22357 101.7
-4.613 1.30787 101.7
-4.613 1.39217 101.7
-4.613 1.47647 101.7
-4.5287 1.56077 101.7
-4.4444 1.56077 101.7
-4.3601 1.64507 101.7
-4.2758 1.64507 101.7
-4.1915 1.64507 101.7
-4.1072 1.72937 101.7
-2.7584 -0.462429 101.7
-2.6741 -0.462429 101.7
-2.5898 -0.462429 101.7
-2.5055 -0.462429 101.7
-2.4212 -0.462429 101.7
-2.3369 -0.54673 101.7
-2.2526 -0.54673 101.7
-2.1683 -0.54673 101.7
-2.084 -0.631029 101.7
-1.9997 -0.631029 101.7
-1.9154 -0.631029 101.7
-1.8311 -0.631029 101.7
-1.7468 -0.631029 101.7
-1.6625 -0.631029 101.7
-1.5782 -0.71533 101.7
-1.4939 -0.71533 101.7
-1.4096 -0.799629 101.7
-1.3253 -0.799629 101.7
-1.3253 -0.88393 101.7
-1.3253 -0.968229 101.7
-1.4096 -0.968229 101.7
-1.4939 -0.968229 101.7
-1.5782 -0.968229 101.7
-1.6625 -0.968229 101.7
-1.7468 -0.88393 101.7
-1.8311 -0.88393 101.7
-1.9154 -0.799629 101.7
-1.9997 -0.799629 101.7
-2.084 -0.88393 101.7
-2.084 -0.968229 101.7
-2.1683 -0.968229 101.7
-2.2526 -0.968229 101.7
-2.3369 -0.968229 101.7
-2.4212 -0.968229 101.7
-2.5055 -0.968229 101.7
-2.5898 -0.968229 101.7
-2.6741 -0.88393 101.7
-2.7584 -0.88393 101.7
-2.7584 -0.799629 101.7
-2.7584 -0.71533 101.7
-2.7584 -0.631029 101.7
-2.7584 -0.54673 101.7
-2.7584 -0.462429 101.7
-4.613 1.64507 101.9
-4.5287 1.64507 101.9
-4.4444 1.64507 101.9
-4.3601 1.64507 101.9
-4.2758 1.64507 101.9
-4.1915 1.64507 101.9
-4.1072 1.64507 101.9
-4.0229 1.64507 101.9
-3.9386 1.64507 101.9
-3.8543 1.64507 101.9
-3.77 1.56077 101.9
-3.6857 1.56077 101.9
-3.6857 1.47647 101.9
-3.6014 1.39217 101.9
-3.5171 1.30787 101.9
-3.4328 1.22357 101.9
-3.3485 1.13927 101.9
-3.2642 1.05497 101.9
-3.1799 0.970671 101.9
-3.1799 0.886372 101.9
-3.1799 0.802071 101.9
-3.2642 0.802071 101.9
-3.3485 0.717772 101.9
-3.4328 0.717772 101.9
-3.5171 0.717772 101.9
-3.6014 0.717772 101.9
-3.6857 0.802071 101.9
-3.77 0.886372 101.9
-3.8543 0.970671 101.9
-3.9386 1.05497 101.9
-4.0229 1.05497 101.9
-4.1072 1.13927 101.9
-4.1915 1.13927 101.9
-4.2758 1.13927 101.9
-4.3601 1.13927 101.9
-4.4444 1.13927 101.9
-4.5287 1.13927 101.9
-4.613 1.13927 101.9
-4.6973 1.13927 101.9
-4.7816 1.13927 101.9
-4.8659 1.22357 101.9
-4.9502 1.22357 101.9
-4.9502 1.30787 101.9
-4.9502 1.39217 101.9
-4.9502 1.47647 101.9
-4.8659 1.47647 101.9
-4.7816 1.47647 101.9
-4.6973 1.56077 101.9
-4.613 1.64507 101.9
-3.4328 0.12767 101.9
-3.3485 0.12767 101.9
-3.2642 0.12767 101.9
-3.1799 0.12767 101.9
-3.0956 0.0433712 101.9
-3.0113 -0.0409298 101.9
-2.927 -0.0409298 101.9
-2.8427 -0.125229 101.9
-2.7584 -0.20953 101.9
-2.6741 -0.20953 101.9
-2.5898 -0.293829 101.9
-2.5055 -0.293829 101.9
-2.4212 -0.37813 101.9
-2.3369 -0.37813 101.9
-2.2526 -0.462429 101.9
-2.1683 -0.462429 101.9
-2.084 -0.54673 101.9
-1.9997 -0.54673 101.9
-1.9154 -0.54673 101.9
-1.8311 -0.631029 101.9
-1.7468 -0.631029 101.9
-1.6625 -0.631029 101.9
-1.5782 -0.631029 101.9
-1.4939 -0.631029 101.9
-1.4939 -0.71533 101.9
-1.4096 -0.799629 101.9
-1.3253 -0.799629 101.9
-1.3253 -0.88393 101.9
-1.3253 -0.968229 101.9
-1.4096 -0.968229 101.9
-1.4939 -0.968229 101.9
-1.5782 -0.968229 101.9
-1.6625 -0.88393 101.9
-1.7468 -0.88393 101.9
-1.8311 -0.799629 101.9
-1.9154 -0.799629 101.9
-1.9997 -0.88393 101.9
-2.084 -0.88393 101.9
-2.1683 -0.88393 101.9
-2.2526 -0.88393 101.9
-2.3369 -0.88393 101.9
-2.4212 -0.88393 101.9
-2.5055 -0.88393 101.9
-2.5898 -0.88393 101.9
-2.6741 -0.88393 101.9
-2.7584 -0.799629 101.9
-2.8427 -0.71533 101.9
-2.927 -0.631029 101.9
-3.0113 -0.54673 101.9
-3.0956 -0.54673 101.9
-3.1799 -0.462429 101.9
-3.1799 -0.37813 101.9
-3.1799 -0.293829 101.9
-3.2642 -0.20953 101.9
-3.3485 -0.125229 101.9
-3.4328 -0.0409298 101.9
-3.4328 0.0433712 101.9
-3.4328 0.12767 101.9
-4.4444 1.64507 102.1
-4.3601 1.64507 102.1
-4.2758 1.64507 102.1
-4.1915 1.64507 102.1
-4.1072 1.64507 102.1
-4.0229 1.56077 102.1
-4.0229 1.47647 102.1
-3.9386 1.39217 102.1
-3.8543 1.30787 102.1
-3.77 1.22357 102.1
-3.6857 1.13927 102.1
-3.6014 1.05497 102.1
-3.5171 0.970671 102.1
-3.4328 0.886372 102.1
-3.3485 0.886372 102.1
-3.3485 0.802071 102.1
-3.3485 0.717772 102.1
-3.4328 0.717772 102.1
-3.5171 0.717772 102.1
-3.6014 0.633471 102.1
-3.6857 0.633471 102.1
-3.77 0.633471 102.1
-3.8543 0.717772 102.1
-3.9386 0.802071 102.1
-4.0229 0.886372 102.1
-4.1072 0.970671 102.1
-4.1915 0.970671 102.1
-4.2758 1.05497 102.1
-4.3601 1.13927 102.1
-4.4444 1.13927 102.1
-4.5287 1.13927 102.1
-4.613 1.13927 102.1
-4.6973 1.13927 102.1
-4.7816 1.13927 102.1
-4.8659 1.13927 102.1
-4.9502 1.13927 102.1
-5.0345 1.13927 102.1
-5.1188 1.13927 102.1
-5.2031 1.13927 102.1
-5.2031 1.22357 102.1
-5.2031 1.30787 102.1
-5.1188 1.30787 102.1
-5.0345 1.39217 102.1
-4.9502 1.39217 102.1
-4.8659 1.47647 102.1
-4.7816 1.47647 102.1
-4.6973 1.47647 102.1
-4.613 1.56077 102.1
-4.5287 1.56077 102.1
-4.4444 1.64507 102.1
-3.6857 0.0433712 102.1
-3.6014 0.0433712 102.1
-3.5171 0.0433712 102.1
-3.4328 0.0433712 102.1
-3.3485 0.0433712 102.1
-3.2642 0.0433712 102.1
-3.1799 0.0433712 102.1
-3.0956 -0.0409298 102.1
-3.0113 -0.0409298 102.1
-2.927 -0.125229 102.1
-2.8427 -0.20953 102.1
-2.7584 -0.20953 102.1
-2.6741 -0.20953 102.1
-2.5898 -0.293829 102.1
-2.5055 -0.293829 102.1
-2.4212 -0.37813 102.1
-2.3369 -0.37813 102.1
-2.2526 -0.37813 102.1
-2.1683 -0.37813 102.1
-2.084 -0.462429 102.1
-1.9997 -0.54673 102.1
-1.9154 -0.54673 102.1
-1.8311 -0.631029 102.1
-1.7468 -0.631029 102.1
-1.6625 -0.71533 102.1
-1.5782 -0.71533 102.1
-1.4939 -0.71533 102.1
-1.4096 -0.799629 102.1
-1.3253 -0.799629 102.1
-1.241 -0.88393 102.1
-1.1567 -0.968229 102.1
-1.1567 -1.05253 102.1
-1.0724 -1.13683 102.1
-1.0724 -1.22113 102.1
-1.0724 -1.30543 102.1
-1.1567 -1.30543 102.1
-1.241 -1.30543 102.1
-1.3253 -1.30543 102.1
-1.4096 -1.22113 102.1
-1.4939 -1.13683 102.1
-1.5782 -1.13683 102.1
-1.6625 -1.05253 102.1
-1.7468 -1.05253 102.1
-1.8311 -1.05253 102.1
-1.9154 -0.968229 102.1
-1.9997 -0.968229 102.1
-2.084 -0.968229 102.1
-2.1683 -0.968229 102.1
-2.2526 -0.88393 102.1
-2.3369 -0.88393 102.1
-2.4212 -0.88393 102.1
-2.5055 -0.799629 102.1
-2.5898 -0.71533 102.1
-2.6741 -0.71533 102.1
-2.7584 -0.71533 102.1
-2.8427 -0.631029 102.1
-2.927 -0.54673 102.1
-3.0113 -0.54673 102.1
-3.0956 -0.54673 102.1
-3.1799 -0.462429 102.1
-3.2642 -0.37813 102.1
-3.3485 -0.37813 102.1
-3.4328 -0.293829 102.1
-3.5171 -0.293829 102.1
-3.6014 -0.20953 102.1
-3.6857 -0.125229 102.1
-3.6857 -0.0409298 102.1
-3.6857 0.0433712 102.1
-4.9502 1.56077 102.3
-4.8659 1.56077 102.3
-4.7816 1.56077 102.3
-4.6973 1.56077 102.3
-4.613 1.56077 102.3
-4.5287 1.56077 102.3
-4.4444 1.47647 102.3
-4.3601 1.47647 102.3
-4.2758 1.47647 102.3
-4.1915 1.39217 102.3
-4.1072 1.39217 102.3
-4.0229 1.39217 102.3
-3.9386 1.30787 102.3
-3.8543 1.22357 102.3
-3.77 1.13927 102.3
-3.6857 1.05497 102.3
-3.6014 0.970671 102.3
-3.5171 0.970671 102.3
-3.5171 0.886372 102.3
-3.4328 0.802071 102.3
-3.4328 0.717772 102.3
-3.3485 0.633471 102.3
-3.3485 0.549171 102.3
-3.2642 0.46487 102.3
-3.2642 0.380571 102.3
-3.1799 0.29627 102.3
-3.0956 0.211971 102.3
-3.0113 0.12767 102.3
-2.927 0.0433712 102.3
-2.8427 -0.0409298 102.3
-2.7584 -0.125229 102.3
-2.6741 -0.20953 102.3
-2.5898 -0.20953 102.3
-2.5055 -0.20953 102.3
-2.4212 -0.293829 102.3
-2.3369 -0.293829 102.3
-2.2526 -0.293829 102.3
-2.1683 -0.37813 102.3
-2.084 -0.37813 102.3
-1.9997 -0.462429 102.3
-1.9154 -0.54673 102.3
-1.8311 -0.54673 102.3
-1.7468 -0.631029 102.3
-1.6625 -0.71533 102.3
-1.5782 -0.71533 102.3
-1.4939 -0.799629 102.3
-1.4096 -0.799629 102.3
-1.4096 -0.88393 102.3
-1.4096 -0.968229 102.3
-1.4096 -1.05253 102.3
-1.4096 -1.13683 102.3
-1.4939 -1.13683 102.3
-1.5782 -1.13683 102.3
-1.6625 -1.13683 102.3
-1.7468 -1.05253 102.3
-1.8311 -0.968229 102.3
-1.9154 -0.968229 102.3
-1.9997 -0.968229 102.3
-2.084 -0.88393 102.3
-2.1683 -0.88393 102.3
-2.2526 -0.88393 102.3
-2.3369 -0.799629 102.3
-2.4212 -0.799629 102.3
-2.5055 -0.71533 102.3
-2.5898 -0.71533 102.3
-2.6741 -0.631029 102.3
-2.7584 -0.631029 102.3
-2.8427 -0.54673 102.3
-2.927 -0.54673 102.3
-3.0113 -0.462429 102.3
-3.0956 -0.462429 102.3
-3.1799 -0.462429 102.3
-3.2642 -0.37813 102.3
-3.3485 -0.37813 102.3
-3.4328 -0.293829 102.3
-3.5171 -0.20953 102.3
-3.6014 -0.20953 102.3
-3.6857 -0.20953 102.3
-3.77 -0.125229 102.3
-3.8543 -0.125229 102.3
-3.8543 -0.0409298 102.3
-3.8543 0.0433712 102.3
-3.8543 0.12767 102.3
-3.8543 0.211971 102.3
-3.77 0.29627 102.3
-3.77 0.380571 102.3
-3.77 0.46487 102.3
-3.77 0.549171 102.3
-3.8543 0.633471 102.3
-3.9386 0.633471 102.3
-4.0229 0.633471 102.3
-4.1072 0.717772 102.3
-4.1915 0.802071 102.3
-4.2758 0.802071 102.3
-4.3601 0.886372 102.3
-4.4444 0.886372 102.3
-4.5287 0.970671 102.3
-4.613 0.970671 102.3
-4.6973 0.886372 102.3
-4.7816 0.886372 102.3
-4.8659 0.886372 102.3
-4.9502 0.802071 102.3
-5.0345 0.802071 102.3
-5.1188 0.802071 102.3
-5.2031 0.802071 102.3
-5.2874 0.802071 102.3
-5.3717 0.802071 102.3
-5.456 0.802071 102.3
-5.5403 0.802071 102.3
-5.5403 0.886372 102.3
-5.5403 0.970671 102.3
-5.5403 1.05497 102.3
-5.456 1.13927 102.3
-5.3717 1.22357 102.3
-5.2874 1.30787 102.3
-5.2031 1.39217 102.3
-5.1188 1.47647 102.3
-5.0345 1.47647 102.3
-4.9502 1.56077 102.3
-5.2874 1.56077 102.5
-5.2031 1.56077 102.5
-5.1188 1.56077 102.5
-5.0345 1.56077 102.5
-4.9502 1.56077 102.5
-4.8659 1.56077 102.5
-4.7816 1.56077 102.5
-4.6973 1.56077 102.5
-4.613 1.56077 102.5
-4.5287 1.56077 102.5
-4.4444 1.47647 102.5
-4.3601 1.47647 102.5
-4.2758 1.47647 102.5
-4.1915 1.39217 102.5
-4.1072 1.30787 102.5
-4.0229 1.22357 102.5
-3.9386 1.13927 102.5
-3.8543 1.05497 102.5
-3.8543 0.970671 102.5
-3.8543 0.886372 102.5
-3.8543 0.802071 102.5
-3.8543 0.717772 102.5
-3.8543 0.633471 102.5
-3.9386 0.549171 102.5
-3.9386 0.46487 102.5
-3.9386 0.380571 102.5
-3.9386 0.29627 102.5
-3.9386 0.211971 102.5
-3.9386 0.12767 102.5
-3.9386 0.0433712 102.5
-3.9386 -0.0409298 102.5
-4.0229 -0.0409298 102.5
-4.1072 -0.0409298 102.5
-4.1915 -0.0409298 102.5
-4.1915 0.0433712 102.5
-4.1915 0.12767 102.5
-4.1072 0.211971 102.5
-4.1072 0.29627 102.5
-4.1072 0.380571 102.5
-4.1915 0.46487 102.5
-4.1915 0.549171 102.5
-4.2758 0.633471 102.5
-4.3601 0.633471 102.5
-4.4444 0.717772 102.5
-4.5287 0.717772 102.5
-4.613 0.802071 102.5
-4.6973 0.802071 102.5
-4.7816 0.802071 102.5
-4.8659 0.802071 102.5
-4.9502 0.802071 102.5
-5.0345 0.802071 102.5
-5.1188 0.717772 102.5
-5.2031 0.717772 102.5
-5.2874 0.717772 102.5
-5.3717 0.717772 102.5
-5.456 0.717772 102.5
-5.5403 0.717772 102.5
-5.6246 0.717772 102.5
-5.7089 0.717772 102.5
-5.7932 0.717772 102.5
-5.7932 0.802071 102.5
-5.7932 0.886372 102.5
-5.7932 0.970671 102.5
-5.7932 1.05497 102.5
-5.7089 1.13927 102.5
-5.6246 1.22357 102.5
-5.5403 1.30787 102.5
-5.456 1.39217 102.5
-5.3717 1.47647 102.5
-5.2874 1.56077 102.5
-4.9502 1.89797 102.7
-4.8659 1.89797 102.7
-4.7816 1.89797 102.7
-4.7816 1.81367 102.7
-4.6973 1.72937 102.7
-4.613 1.64507 102.7
-4.613 1.56077 102.7
-4.5287 1.47647 102.7
-4.4444 1.47647 102.7
-4.4444 1.39217 102.7
-4.3601 1.30787 102.7
-4.2758 1.22357 102.7
-4.2758 1.13927 102.7
-4.1915 1.05497 102.7
-4.1072 0.970671 102.7
-4.1072 0.886372 102.7
-4.1072 0.802071 102.7
-4.1072 0.717772 102.7
-4.1072 0.633471 102.7
-4.1072 0.549171 102.7
-4.1072 0.46487 102.7
-4.1072 0.380571 102.7
-4.1072 0.29627 102.7
-4.0229 0.211971 102.7
-4.0229 0.12767 102.7
-4.0229 0.0433712 102.7
-4.1072 -0.0409298 102.7
-4.1072 -0.125229 102.7
-4.1915 -0.125229 102.7
-4.2758 -0.125229 102.7
-4.3601 -0.125229 102.7
-4.3601 -0.0409298 102.7
-4.3601 0.0433712 102.7
-4.3601 0.12767 102.7
-4.3601 0.211971 102.7
-4.3601 0.29627 102.7
-4.3601 0.380571 102.7
-4.3601 0.46487 102.7
-4.3601 0.549171 102.7
-4.4444 0.633471 102.7
-4.5287 0.633471 102.7
-4.613 0.633471 102.7
-4.6973 0.717772 102.7
-4.7816 0.717772 102.7
-4.8659 0.802071 102.7
-4.9502 0.717772 102.7
-5.0345 0.717772 102.7
-5.1188 0.717772 102.7
-5.2031 0.717772 102.7
-5.2874 0.717772 102.7
-5.3717 0.717772 102.7
-5.456 0.717772 102.7
-5.5403 0.633471 102.7
-5.6246 0.633471 102.7
-5.7089 0.633471 102.7
-5.7932 0.549171 102.7
-5.8775 0.549171 102.7
-5.9618 0.549171 102.7
-5.9618 0.633471 102.7
-5.9618 0.717772 102.7
-5.9618 0.802071 102.7
-5.8775 0.886372 102.7
-5.7932 0.970671 102.7
-5.7089 1.05497 102.7
-5.6246 1.13927 102.7
-5.5403 1.22357 102.7
-5.456 1.30787 102.7
-5.3717 1.39217 102.7
-5.3717 1.47647 102.7
-5.2874 1.56077 102.7
-5.2031 1.64507 102.7
-5.1188 1.72937 102.7
-5.0345 1.81367 102.7
-4.9502 1.89797 102.7
-5.456 1.47647 102.9
-5.3717 1.47647 102.9
-5.2874 1.47647 102.9
-5.2031 1.47647 102.9
-5.1188 1.47647 102.9
-5.0345 1.47647 102.9
-4.9502 1.47647 102.9
-4.8659 1.39217 102.9
-4.7816 1.30787 102.9
-4.6973 1.30787 102.9
-4.613 1.22357 102.9
-4.5287 1.13927 102.9
-4.4444 1.05497 102.9
-4.3601 0.970671 102.9
-4.3601 0.886372 102.9
-4.2758 0.802071 102.9
-4.2758 0.717772 102.9
-4.2758 0.633471 102.9
-4.2758 0.549171 102.9
-4.3601 0.46487 102.9
-4.3601 0.380571 102.9
-4.3601 0.29627 102.9
-4.3601 0.211971 102.9
-4.3601 0.12767 102.9
-4.3601 0.0433712 102.9
-4.4444 0.0433712 102.9
-4.5287 0.0433712 102.9
-4.5287 0.12767 102.9
-4.5287 0.211971 102.9
-4.5287 0.29627 102.9
-4.5287 0.380571 102.9
-4.5287 0.46487 102.9
-4.5287 0.549171 102.9
-4.613 0.633471 102.9
-4.6973 0.717772 102.9
-4.7816 0.802071 102.9
-4.8659 0.802071 102.9
-4.9502 0.802071 102.9
-5.0345 0.802071 102.9
-5.1188 0.802071 102.9
-5.2031 0.802071 102.9
-5.2874 0.717772 102.9
-5.3717 0.633471 102.9
-5.456 0.633471 102.9
-5.5403 0.549171 102.9
-5.6246 0.46487 102.9
-5.7089 0.380571 102.9
-5.7932 0.29627 102.9
-5.8775 0.29627 102.9
-5.9618 0.211971 102.9
-6.0461 0.12767 102.9
-6.1304 0.12767 102.9
-6.2147 0.0433712 102.9
-6.299 -0.0409298 102.9
-6.299 -0.125229 102.9
-6.3833 -0.125229 102.9
-6.4676 -0.125229 102.9
-6.5519 -0.125229 102.9
-6.5519 -0.0409298 102.9
-6.5519 0.0433712 102.9
-6.4676 0.12767 102.9
-6.4676 0.211971 102.9
-6.3833 0.29627 102.9
-6.3833 0.380571 102.9
-6.299 0.46487 102.9
-6.299 0.549171 102.9
-6.2147 0.633471 102.9
-6.2147 0.717772 102.9
-6.1304 0.802071 102.9
-6.0461 0.886372 102.9
-6.0461 0.970671 102.9
-6.0461 1.05497 102.9
-5.9618 1.13927 102.9
-5.8775 1.22357 102.9
-5.8775 1.30787 102.9
-5.7932 1.30787 102.9
-5.7089 1.39217 102.9
-5.6246 1.39217 102.9
-5.5403 1.39217 102.9
-5.456 1.47647 102.9
-5.6246 1.56077 103.1
-5.5403 1.56077 103.1
-5.456 1.56077 103.1
-5.3717 1.56077 103.1
-5.2874 1.56077 103.1
-5.2031 1.56077 103.1
-5.1188 1.56077 103.1
-5.0345 1.47647 103.1
-4.9502 1.47647 103.1
-4.8659 1.39217 103.1
-4.7816 1.30787 103.1
-4.6973 1.22357 103.1
-4.613 1.13927 103.1
-4.5287 1.05497 103.1
-4.4444 0.970671 103.1
-4.4444 0.886372 103.1
-4.3601 0.802071 103.1
-4.3601 0.717772 103.1
-4.3601 0.633471 103.1
-4.3601 0.549171 103.1
-4.3601 0.46487 103.1
-4.3601 0.380571 103.1
-4.3601 0.29627 103.1
-4.4444 0.29627 103.1
-4.5287 0.29627 103.1
-4.613 0.29627 103.1
-4.6973 0.29627 103.1
-4.6973 0.380571 103.1
-4.7816 0.46487 103.1
-4.7816 0.549171 103.1
-4.8659 0.633471 103.1
-4.8659 0.717772 103.1
-4.9502 0.802071 103.1
-5.0345 0.802071 103.1
-5.1188 0.802071 103.1
-5.2031 0.802071 103.1
-5.2874 0.802071 103.1
-5.3717 0.802071 103.1
-5.456 0.802071 103.1
-5.5403 0.717772 103.1
-5.6246 0.633471 103.1
-5.7089 0.633471 103.1
-5.7932 0.549171 103.1
-5.8775 0.46487 103.1
-5.9618 0.46487 103.1
-6.0461 0.380571 103.1
-6.1304 0.29627 103.1
-6.2147 0.211971 103.1
-6.299 0.12767 103.1
-6.3833 0.12767 103.1
-6.4676 0.0433712 103.1
-6.4676 -0.0409298 103.1
-6.5519 -0.0409298 103.1
-6.6362 -0.0409298 103.1
-6.6362 0.0433712 103.1
-6.6362 0.12767 103.1
-6.6362 0.211971 103.1
-6.6362 0.29627 103.1
-6.6362 0.380571 103.1
-6.6362 0.46487 103.1
-6.5519 0.549171 103.1
-6.5519 0.633471 103.1
-6.4676 0.717772 103.1
-6.4676 0.802071 103.1
-6.4676 0.886372 103.1
-6.3833 0.970671 103.1
-6.299 1.05497 103.1
-6.2147 1.13927 103.1
-6.1304 1.22357 103.1
-6.0461 1.30787 103.1
-5.9618 1.39217 103.1
-5.8775 1.39217 103.1
-5.7932 1.47647 103.1
-5.7089 1.47647 103.1
-5.6246 1.56077 103.1
-6.2147 1.47647 103.3
-6.1304 1.47647 103.3
-6.0461 1.47647 103.3
-5.9618 1.47647 103.3
-5.8775 1.47647 103.3
-5.7932 1.47647 103.3
-5.7089 1.47647 103.3
-5.6246 1.47647 103.3
-5.5403 1.47647 103.3
-5.456 1.47647 103.3
-5.3717 1.47647 103.3
-5.2874 1.47647 103.3
-5.2031 1.39217 103.3
-5.1188 1.39217 103.3
-5.0345 1.39217 103.3
-4.9502 1.30787 103.3
-4.8659 1.30787 103.3
-4.7816 1.22357 103.3
-4.6973 1.13927 103.3
-4.613 1.05497 103.3
-4.5287 0.970671 103.3
-4.4444 0.886372 103.3
-4.4444 0.802071 103.3
-4.4444 0.717772 103.3
-4.4444 0.633471 103.3
-4.4444 0.549171 103.3
-4.4444 0.46487 103.3
-4.4444 0.380571 103.3
-4.5287 0.29627 103.3
-4.613 0.29627 103.3
-4.6973 0.29627 103.3
-4.7816 0.29627 103.3
-4.7816 0.380571 103.3
-4.8659 0.46487 103.3
-4.9502 0.549171 103.3
-5.0345 0.633471 103.3
-5.1188 0.717772 103.3
-5.2031 0.802071 103.3
-5.2874 0.802071 103.3
-5.3717 0.717772 103.3
-5.456 0.633471 103.3
-5.5403 0.549171 103.3
-5.6246 0.549171 103.3
-5.7089 0.46487 103.3
-5.7932 0.380571 103.3
-5.8775 0.380571 103.3
-5.9618 0.380571 103.3
-6.0461 0.380571 103.3
-6.1304 0.29627 103.3
-6.2147 0.29627 103.3
-6.299 0.29627 103.3
-6.3833 0.211971 103.3
-6.4676 0.12767 103.3
-6.5519 0.12767 103.3
-6.6362 0.12767 103.3
-6.7205 0.12767 103.3
-6.7205 0.211971 103.3
-6.7205 0.29627 103.3
-6.8048 0.380571 103.3
-6.8891 0.46487 103.3
-6.8891 0.549171 103.3
-6.8891 0.633471 103.3
-6.8891 0.717772 103.3
-6.8891 0.802071 103.3
-6.8891 0.886372 103.3
-6.8891 0.970671 103.3
-6.8048 1.05497 103.3
-6.7205 1.05497 103.3
-6.6362 1.13927 103.3
-6.5519 1.22357 103.3
-6.4676 1.30787 103.3
-6.3833 1.39217 103.3
-6.299 1.39217 103.3
-6.2147 1.47647 103.3
-6.3833 1.39217 103.5
-6.299 1.39217 103.5
-6.2147 1.39217 103.5
-6.1304 1.39217 103.5
-6.0461 1.39217 103.5
-5.9618 1.39217 103.5
-5.8775 1.39217 103.5
-5.7932 1.39217 103.5
-5.7089 1.39217 103.5
-5.6246 1.30787 103.5
-5.5403 1.30787 103.5
-5.456 1.30787 103.5
-5.3717 1.30787 103.5
-5.2874 1.22357 103.5
-5.2031 1.13927 103.5
-5.1188 1.13927 103.5
-5.0345 1.05497 103.5
-4.9502 1.05497 103.5
-4.8659 0.970671 103.5
-4.7816 0.886372 103.5
-4.6973 0.802071 103.5
-4.613 0.717772 103.5
-4.613 0.633471 103.5
-4.613 0.549171 103.5
-4.6973 0.549171 103.5
-4.7816 0.549171 103.5
-4.8659 0.549171 103.5
-4.9502 0.633471 103.5
-5.0345 0.717772 103.5
-5.1188 0.802071 103.5
-5.2031 0.802071 103.5
-5.2874 0.802071 103.5
-5.3717 0.886372 103.5
-5.456 0.886372 103.5
-5.5403 0.802071 103.5
-5.6246 0.802071 103.5
-5.7089 0.717772 103.5
-5.7932 0.717772 103.5
-5.8775 0.633471 103.5
-5.9618 0.633471 103.5
-6.0461 0.549171 103.5
-6.1304 0.549171 103.5
-6.2147 0.46487 103.5
-6.299 0.380571 103.5
-6.3833 0.29627 103.5
-6.4676 0.211971 103.5
-6.5519 0.211971 103.5
-6.6362 0.211971 103.5
-6.7205 0.211971 103.5
-6.8048 0.211971 103.5
-6.8891 0.211971 103.5
-6.9734 0.211971 103.5
-7.0577 0.29627 103.5
-7.0577 0.380571 103.5
-7.0577 0.46487 103.5
-7.0577 0.549171 103.5
-7.0577 0.633471 103.5
-7.0577 0.717772 103.5
-6.9734 0.802071 103.5
-6.9734 0.886372 103.5
-6.8891 0.970671 103.5
-6.8048 1.05497 103.5
-6.7205 1.13927 103.5
-6.6362 1.22357 103.5
-6.5519 1.30787 103.5
-6.4676 1.30787 103.5
-6.3833 1.39217 103.5
-6.1304 1.64507 103.7
-6.0461 1.64507 103.7
-5.9618 1.64507 103.7
-5.8775 1.64507 103.7
-5.7932 1.64507 103.7
-5.7089 1.64507 103.7
-5.6246 1.64507 103.7
-5.6246 1.56077 103.7
-5.5403 1.47647 103.7
-5.456 1.39217 103.7
-5.3717 1.30787 103.7
-5.2874 1.30787 103.7
-5.2031 1.22357 103.7
-5.1188 1.22357 103.7
-5.0345 1.13927 103.7
-4.9502 1.13927 103.7
-4.8659 1.05497 103.7
-4.7816 0.970671 103.7
-4.6973 0.886372 103.7
-4.6973 0.802071 103.7
-4.6973 0.717772 103.7
-4.7816 0.717772 103.7
-4.8659 0.717772 103.7
-4.9502 0.717772 103.7
-5.0345 0.802071 103.7
-5.1188 0.886372 103.7
-5.2031 0.886372 103.7
-5.2874 0.970671 103.7
-5.3717 0.886372 103.7
-5.456 0.886372 103.7
-5.5403 0.886372 103.7
-5.6246 0.802071 103.7
-5.7089 0.802071 103.7
-5.7932 0.717772 103.7
-5.8775 0.717772 103.7
-5.9618 0.633471 103.7
-6.0461 0.633471 103.7
-6.1304 0.633471 103.7
-6.2147 0.633471 103.7
-6.299 0.549171 103.7
-6.3833 0.46487 103.7
-6.4676 0.46487 103.7
-6.5519 0.380571 103.7
-6.6362 0.29627 103.7
-6.7205 0.29627 103.7
-6.8048 0.29627 103.7
-6.8891 0.29627 103.7
-6.9734 0.29627 103.7
-7.0577 0.29627 103.7
-7.0577 0.380571 103.7
-7.142 0.46487 103.7
-7.142 0.549171 103.7
-7.142 0.633471 103.7
-7.0577 0.717772 103.7
-6.9734 0.802071 103.7
-6.9734 0.886372 103.7
-6.8891 0.970671 103.7
-6.8048 1.05497 103.7
-6.7205 1.13927 103.7
-6.6362 1.22357 103.7
-6.5519 1.30787 103.7
-6.4676 1.39217 103.7
-6.3833 1.47647 103.7
-6.299 1.56077 103.7
-6.2147 1.56077 103.7
-6.1304 1.64507 103.7
-6.299 1.72937 103.9
-6.2147 1.72937 103.9
-6.1304 1.72937 103.9
-6.0461 1.72937 103.9
-5.9618 1.64507 103.9
-5.9618 1.56077 103.9
-5.8775 1.47647 103.9
-5.8775 1.39217 103.9
-5.7932 1.30787 103.9
-5.7089 1.22357 103.9
-5.6246 1.22357 103.9
-5.5403 1.22357 103.9
-5.456 1.22357 103.9
-5.3717 1.13927 103.9
-5.2874 1.13927 103.9
-5.2031 1.13927 103.9
-5.1188 1.13927 103.9
-5.0345 1.13927 103.9
-5.0345 1.05497 103.9
-5.0345 0.970671 103.9
-5.1188 0.970671 103.9
-5.2031 0.970671 103.9
-5.2874 0.970671 103.9
-5.3717 0.970671 103.9
-5.456 0.970671 103.9
-5.5403 0.886372 103.9
-5.6246 0.886372 103.9
-5.7089 0.886372 103.9
-5.7932 0.802071 103.9
-5.8775 0.717772 103.9
-5.9618 0.717772 103.9
-6.0461 0.717772 103.9
-6.1304 0.633471 103.9
-6.2147 0.633471 103.9
-6.299 0.633471 103.9
-6.3833 0.633471 103.9
-6.4676 0.633471 103.9
-6.5519 0.549171 103.9
-6.6362 0.549171 103.9
-6.7205 0.549171 103.9
-6.8048 0.46487 103.9
-6.8891 0.46487 103.9
-6.9734 0.380571 103.9
-7.0577 0.29627 103.9
-7.142 0.29627 103.9
-7.2263 0.29627 103.9
-7.3106 0.211971 103.9
-7.3949 0.211971 103.9
-7.4792 0.211971 103.9
-7.5635 0.29627 103.9
-7.5635 0.380571 103.9
-7.5635 0.46487 103.9
-7.5635 0.549171 103.9
-7.5635 0.633471 103.9
-7.5635 0.717772 103.9
-7.4792 0.802071 103.9
-7.3949 0.886372 103.9
-7.3106 0.970671 103.9
-7.2263 1.05497 103.9
-7.142 1.13927 103.9
-7.0577 1.22357 103.9
-6.9734 1.30787 103.9
-6.8891 1.30787 103.9
-6.8048 1.39217 103.9
-6.7205 1.47647 103.9
-6.6362 1.47647 103.9
-6.5519 1.56077 103.9
-6.4676 1.64507 103.9
-6.3833 1.64507 103.9
-6.299 1.72937 103.9
-6.7205 1.81367 104.1
-6.6362 1.81367 104.1
-6.5519 1.81367 104.1
-6.4676 1.81367 104.1
-6.3833 1.81367 104.1
-6.299 1.81367 104.1
-6.2147 1.81367 104.1
-6.2147 1.72937 104.1
-6.1304 1.64507 104.1
-6.1304 1.56077 104.1
-6.1304 1.47647 104.1
-6.1304 1.39217 104.1
-6.0461 1.30787 104.1
-5.9618 1.22357 104.1
-5.8775 1.13927 104.1
-5.7932 1.13927 104.1
-5.7932 1.05497 104.1
-5.7932 0.970671 104.1
-5.7932 0.886372 104.1
-5.8775 0.886372 104.1
-5.9618 0.886372 104.1
-6.0461 0.802071 104.1
-6.1304 0.802071 104.1
-6.2147 0.802071 104.1
-6.299 0.717772 104.1
-6.3833 0.717772 104.1
-6.4676 0.633471 104.1
-6.5519 0.549171 104.1
-6.6362 0.46487 104.1
-6.7205 0.46487 104.1
-6.8048 0.46487 104.1
-6.8891 0.46487 104.1
-6.9734 0.46487 104.1
-7.0577 0.380571 104.1
-7.142 0.380571 104.1
-7.2263 0.380571 104.1
-7.3106 0.380571 104.1
-7.3949 0.29627 104.1
-7.4792 0.29627 104.1
-7.5635 0.29627 104.1
-7.6478 0.211971 104.1
-7.7321 0.211971 104.1
-7.8164 0.211971 104.1
-7.9007 0.211971 104.1
-7.985 0.211971 104.1
-8.0693 0.12767 104.1
-8.1536 0.0433712 104.1
-8.2379 -0.0409298 104.1
-8.3222 -0.0409298 104.1
-8.4065 -0.0409298 104.1
-8.4908 -0.0409298 104.1
-8.5751 -0.0409298 104.1
-8.6594 -0.0409298 104.1
-8.7437 -0.0409298 104.1
-8.828 -0.0409298 104.1
-8.9123 -0.0409298 104.1
-8.9966 -0.0409298 104.1
-9.0809 -0.0409298 104.1
-9.1652 -0.0409298 104.1
-9.2495 -0.0409298 104.1
-9.3338 -0.0409298 104.1
-9.4181 -0.125229 104.1
-9.5024 -0.125229 104.1
-9.5867 -0.125229 104.1
-9.5867 -0.0409298 104.1
-9.5867 0.0433712 104.1
-9.5867 0.12767 104.1
-9.5024 0.211971 104.1
-9.5024 0.29627 104.1
-9.4181 0.380571 104.1
-9.3338 0.380571 104.1
-9.2495 0.46487 104.1
-9.1652 0.549171 104.1
-9.0809 0.549171 104.1
-8.9966 0.633471 104.1
-8.9123 0.717772 104.1
-8.828 0.717772 104.1
-8.7437 0.717772 104.1
-8.6594 0.802071 104.1
-8.5751 0.886372 104.1
-8.4908 0.886372 104.1
-8.4065 0.886372 104.1
-8.3222 0.886372 104.1
-8.2379 0.970671 104.1
-8.1536 1.05497 104.1
-8.0693 1.05497 104.1
-7.985 1.13927 104.1
-7.9007 1.13927 104.1
-7.8164 1.13927 104.1
-7.7321 1.13927 104.1
-7.6478 1.22357 104.1
-7.5635 1.22357 104.1
-7.4792 1.30787 104.1
-7.3949 1.39217 104.1
-7.3106 1.47647 104.1
-7.2263 1.47647 104.1
-7.142 1.56077 104.1
-7.0577 1.64507 104.1
-6.9734 1.64507 104.1
-6.8891 1.72937 104.1
-6.8048 1.72937 104.1
-6.7205 1.81367 104.1
-6.8048 1.81367 104.3
-6.7205 1.81367 104.3
-6.6362 1.81367 104.3
-6.5519 1.81367 104.3
-6.4676 1.81367 104.3
-6.4676 1.72937 104.3
-6.4676 1.64507 104.3
-6.4676 1.56077 104.3
-6.4676 1.47647 104.3
-6.3833 1.39217 104.3
-6.299 1.30787 104.3
-6.2147 1.30787 104.3
-6.1304 1.22357 104.3
-6.0461 1.13927 104.3
-5.9618 1.13927 104.3
-5.9618 1.05497 104.3
-5.9618 0.970671 104.3
-6.0461 0.886372 104.3
-6.1304 0.886372 104.3
-6.2147 0.802071 104.3
-6.299 0.802071 104.3
-6.3833 0.717772 104.3
-6.4676 0.717772 104.3
-6.5519 0.633471 104.3
-6.6362 0.633471 104.3
-6.7205 0.549171 104.3
-6.8048 0.549171 104.3
-6.8891 0.549171 104.3
-6.9734 0.549171 104.3
-7.0577 0.549171 104.3
-7.142 0.46487 104.3
-7.2263 0.46487 104.3
-7.3106 0.46487 104.3
-7.3949 0.46487 104.3
-7.4792 0.380571 104.3
-7.5635 0.380571 104.3
-7.6478 0.380571 104.3
-7.7321 0.380571 104.3
-7.8164 0.380571 104.3
-7.9007 0.380571 104.3
-7.985 0.29627 104.3
-8.0693 0.29627 104.3
-8.1536 0.29627 104.3
-8.2379 0.29627 104.3
-8.3222 0.29627 104.3
-8.4065 0.29627 104.3
-8.4908 0.211971 104.3
-8.5751 0.211971 104.3
-8.6594 0.211971 104.3
-8.7437 0.211971 104.3
-8.828 0.211971 104.3
-8.9123 0.211971 104.3
-8.9966 0.12767 104.3
-9.0809 0.0433712 104.3
-9.1652 0.0433712 104.3
-9.2495 0.0433712 104.3
-9.3338 -0.0409298 104.3
-9.4181 -0.0409298 104.3
-9.5024 -0.0409298 104.3
-9.5867 -0.0409298 104.3
-9.671 -0.125229 104.3
-9.7553 -0.125229 104.3
-9.8396 -0.125229 104.3
-9.9239 -0.125229 104.3
-10.0082 -0.125229 104.3
-10.0925 -0.125229 104.3
-10.1768 -0.125229 104.3
-10.2611 -0.125229 104.3
-10.3454 -0.125229 104.3
-10.4297 -0.0409298 104.3
-10.4297 0.0433712 104.3
-10.4297 0.12767 104.3
-10.4297 0.211971 104.3
-10.4297 0.29627 104.3
-10.4297 0.380571 104.3
-10.3454 0.46487 104.3
-10.2611 0.549171 104.3
-10.1768 0.549171 104.3
-10.0925 0.633471 104.3
-10.0082 0.633471 104.3
-9.9239 0.717772 104.3
-9.8396 0.802071 104.3
-9.7553 0.802071 104.3
-9.671 0.802071 104.3
-9.5867 0.886372 104.3
-9.5024 0.886372 104.3
-9.4181 0.886372 104.3
-9.3338 0.970671 104.3
-9.2495 0.970671 104.3
-9.1652 0.970671 104.3
-9.0809 0.970671 104.3
-8.9966 0.970671 104.3
-8.9123 0.970671 104.3
-8.828 0.970671 104.3
-8.7437 0.970671 104.3
-8.6594 0.970671 104.3
-8.5751 0.970671 104.3
-8.4908 0.970671 104.3
-8.4065 0.970671 104.3
-8.3222 0.970671 104.3
-8.2379 1.05497 104.3
-8.1536 1.05497 104.3
-8.0693 1.13927 104.3
-7.985 1.22357 104.3
-7.9007 1.22357 104.3
-7.8164 1.30787 104.3
-7.7321 1.30787 104.3
-7.6478 1.39217 104.3
-7.5635 1.47647 104.3
-7.4792 1.56077 104.3
-7.3949 1.64507 104.3
-7.3106 1.72937 104.3
-7.2263 1.72937 104.3
-7.142 1.72937 104.3
-7.0577 1.72937 104.3
-6.9734 1.72937 104.3
-6.8891 1.72937 104.3
-6.8048 1.81367 104.3
-7.3106 2.23517 104.5
-7.2263 2.23517 104.5
-7.142 2.23517 104.5
-7.0577 2.23517 104.5
-6.9734 2.23517 104.5
-6.9734 2.15087 104.5
-6.9734 2.06657 104.5
-6.8891 1.98227 104.5
-6.8891 1.89797 104.5
-6.8891 1.81367 104.5
-6.8048 1.72937 104.5
-6.7205 1.64507 104.5
-6.7205 1.56077 104.5
-6.6362 1.47647 104.5
-6.5519 1.47647 104.5
-6.4676 1.39217 104.5
-6.3833 1.30787 104.5
-6.299 1.22357 104.5
-6.2147 1.22357 104.5
-6.1304 1.13927 104.5
-6.1304 1.05497 104.5
-6.1304 0.970671 104.5
-6.1304 0.886372 104.5
-6.2147 0.802071 104.5
-6.299 0.802071 104.5
-6.3833 0.802071 104.5
-6.4676 0.717772 104.5
-6.5519 0.633471 104.5
-6.6362 0.633471 104.5
-6.7205 0.549171 104.5
-6.8048 0.549171 104.5
-6.8891 0.46487 104.5
-6.9734 0.46487 104.5
-7.0577 0.380571 104.5
-7.142 0.380571 104.5
-7.2263 0.29627 104.5
-7.3106 0.29627 104.5
-7.3949 0.29627 104.5
-7.4792 0.211971 104.5
-7.5635 0.211971 104.5
-7.6478 0.211971 104.5
-7.6478 0.29627 104.5
-7.7321 0.380571 104.5
-7.8164 0.380571 104.5
-7.9007 0.380571 104.5
-7.985 0.380571 104.5
-8.0693 0.380571 104.5
-8.1536 0.380571 104.5
-8.2379 0.29627 104.5
-8.3222 0.29627 104.5
-8.4065 0.211971 104.5
-8.4908 0.211971 104.5
-8.5751 0.12767 104.5
-8.6594 0.12767 104.5
-8.7437 0.12767 104.5
-8.828 0.12767 104.5
-8.9123 0.0433712 104.5
-8.9966 0.0433712 104.5
-9.0809 0.0433712 104.5
-9.1652 -0.0409298 104.5
-9.2495 -0.0409298 104.5
-9.3338 -0.125229 104.5
-9.4181 -0.125229 104.5
-9.5024 -0.125229 104.5
-9.5867 -0.20953 104.5
-9.671 -0.20953 104.5
-9.7553 -0.20953 104.5
-9.8396 -0.293829 104.5
-9.9239 -0.293829 104.5
-10.0082 -0.37813 104.5
-10.0925 -0.37813 104.5
-10.1768 -0.37813 104.5
-10.2611 -0.37813 104.5
-10.3454 -0.37813 104.5
-10.4297 -0.37813 104.5
-10.514 -0.37813 104.5
-10.5983 -0.37813 104.5
-10.6826 -0.37813 104.5
-10.7669 -0.293829 104.5
-10.8512 -0.20953 104.5
-10.8512 -0.125229 104.5
-10.8512 -0.0409298 104.5
-10.8512 0.0433712 104.5
-10.8512 0.12767 104.5
-10.8512 0.211971 104.5
-10.7669 0.29627 104.5
-10.7669 0.380571 104.5
-10.6826 0.46487 104.5
-10.5983 0.46487 104.5
-10.514 0.549171 104.5
-10.4297 0.633471 104.5
-10.3454 0.633471 104.5
-10.2611 0.717772 104.5
-10.1768 0.717772 104.5
-10.0925 0.717772 104.5
-10.0082 0.802071 104.5
-9.9239 0.802071 104.5
-9.8396 0.802071 104.5
-9.7553 0.886372 104.5
-9.671 0.886372 104.5
-9.5867 0.886372 104.5
-9.5024 0.886372 104.5
-9.4181 0.886372 104.5
-9.3338 0.886372 104.5
-9.2495 0.886372 104.5
-9.1652 0.886372 104.5
-9.0809 0.886372 104.5
-8.9966 0.886372 104.5
-8.9123 0.970671 104.5
-8.828 0.970671 104.5
-8.7437 0.970671 104.5
-8.6594 1.05497 104.5
-8.5751 1.05497 104.5
-8.4908 1.13927 104.5
-8.4065 1.22357 104.5
-8.3222 1.30787 104.5
-8.2379 1.39217 104.5
-8.1536 1.47647 104.5
-8.0693 1.56077 104.5
-8.0693 1.64507 104.5
-7.985 1.72937 104.5
-7.9007 1.81367 104.5
-7.8164 1.89797 104.5
-7.7321 1.98227 104.5
-7.6478 2.06657 104.5
-7.5635 2.06657 104.5
-7.4792 2.15087 104.5
-7.3949 2.15087 104.5
-7.3106 2.23517 104.5
-7.985 1.13927 104.7
-7.9007 1.13927 104.7
-7.8164 1.13927 104.7
-7.7321 1.13927 104.7
-7.6478 1.13927 104.7
-7.5635 1.13927 104.7
-7.4792 1.13927 104.7
-7.3949 1.13927 104.7
-7.3106 1.13927 104.7
-7.2263 1.13927 104.7
-7.142 1.13927 104.7
-7.0577 1.13927 104.7
-6.9734 1.13927 104.7
-6.8891 1.13927 104.7
-6.8048 1.13927 104.7
-6.7205 1.13927 104.7
-6.6362 1.13927 104.7
-6.5519 1.13927 104.7
-6.4676 1.13927 104.7
-6.3833 1.13927 104.7
-6.299 1.13927 104.7
-6.299 1.05497 104.7
-6.299 0.970671 104.7
-6.3833 0.970671 104.7
-6.4676 0.886372 104.7
-6.5519 0.886372 104.7
-6.6362 0.886372 104.7
-6.7205 0.802071 104.7
-6.8048 0.717772 104.7
-6.8891 0.717772 104.7
-6.9734 0.633471 104.7
-7.0577 0.549171 104.7
-7.142 0.46487 104.7
-7.2263 0.46487 104.7
-7.3106 0.46487 104.7
-7.3949 0.46487 104.7
-7.4792 0.46487 104.7
-7.5635 0.380571 104.7
-7.6478 0.380571 104.7
-7.7321 0.380571 104.7
-7.8164 0.380571 104.7
-7.9007 0.29627 104.7
-7.985 0.29627 104.7
-8.0693 0.29627 104.7
-8.1536 0.211971 104.7
-8.2379 0.211971 104.7
-8.3222 0.211971 104.7
-8.4065 0.12767 104.7
-8.4908 0.12767 104.7
-8.5751 0.0433712 104.7
-8.6594 0.0433712 104.7
-8.7437 -0.0409298 104.7
-8.828 -0.0409298 104.7
-8.9123 -0.125229 104.7
-8.9966 -0.125229 104.7
-9.0809 -0.20953 104.7
-9.1652 -0.20953 104.7
-9.2495 -0.293829 104.7
-9.3338 -0.293829 104.7
-9.4181 -0.293829 104.7
-9.5024 -0.37813 104.7
-9.5867 -0.462429 104.7
-9.671 -0.462429 104.7
-9.7553 -0.462429 104.7
-9.8396 -0.462429 104.7
-9.9239 -0.462429 104.7
-10.0082 -0.462429 104.7
-10.0925 -0.462429 104.7
-10.1768 -0.462429 104.7
-10.2611 -0.462429 104.7
-10.3454 -0.54673 104.7
-10.4297 -0.54673 104.7
-10.514 -0.54673 104.7
-10.5983 -0.54673 104.7
-10.6826 -0.54673 104.7
-10.7669 -0.54673 104.7
-10.8512 -0.54673 104.7
-10.9355 -0.54673 104.7
-11.0198 -0.54673 104.7
-11.1041 -0.462429 104.7
-11.1884 -0.462429 104.7
-11.2727 -0.462429 104.7
-11.357 -0.37813 104.7
-11.4413 -0.37813 104.7
-11.5256 -0.37813 104.7
-11.6099 -0.37813 104.7
-11.6942 -0.37813 104.7
-11.7785 -0.293829 104.7
-11.8628 -0.20953 104.7
-11.8628 -0.125229 104.7
-11.8628 -0.0409298 104.7
-11.8628 0.0433712 104.7
-11.8628 0.12767 104.7
-11.8628 0.211971 104.7
-11.8628 0.29627 104.7
-11.8628 0.380571 104.7
-11.8628 0.46487 104.7
-11.8628 0.549171 104.7
-11.8628 0.633471 104.7
-11.7785 0.633471 104.7
-11.6942 0.717772 104.7
-11.6099 0.717772 104.7
-11.5256 0.717772 104.7
-11.4413 0.633471 104.7
-11.357 0.633471 104.7
-11.2727 0.633471 104.7
-11.1884 0.633471 104.7
-11.1041 0.633471 104.7
-11.0198 0.633471 104.7
-10.9355 0.633471 104.7
-10.8512 0.633471 104.7
-10.7669 0.633471 104.7
-10.6826 0.717772 104.7
-10.5983 0.717772 104.7
-10.514 0.802071 104.7
-10.4297 0.886372 104.7
-10.3454 0.886372 104.7
-10.2611 0.970671 104.7
-10.1768 0.970671 104.7
-10.0925 0.970671 104.7
-10.0082 0.970671 104.7
-9.9239 0.970671 104.7
-9.8396 0.970671 104.7
-9.7553 0.970671 104.7
-9.671 0.970671 104.7
-9.5867 0.970671 104.7
-9.5024 0.970671 104.7
-9.4181 0.970671 104.7
-9.3338 0.970671 104.7
-9.2495 0.970671 104.7
-9.1652 0.970671 104.7
-9.0809 0.970671 104.7
-8.9966 0.970671 104.7
-8.9123 0.970671 104.7
-8.828 0.970671 104.7
-8.7437 0.970671 104.7
-8.6594 0.970671 104.7
-8.5751 0.970671 104.7
-8.4908 0.970671 104.7
-8.4065 0.970671 104.7
-8.3222 1.05497 104.7
-8.2379 1.05497 104.7
-8.1536 1.05497 104.7
-8.0693 1.05497 104.7
-7.985 1.13927 104.7
-8.0693 1.13927 104.9
-7.985 1.13927 104.9
-7.9007 1.13927 104.9
-7.8164 1.13927 104.9
-7.7321 1.13927 104.9
-7.6478 1.13927 104.9
-7.5635 1.13927 104.9
-7.4792 1.13927 104.9
-7.3949 1.13927 104.9
-7.3106 1.13927 104.9
-7.2263 1.13927 104.9
-7.142 1.13927 104.9
-7.0577 1.13927 104.9
-6.9734 1.13927 104.9
-6.8891 1.13927 104.9
-6.8048 1.13927 104.9
-6.7205 1.13927 104.9
-6.6362 1.13927 104.9
-6.6362 1.05497 104.9
-6.6362 0.970671 104.9
-6.6362 0.886372 104.9
-6.7205 0.802071 104.9
-6.8048 0.717772 104.9
-6.8891 0.717772 104.9
-6.9734 0.633471 104.9
-7.0577 0.633471 104.9
-7.142 0.633471 104.9
-7.2263 0.633471 104.9
-7.3106 0.549171 104.9
-7.3949 0.549171 104.9
-7.4792 0.549171 104.9
-7.5635 0.549171 104.9
-7.6478 0.549171 104.9
-7.7321 0.549171 104.9
-7.8164 0.46487 104.9
-7.9007 0.46487 104.9
-7.985 0.46487 104.9
-8.0693 0.380571 104.9
-8.1536 0.380571 104.9
-8.2379 0.380571 104.9
-8.3222 0.380571 104.9
-8.4065 0.29627 104.9
-8.4908 0.29627 104.9
-8.5751 0.29627 104.9
-8.6594 0.29627 104.9
-8.7437 0.211971 104.9
-8.828 0.211971 104.9
-8.9123 0.211971 104.9
-8.9966 0.12767 104.9
-9.0809 0.12767 104.9
-9.1652 0.12767 104.9
-9.2495 0.0433712 104.9
-9.3338 0.0433712 104.9
-9.4181 0.0433712 104.9
-9.5024 -0.0409298 104.9
-9.5867 -0.125229 104.9
-9.671 -0.20953 104.9
-9.7553 -0.293829 104.9
-9.8396 -0.37813 104.9
-9.8396 -0.462429 104.9
-9.9239 -0.54673 104.9
-10.0082 -0.54673 104.9
-10.0925 -0.631029 104.9
-10.1768 -0.631029 104.9
-10.2611 -0.631029 104.9
-10.3454 -0.631029 104.9
-10.4297 -0.631029 104.9
-10.514 -0.631029 104.9
-10.5983 -0.631029 104.9
-10.6826 -0.631029 104.9
-10.7669 -0.631029 104.9
-10.8512 -0.631029 104.9
-10.9355 -0.631029 104.9
-11.0198 -0.631029 104.9
-11.1041 -0.631029 104.9
-11.1884 -0.631029 104.9
-11.2727 -0.631029 104.9
-11.357 -0.54673 104.9
-11.4413 -0.462429 104.9
-11.5256 -0.54673 104.9
-11.6099 -0.54673 104.9
-11.6942 -0.54673 104.9
-11.7785 -0.54673 104.9
-11.8628 -0.54673 104.9
-11.9471 -0.462429 104.9
-12.0314 -0.37813 104.9
-12.1157 -0.293829 104.9
-12.2 -0.20953 104.9
-12.2 -0.125229 104.9
-12.2 -0.0409298 104.9
-12.2 0.0433712 104.9
-12.2 0.12767 104.9
-12.2 0.211971 104.9
-12.2 0.29627 104.9
-12.1157 0.380571 104.9
-12.0314 0.46487 104.9
-11.9471 0.46487 104.9
-11.8628 0.46487 104.9
-11.7785 0.46487 104.9
-11.6942 0.46487 104.9
-11.6099 0.46487 104.9
-11.5256 0.46487 104.9
-11.4413 0.46487 104.9
-11.357 0.46487 104.9
-11.2727 0.46487 104.9
-11.1884 0.549171 104.9
-11.1041 0.549171 104.9
-11.0198 0.549171 104.9
-10.9355 0.549171 104.9
-10.8512 0.633471 104.9
-10.7669 0.633471 104.9
-10.6826 0.633471 104.9
-10.5983 0.717772 104.9
-10.514 0.717772 104.9
-10.4297 0.717772 104.9
-10.3454 0.717772 104.9
-10.2611 0.717772 104.9
-10.1768 0.802071 104.9
-10.0925 0.802071 104.9
-10.0082 0.802071 104.9
-9.9239 0.802071 104.9
-9.8396 0.802071 104.9
-9.7553 0.802071 104.9
-9.671 0.802071 104.9
-9.5867 0.802071 104.9
-9.5024 0.802071 104.9
-9.4181 0.802071 104.9
-9.3338 0.802071 104.9
-9.2495 0.802071 104.9
-9.1652 0.886372 104.9
-9.0809 0.886372 104.9
-8.9966 0.886372 104.9
-8.9123 0.886372 104.9
-8.828 0.970671 104.9
-8.7437 0.970671 104.9
-8.6594 0.970671 104.9
-8.5751 0.970671 104.9
-8.4908 0.970671 104.9
-8.4065 0.970671 104.9
-8.3222 1.05497 104.9
-8.2379 1.05497 104.9
-8.1536 1.05497 104.9
-8.0693 1.13927 104.9
-7.5635 1.05497 105.1
-7.4792 1.05497 105.1
-7.3949 1.05497 105.1
-7.3106 1.05497 105.1
-7.2263 1.05497 105.1
-7.2263 0.970671 105.1
-7.2263 0.886372 105.1
-7.3106 0.802071 105.1
-7.3949 0.802071 105.1
-7.4792 0.717772 105.1
-7.5635 0.717772 105.1
-7.6478 0.633471 105.1
-7.7321 0.549171 105.1
-7.8164 0.549171 105.1
-7.9007 0.549171 105.1
-7.985 0.46487 105.1
-8.0693 0.46487 105.1
-8.1536 0.46487 105.1
-8.2379 0.380571 105.1
-8.3222 0.380571 105.1
-8.4065 0.380571 105.1
-8.4908 0.380571 105.1
-8.5751 0.380571 105.1
-8.6594 0.380571 105.1
-8.7437 0.29627 105.1
-8.828 0.29627 105.1
-8.9123 0.29627 105.1
-8.9966 0.29627 105.1
-9.0809 0.380571 105.1
-9.1652 0.29627 105.1
-9.2495 0.29627 105.1
-9.3338 0.29627 105.1
-9.4181 0.29627 105.1
-9.5024 0.29627 105.1
-9.5867 0.211971 105.1
-9.671 0.211971 105.1
-9.7553 0.211971 105.1
-9.8396 0.211971 105.1
-9.9239 0.211971 105.1
-10.0082 0.12767 105.1
-10.0082 0.0433712 105.1
-10.0925 -0.0409298 105.1
-10.1768 -0.0409298 105.1
-10.2611 -0.125229 105.1
-10.3454 -0.125229 105.1
-10.4297 -0.125229 105.1
-10.514 -0.20953 105.1
-10.5983 -0.20953 105.1
-10.6826 -0.20953 105.1
-10.7669 -0.20953 105.1
-10.8512 -0.20953 105.1
-10.9355 -0.293829 105.1
-11.0198 -0.293829 105.1
-11.1041 -0.37813 105.1
-11.1884 -0.37813 105.1
-11.2727 -0.37813 105.1
-11.357 -0.37813 105.1
-11.4413 -0.37813 105.1
-11.5256 -0.37813 105.1
-11.6099 -0.462429 105.1
-11.6942 -0.462429 105.1
-11.7785 -0.54673 105.1
-11.8628 -0.54673 105.1
-11.9471 -0.54673 105.1
-12.0314 -0.54673 105.1
-12.1157 -0.54673 105.1
-12.2 -0.54673 105.1
-12.2843 -0.462429 105.1
-12.3686 -0.462429 105.1
-12.4529 -0.37813 105.1
-12.5372 -0.293829 105.1
-12.6215 -0.20953 105.1
-12.6215 -0.125229 105.1
-12.7058 -0.0409298 105.1
-12.7058 0.0433712 105.1
-12.7058 0.12767 105.1
-12.7058 0.211971 105.1
-12.6215 0.29627 105.1
-12.6215 0.380571 105.1
-12.6215 0.46487 105.1
-12.5372 0.46487 105.1
-12.4529 0.46487 105.1
-12.3686 0.46487 105.1
-12.2843 0.46487 105.1
-12.2 0.380571 105.1
-12.1157 0.380571 105.1
-12.0314 0.29627 105.1
-11.9471 0.29627 105.1
-11.8628 0.29627 105.1
-11.7785 0.29627 105.1
-11.6942 0.380571 105.1
-11.6099 0.380571 105.1
-11.5256 0.380571 105.1
-11.4413 0.46487 105.1
-11.357 0.549171 105.1
-11.2727 0.549171 105.1
-11.1884 0.633471 105.1
-11.1041 0.633471 105.1
-11.0198 0.717772 105.1
-10.9355 0.717772 105.1
-10.8512 0.717772 105.1
-10.7669 0.717772 105.1
-10.6826 0.717772 105.1
-10.5983 0.717772 105.1
-10.514 0.717772 105.1
-10.4297 0.717772 105.1
-10.3454 0.717772 105.1
-10.2611 0.717772 105.1
-10.1768 0.802071 105.1
-10.0925 0.802071 105.1
-10.0082 0.802071 105.1
-9.9239 0.802071 105.1
-9.8396 0.802071 105.1
-9.7553 0.802071 105.1
-9.671 0.802071 105.1
-9.5867 0.802071 105.1
-9.5024 0.802071 105.1
-9.4181 0.802071 105.1
-9.3338 0.802071 105.1
-9.2495 0.886372 105.1
-9.1652 0.886372 105.1
-9.0809 0.886372 105.1
-8.9966 0.886372 105.1
-8.9123 0.886372 105.1
-8.828 0.886372 105.1
-8.7437 0.886372 105.1
-8.6594 0.886372 105.1
-8.5751 0.886372 105.1
-8.4908 0.886372 105.1
-8.4065 0.886372 105.1
-8.3222 0.886372 105.1
-8.2379 0.970671 105.1
-8.1536 0.970671 105.1
-8.0693 0.970671 105.1
-7.985 0.970671 105.1
-7.9007 0.970671 105.1
-7.8164 0.970671 105.1
-7.7321 0.970671 105.1
-7.6478 0.970671 105.1
-7.5635 1.05497 105.1
-11.1884 0.802071 105.3
-11.1041 0.802071 105.3
-11.0198 0.802071 105.3
-10.9355 0.802071 105.3
-10.8512 0.802071 105.3
-10.7669 0.802071 105.3
-10.6826 0.802071 105.3
-10.5983 0.802071 105.3
-10.514 0.802071 105.3
-10.4297 0.717772 105.3
-10.3454 0.717772 105.3
-10.2611 0.633471 105.3
-10.1768 0.549171 105.3
-10.0925 0.46487 105.3
-10.0082 0.380571 105.3
-10.0082 0.29627 105.3
-10.0082 0.211971 105.3
-10.0082 0.12767 105.3
-10.0082 0.0433712 105.3
-10.0082 -0.0409298 105.3
-10.0082 -0.125229 105.3
-10.0925 -0.20953 105.3
-10.1768 -0.293829 105.3
-10.2611 -0.293829 105.3
-10.3454 -0.293829 105.3
-10.4297 -0.37813 105.3
-10.514 -0.37813 105.3
-10.5983 -0.37813 105.3
-10.6826 -0.37813 105.3
-10.7669 -0.37813 105.3
-10.8512 -0.37813 105.3
-10.9355 -0.37813 105.3
-11.0198 -0.37813 105.3
-11.1041 -0.37813 105.3
-11.1884 -0.37813 105.3
-11.2727 -0.37813 105.3
-11.357 -0.37813 105.3
-11.4413 -0.37813 105.3
-11.5256 -0.37813 105.3
-11.6099 -0.37813 105.3
-11.6942 -0.462429 105.3
-11.7785 -0.462429 105.3
-11.8628 -0.462429 105.3
-11.9471 -0.462429 105.3
-12.0314 -0.54673 105.3
-12.0314 -0.631029 105.3
-12.1157 -0.631029 105.3
-12.2 -0.631029 105.3
-12.2843 -0.631029 105.3
-12.3686 -0.54673 105.3
-12.4529 -0.54673 105.3
-12.5372 -0.462429 105.3
-12.6215 -0.462429 105.3
-12.7058 -0.37813 105.3
-12.7058 -0.293829 105.3
-12.7901 -0.20953 105.3
-12.7901 -0.125229 105.3
-12.7901 -0.0409298 105.3
-12.7901 0.0433712 105.3
-12.7901 0.12767 105.3
-12.7901 0.211971 105.3
-12.7901 0.29627 105.3
-12.7901 0.380571 105.3
-12.7901 0.46487 105.3
-12.7058 0.46487 105.3
-12.6215 0.46487 105.3
-12.5372 0.46487 105.3
-12.4529 0.380571 105.3
-12.3686 0.29627 105.3
-12.2843 0.211971 105.3
-12.2 0.12767 105.3
-12.1157 0.12767 105.3
-12.0314 0.12767 105.3
-11.9471 0.211971 105.3
-11.8628 0.29627 105.3
-11.7785 0.380571 105.3
-11.6942 0.46487 105.3
-11.6099 0.549171 105.3
-11.5256 0.549171 105.3
-11.4413 0.633471 105.3
-11.357 0.633471 105.3
-11.2727 0.717772 105.3
-11.1884 0.802071 105.3
-10.9355 1.56077 105.5
-10.8512 1.56077 105.5
-10.7669 1.56077 105.5
-10.6826 1.56077 105.5
-10.5983 1.47647 105.5
-10.5983 1.39217 105.5
-10.514 1.30787 105.5
-10.4297 1.22357 105.5
-10.4297 1.13927 105.5
-10.4297 1.05497 105.5
-10.4297 0.970671 105.5
-10.3454 0.886372 105.5
-10.3454 0.802071 105.5
-10.3454 0.717772 105.5
-10.3454 0.633471 105.5
-10.3454 0.549171 105.5
-10.3454 0.46487 105.5
-10.3454 0.380571 105.5
-10.3454 0.29627 105.5
-10.3454 0.211971 105.5
-10.4297 0.12767 105.5
-10.514 0.0433712 105.5
-10.5983 -0.0409298 105.5
-10.6826 -0.125229 105.5
-10.7669 -0.20953 105.5
-10.8512 -0.293829 105.5
-10.9355 -0.37813 105.5
-11.0198 -0.462429 105.5
-11.1041 -0.462429 105.5
-11.1884 -0.54673 105.5
-11.2727 -0.631029 105.5
-11.357 -0.631029 105.5
-11.4413 -0.71533 105.5
-11.5256 -0.71533 105.5
-11.6099 -0.71533 105.5
-11.6942 -0.71533 105.5
-11.7785 -0.71533 105.5
-11.8628 -0.71533 105.5
-11.9471 -0.71533 105.5
-12.0314 -0.71533 105.5
-12.1157 -0.71533 105.5
-12.2 -0.71533 105.5
-12.2843 -0.71533 105.5
-12.3686 -0.71533 105.5
-12.4529 -0.71533 105.5
-12.5372 -0.71533 105.5
-12.6215 -0.71533 105.5
-12.7058 -0.71533 105.5
-12.7901 -0.631029 105.5
-12.8744 -0.54673 105.5
-12.8744 -0.462429 105.5
-12.9587 -0.37813 105.5
-13.043 -0.293829 105.5
-13.043 -0.20953 105.5
-13.043 -0.125229 105.5
-13.043 -0.0409298 105.5
-13.043 0.0433712 105.5
-13.043 0.12767 105.5
-13.043 0.211971 105.5
-12.9587 0.29627 105.5
-12.8744 0.29627 105.5
-12.7901 0.29627 105.5
-12.7058 0.29627 105.5
-12.6215 0.211971 105.5
-12.5372 0.12767 105.5
-12.4529 0.12767 105.5
-12.3686 0.12767 105.5
-12.2843 0.211971 105.5
-12.2 0.211971 105.5
-12.1157 0.29627 105.5
-12.0314 0.380571 105.5
-11.9471 0.46487 105.5
-11.8628 0.549171 105.5
-11.7785 0.633471 105.5
-11.7785 0.717772 105.5
-11.6942 0.802071 105.5
-11.6099 0.886372 105.5
-11.6099 0.970671 105.5
-11.5256 1.05497 105.5
-11.4413 1.13927 105.5
-11.357 1.22357 105.5
-11.2727 1.30787 105.5
-11.1884 1.30787 105.5
-11.1041 1.39217 105.5
-11.0198 1.47647 105.5
-10.9355 1.56077 105.5
-11.5256 1.30787 105.7
-11.4413 1.30787 105.7
-11.357 1.30787 105.7
-11.2727 1.30787 105.7
-11.1884 1.30787 105.7
-11.1041 1.30787 105.7
-11.0198 1.30787 105.7
-10.9355 1.30787 105.7
-10.9355 1.22357 105.7
-10.9355 1.13927 105.7
-10.9355 1.05497 105.7
-10.9355 0.970671 105.7
-10.9355 0.886372 105.7
-10.9355 0.802071 105.7
-10.9355 0.717772 105.7
-11.0198 0.633471 105.7
-11.0198 0.549171 105.7
-11.1041 0.46487 105.7
-11.1041 0.380571 105.7
-11.1041 0.29627 105.7
-11.1041 0.211971 105.7
-11.0198 0.12767 105.7
-10.9355 0.0433712 105.7
-10.9355 -0.0409298 105.7
-10.9355 -0.125229 105.7
-10.9355 -0.20953 105.7
-11.0198 -0.293829 105.7
-11.1041 -0.293829 105.7
-11.1884 -0.37813 105.7
-11.2727 -0.37813 105.7
-11.357 -0.37813 105.7
-11.4413 -0.462429 105.7
-11.5256 -0.462429 105.7
-11.6099 -0.462429 105.7
-11.6942 -0.54673 105.7
-11.7785 -0.54673 105.7
-11.8628 -0.54673 105.7
-11.9471 -0.54673 105.7
-12.0314 -0.54673 105.7
-12.1157 -0.54673 105.7
-12.2 -0.54673 105.7
-12.2843 -0.54673 105.7
-12.3686 -0.631029 105.7
-12.4529 -0.631029 105.7
-12.5372 -0.631029 105.7
-12.6215 -0.631029 105.7
-12.7058 -0.631029 105.7
-12.7901 -0.631029 105.7
-12.8744 -0.631029 105.7
-12.9587 -0.54673 105.7
-13.043 -0.54673 105.7
-13.1273 -0.54673 105.7
-13.2116 -0.462429 105.7
-13.2959 -0.37813 105.7
-13.2959 -0.293829 105.7
-13.2959 -0.20953 105.7
-13.2959 -0.125229 105.7
-13.2959 -0.0409298 105.7
-13.2959 0.0433712 105.7
-13.2116 0.12767 105.7
-13.1273 0.211971 105.7
-13.043 0.29627 105.7
-12.9587 0.380571 105.7
-12.8744 0.46487 105.7
-12.7901 0.46487 105.7
-12.7058 0.549171 105.7
-12.6215 0.633471 105.7
-12.5372 0.633471 105.7
-12.4529 0.717772 105.7
-12.3686 0.717772 105.7
-12.2843 0.802071 105.7
-12.2 0.886372 105.7
-12.1157 0.886372 105.7
-12.0314 0.970671 105.7
-11.9471 1.05497 105.7
-11.8628 1.13927 105.7
-11.7785 1.13927 105.7
-11.6942 1.22357 105.7
-11.6099 1.22357 105.7
-11.5256 1.30787 105.7
-11.9471 0.886372 105.9
-11.8628 0.886372 105.9
-11.7785 0.886372 105.9
-11.6942 0.886372 105.9
-11.6099 0.886372 105.9
-11.5256 0.886372 105.9
-11.4413 0.886372 105.9
-11.4413 0.802071 105.9
-11.357 0.717772 105.9
-11.357 0.633471 105.9
-11.357 0.549171 105.9
-11.357 0.46487 105.9
-11.357 0.380571 105.9
-11.357 0.29627 105.9
-11.357 0.211971 105.9
-11.357 0.12767 105.9
-11.357 0.0433712 105.9
-11.357 -0.0409298 105.9
-11.357 -0.125229 105.9
-11.357 -0.20953 105.9
-11.357 -0.293829 105.9
-11.357 -0.37813 105.9
-11.4413 -0.462429 105.9
-11.5256 -0.54673 105.9
-11.6099 -0.54673 105.9
-11.6942 -0.631029 105.9
-11.7785 -0.631029 105.9
-11.8628 -0.71533 105.9
-11.9471 -0.71533 105.9
-12.0314 -0.71533 105.9
-12.1157 -0.71533 105.9
-12.2 -0.71533 105.9
-12.2843 -0.71533 105.9
-12.3686 -0.71533 105.9
-12.4529 -0.71533 105.9
-12.5372 -0.71533 105.9
-12.6215 -0.71533 105.9
-12.7058 -0.71533 105.9
-12.7901 -0.71533 105.9
-12.8744 -0.71533 105.9
-12.9587 -0.631029 105.9
-13.043 -0.631029 105.9
-13.1273 -0.54673 105.9
-13.2116 -0.54673 105.9
-13.2959 -0.54673 105.9
-13.3802 -0.462429 105.9
-13.4645 -0.37813 105.9
-13.5488 -0.293829 105.9
-13.5488 -0.20953 105.9
-13.5488 -0.125229 105.9
-13.5488 -0.0409298 105.9
-13.4645 0.0433712 105.9
-13.4645 0.12767 105.9
-13.3802 0.12767 105.9
-13.2959 0.211971 105.9
-13.2116 0.211971 105.9
-13.1273 0.29627 105.9
-13.043 0.380571 105.9
-12.9587 0.380571 105.9
-12.8744 0.46487 105.9
-12.7901 0.46487 105.9
-12.7058 0.549171 105.9
-12.6215 0.549171 105.9
-12.5372 0.549171 105.9
-12.4529 0.633471 105.9
-12.3686 0.633471 105.9
-12.2843 0.717772 105.9
-12.2 0.802071 105.9
-12.1157 0.802071 105.9
-12.0314 0.802071 105.9
-11.9471 0.886372 105.9
-12.4529 0.802071 106.1
-12.3686 0.802071 106.1
-12.2843 0.802071 106.1
-12.2 0.802071 106.1
-12.1157 0.802071 106.1
-12.0314 0.802071 106.1
-11.9471 0.802071 106.1
-11.8628 0.717772 106.1
-11.8628 0.633471 106.1
-11.8628 0.549171 106.1
-11.8628 0.46487 106.1
-11.8628 0.380571 106.1
-11.8628 0.29627 106.1
-11.8628 0.211971 106.1
-11.8628 0.12767 106.1
-11.8628 0.0433712 106.1
-11.8628 -0.0409298 106.1
-11.8628 -0.125229 106.1
-11.8628 -0.20953 106.1
-11.8628 -0.293829 106.1
-11.8628 -0.37813 106.1
-11.8628 -0.462429 106.1
-11.9471 -0.54673 106.1
-12.0314 -0.631029 106.1
-12.1157 -0.71533 106.1
-12.2 -0.71533 106.1
-12.2843 -0.71533 106.1
-12.3686 -0.799629 106.1
-12.4529 -0.88393 106.1
-12.5372 -0.88393 106.1
-12.6215 -0.88393 106.1
-12.7058 -0.88393 106.1
-12.7901 -0.88393 106.1
-12.8744 -0.88393 106.1
-12.9587 -0.799629 106.1
-13.043 -0.799629 106.1
-13.1273 -0.799629 106.1
-13.2116 -0.71533 106.1
-13.2959 -0.631029 106.1
-13.3802 -0.631029 106.1
-13.4645 -0.54673 106.1
-13.5488 -0.462429 106.1
-13.6331 -0.37813 106.1
-13.6331 -0.293829 106.1
-13.6331 -0.20953 106.1
-13.6331 -0.125229 106.1
-13.6331 -0.0409298 106.1
-13.6331 0.0433712 106.1
-13.6331 0.12767 106.1
-13.5488 0.12767 106.1
-13.4645 0.211971 106.1
-13.3802 0.29627 106.1
-13.2959 0.29627 106.1
-13.2116 0.29627 106.1
-13.1273 0.380571 106.1
-13.043 0.380571 106.1
-12.9587 0.46487 106.1
-12.8744 0.46487 106.1
-12.7901 0.549171 106.1
-12.7058 0.633471 106.1
-12.6215 0.633471 106.1
-12.5372 0.717772 106.1
-12.4529 0.802071 106.1
-12.8744 0.802071 106.3
-12.7901 0.802071 106.3
-12.7058 0.802071 106.3
-12.6215 0.802071 106.3
-12.5372 0.802071 106.3
-12.4529 0.802071 106.3
-12.3686 0.802071 106.3
-12.2843 0.802071 106.3
-12.2 0.717772 106.3
-12.1157 0.633471 106.3
-12.1157 0.549171 106.3
-12.0314 0.46487 106.3
-12.0314 0.380571 106.3
-12.0314 0.29627 106.3
-12.0314 0.211971 106.3
-12.0314 0.12767 106.3
-12.0314 0.0433712 106.3
-12.0314 -0.0409298 106.3
-12.0314 -0.125229 106.3
-12.0314 -0.20953 106.3
-12.0314 -0.293829 106.3
-12.0314 -0.37813 106.3
-12.0314 -0.462429 106.3
-12.1157 -0.54673 106.3
-12.2 -0.631029 106.3
-12.2 -0.71533 106.3
-12.2843 -0.71533 106.3
-12.3686 -0.71533 106.3
-12.4529 -0.799629 106.3
-12.4529 -0.88393 106.3
-12.5372 -0.88393 106.3
-12.6215 -0.968229 106.3
-12.7058 -0.968229 106.3
-12.7901 -0.968229 106.3
-12.8744 -0.968229 106.3
-12.9587 -0.968229 106.3
-13.043 -0.968229 106.3
-13.1273 -0.88393 106.3
-13.2116 -0.799629 106.3
-13.2959 -0.799629 106.3
-13.3802 -0.799629 106.3
-13.3802 -0.71533 106.3
-13.4645 -0.631029 106.3
-13.5488 -0.54673 106.3
-13.5488 -0.462429 106.3
-13.5488 -0.37813 106.3
-13.5488 -0.293829 106.3
-13.5488 -0.20953 106.3
-13.5488 -0.125229 106.3
-13.5488 -0.0409298 106.3
-13.5488 0.0433712 106.3
-13.5488 0.12767 106.3
-13.4645 0.211971 106.3
-13.4645 0.29627 106.3
-13.3802 0.380571 106.3
-13.2959 0.46487 106.3
-13.2116 0.549171 106.3
-13.1273 0.633471 106.3
-13.043 0.717772 106.3
-12.9587 0.717772 106.3
-12.8744 0.802071 106.3
-12.7901 0.717772 106.5
-12.7058 0.717772 106.5
-12.6215 0.717772 106.5
-12.5372 0.717772 106.5
-12.4529 0.717772 106.5
-12.3686 0.717772 106.5
-12.2843 0.633471 106.5
-12.2 0.549171 106.5
-12.2 0.46487 106.5
-12.2 0.380571 106.5
-12.2 0.29627 106.5
-12.2 0.211971 106.5
-12.2 0.12767 106.5
-12.2 0.0433712 106.5
-12.2 -0.0409298 106.5
-12.2 -0.125229 106.5
-12.2 -0.20953 106.5
-12.2 -0.293829 106.5
-12.2 -0.37813 106.5
-12.2 -0.462429 106.5
-12.2 -0.54673 106.5
-12.2843 -0.631029 106.5
-12.3686 -0.71533 106.5
-12.4529 -0.799629 106.5
-12.5372 -0.799629 106.5
-12.6215 -0.799629 106.5
-12.7058 -0.88393 106.5
-12.7901 -0.968229 106.5
-12.7901 -1.05253 106.5
-12.8744 -1.05253 106.5
-12.9587 -1.05253 106.5
-13.043 -1.05253 106.5
-13.1273 -1.05253 106.5
-13.2116 -0.968229 106.5
-13.2959 -0.968229 106.5
-13.3802 -0.968229 106.5
-13.4645 -0.88393 106.5
-13.5488 -0.799629 106.5
-13.6331 -0.71533 106.5
-13.6331 -0.631029 106.5
-13.7174 -0.54673 106.5
-13.7174 -0.462429 106.5
-13.7174 -0.37813 106.5
-13.7174 -0.293829 106.5
-13.7174 -0.20953 106.5
-13.7174 -0.125229 106.5
-13.6331 -0.0409298 106.5
-13.6331 0.0433712 106.5
-13.5488 0.12767 106.5
-13.5488 0.211971 106.5
-13.4645 0.211971 106.5
-13.3802 0.29627 106.5
-13.2959 0.29627 106.5
-13.2116 0.380571 106.5
-13.2116 0.46487 106.5
-13.1273 0.46487 106.5
-13.043 0.46487 106.5
-12.9587 0.549171 106.5
-12.9587 0.633471 106.5
-12.8744 0.633471 106.5
-12.7901 0.717772 106.5
-12.9587 0.633471 106.7
-12.8744 0.633471 106.7
-12.7901 0.633471 106.7
-12.7058 0.633471 106.7
-12.6215 0.633471 106.7
-12.5372 0.633471 106.7
-12.4529 0.633471 106.7
-12.3686 0.549171 106.7
-12.3686 0.46487 106.7
-12.2843 0.380571 106.7
-12.2843 0.29627 106.7
-12.2 0.211971 106.7
-12.2 0.12767 106.7
-12.2 0.0433712 106.7
-12.2 -0.0409298 106.7
-12.2 -0.125229 106.7
-12.2 -0.20953 106.7
-12.2 -0.293829 106.7
-12.2 -0.37813 106.7
-12.2 -0.462429 106.7
-12.2843 -0.54673 106.7
-12.3686 -0.631029 106.7
-12.4529 -0.631029 106.7
-12.5372 -0.71533 106.7
-12.6215 -0.799629 106.7
-12.7058 -0.799629 106.7
-12.7901 -0.88393 106.7
-12.8744 -0.968229 106.7
-12.9587 -1.05253 106.7
-13.043 -1.05253 106.7
-13.1273 -1.13683 106.7
-13.2116 -1.13683 106.7
-13.2959 -1.13683 106.7
-13.3802 -1.22113 106.7
-13.4645 -1.22113 106.7
-13.5488 -1.22113 106.7
-13.6331 -1.13683 106.7
-13.7174 -1.13683 106.7
-13.7174 -1.05253 106.7
-13.8017 -0.968229 106.7
-13.8017 -0.88393 106.7
-13.886 -0.799629 106.7
-13.886 -0.71533 106.7
-13.886 -0.631029 106.7
-13.886 -0.54673 106.7
-13.886 -0.462429 106.7
-13.886 -0.37813 106.7
-13.886 -0.293829 106.7
-13.886 -0.20953 106.7
-13.8017 -0.125229 106.7
-13.8017 -0.0409298 106.7
-13.7174 0.0433712 106.7
-13.7174 0.12767 106.7
-13.6331 0.211971 106.7
-13.5488 0.29627 106.7
-13.4645 0.380571 106.7
-13.3802 0.46487 106.7
-13.2959 0.46487 106.7
-13.2116 0.549171 106.7
-13.1273 0.549171 106.7
-13.043 0.549171 106.7
-12.9587 0.633471 106.7
