# Output from PinnacleROI.cpp
# First line is number of curves
# Second line is space-separated number of points in each curve
# Remainder are the points themselves
15
53 26 49 45 24 30 32 21 29 24 38 33 40 35 32 
0.950798 12.6041 89.4998
1.0351 12.6041 89.4998
1.1194 12.6041 89.4998
1.2037 12.6041 89.4998
1.288 12.6041 89.4998
1.288 12.5198 89.4998
1.288 12.4355 89.4998
1.3723 12.3512 89.4998
1.4566 12.3512 89.4998
1.5409 12.2669 89.4998
1.6252 12.1826 89.4998
1.7095 12.1826 89.4998
1.7938 12.0983 89.4998
1.8781 12.0983 89.4998
1.9624 12.014 89.4998
2.0467 12.014 89.4998
2.131 11.9297 89.4998
2.2153 11.9297 89.4998
2.2153 11.8454 89.4998
2.2996 11.7611 89.4998
2.3839 11.7611 89.4998
2.4682 11.7611 89.4998
2.5525 11.6768 89.4998
2.6368 11.5925 89.4998
2.7211 11.5925 89.4998
2.7211 11.5082 89.4998
2.7211 11.4239 89.4998
2.7211 11.3396 89.4998
2.6368 11.3396 89.4998
2.5525 11.3396 89.4998
2.4682 11.4239 89.4998
2.3839 11.5082 89.4998
2.2996 11.5925 89.4998
2.2153 11.5925 89.4998
2.131 11.5925 89.4998
2.0467 11.6768 89.4998
1.9624 11.7611 89.4998
1.8781 11.7611 89.4998
1.7938 11.8454 89.4998
1.7095 11.9297 89.4998
1.6252 11.9297 89.4998
1.5409 11.9297 89.4998
1.4566 12.014 89.4998
1.3723 12.014 89.4998
1.3723 12.0983 89.4998
1.288 12.1826 89.4998
1.2037 12.1826 89.4998
1.1194 12.2669 89.4998
1.0351 12.3512 89.4998
0.950798 12.3512 89.4998
0.950798 12.4355 89.4998
0.950798 12.5198 89.4998
0.950798 12.6041 89.4998
-0.735201 12.2669 89.4998
-0.650902 12.2669 89.4998
-0.566601 12.2669 89.4998
-0.566601 12.1826 89.4998
-0.566601 12.0983 89.4998
-0.566601 12.014 89.4998
-0.650902 12.014 89.4998
-0.735201 11.9297 89.4998
-0.819502 11.8454 89.4998
-0.903801 11.7611 89.4998
-0.988102 11.6768 89.4998
-1.0724 11.6768 89.4998
-1.1567 11.5925 89.4998
-1.241 11.5925 89.4998
-1.3253 11.5925 89.4998
-1.4096 11.5925 89.4998
-1.4096 11.6768 89.4998
-1.4096 11.7611 89.4998
-1.3253 11.8454 89.4998
-1.241 11.8454 89.4998
-1.1567 11.9297 89.4998
-1.0724 12.014 89.4998
-0.988102 12.014 89.4998
-0.903801 12.0983 89.4998
-0.819502 12.1826 89.4998
-0.735201 12.2669 89.4998
0.866499 12.7727 89.6998
0.950798 12.7727 89.6998
1.0351 12.7727 89.6998
1.0351 12.6884 89.6998
1.0351 12.6041 89.6998
1.1194 12.5198 89.6998
1.1194 12.4355 89.6998
1.2037 12.3512 89.6998
1.2037 12.2669 89.6998
1.288 12.1826 89.6998
1.3723 12.0983 89.6998
1.3723 12.014 89.6998
1.4566 11.9297 89.6998
1.5409 11.8454 89.6998
1.5409 11.7611 89.6998
1.6252 11.6768 89.6998
1.7095 11.5925 89.6998
1.7938 11.5082 89.6998
1.7938 11.4239 89.6998
1.8781 11.3396 89.6998
1.9624 11.2553 89.6998
2.0467 11.171 89.6998
2.0467 11.0867 89.6998
2.0467 11.0024 89.6998
1.9624 11.0024 89.6998
1.8781 11.0024 89.6998
1.7938 11.0024 89.6998
1.7095 11.0867 89.6998
1.7095 11.171 89.6998
1.6252 11.2553 89.6998
1.6252 11.3396 89.6998
1.5409 11.4239 89.6998
1.4566 11.4239 89.6998
1.4566 11.5082 89.6998
1.3723 11.5925 89.6998
1.288 11.6768 89.6998
1.288 11.7611 89.6998
1.2037 11.8454 89.6998
1.1194 11.9297 89.6998
1.1194 12.014 89.6998
1.0351 12.0983 89.6998
1.0351 12.1826 89.6998
0.950798 12.2669 89.6998
0.950798 12.3512 89.6998
0.866499 12.4355 89.6998
0.866499 12.5198 89.6998
0.866499 12.6041 89.6998
0.866499 12.6884 89.6998
0.866499 12.7727 89.6998
-0.482302 12.6041 89.6998
-0.398003 12.6041 89.6998
-0.313702 12.6041 89.6998
-0.313702 12.5198 89.6998
-0.313702 12.4355 89.6998
-0.398003 12.3512 89.6998
-0.398003 12.2669 89.6998
-0.398003 12.1826 89.6998
-0.482302 12.0983 89.6998
-0.482302 12.014 89.6998
-0.566601 11.9297 89.6998
-0.650902 11.8454 89.6998
-0.650902 11.7611 89.6998
-0.735201 11.6768 89.6998
-0.735201 11.5925 89.6998
-0.819502 11.5082 89.6998
-0.903801 11.4239 89.6998
-0.903801 11.3396 89.6998
-0.988102 11.2553 89.6998
-1.0724 11.171 89.6998
-1.1567 11.0867 89.6998
-1.241 11.0024 89.6998
-1.241 10.9181 89.6998
-1.3253 10.9181 89.6998
-1.4096 10.9181 89.6998
-1.4096 11.0024 89.6998
-1.4096 11.0867 89.6998
-1.4096 11.171 89.6998
-1.3253 11.2553 89.6998
-1.241 11.3396 89.6998
-1.241 11.4239 89.6998
-1.1567 11.5082 89.6998
-1.0724 11.5925 89.6998
-1.0724 11.6768 89.6998
-0.988102 11.7611 89.6998
-0.903801 11.8454 89.6998
-0.903801 11.9297 89.6998
-0.819502 12.014 89.6998
-0.735201 12.0983 89.6998
-0.735201 12.1826 89.6998
-0.650902 12.2669 89.6998
-0.650902 12.3512 89.6998
-0.566601 12.4355 89.6998
-0.566601 12.5198 89.6998
-0.482302 12.6041 89.6998
8.1163 1.56077 87.6998
8.2006 1.56077 87.6998
8.2849 1.56077 87.6998
8.2849 1.47647 87.6998
8.2849 1.39217 87.6998
8.2849 1.30787 87.6998
8.2849 1.22357 87.6998
8.2006 1.13927 87.6998
8.2006 1.05497 87.6998
8.2006 0.970671 87.6998
8.1163 0.886372 87.6998
8.1163 0.802071 87.6998
8.032 0.802071 87.6998
7.9477 0.802071 87.6998
7.8634 0.802071 87.6998
7.8634 0.886372 87.6998
7.8634 0.970671 87.6998
7.9477 1.05497 87.6998
8.032 1.13927 87.6998
8.032 1.22357 87.6998
8.032 1.30787 87.6998
8.032 1.39217 87.6998
8.1163 1.47647 87.6998
8.1163 1.56077 87.6998
8.2849 1.39217 87.8998
8.3692 1.39217 87.8998
8.4535 1.39217 87.8998
8.5378 1.39217 87.8998
8.5378 1.30787 87.8998
8.5378 1.22357 87.8998
8.4535 1.13927 87.8998
8.3692 1.13927 87.8998
8.2849 1.05497 87.8998
8.2006 0.970671 87.8998
8.2006 0.886372 87.8998
8.2006 0.802071 87.8998
8.1163 0.802071 87.8998
8.032 0.717772 87.8998
7.9477 0.633471 87.8998
7.9477 0.549171 87.8998
7.8634 0.549171 87.8998
7.7791 0.549171 87.8998
7.6948 0.549171 87.8998
7.6948 0.633471 87.8998
7.6948 0.717772 87.8998
7.7791 0.802071 87.8998
7.8634 0.886372 87.8998
7.8634 0.970671 87.8998
7.9477 0.970671 87.8998
8.032 1.05497 87.8998
8.032 1.13927 87.8998
8.1163 1.22357 87.8998
8.2006 1.30787 87.8998
8.2849 1.39217 87.8998
8.2849 1.39217 88.0998
8.3692 1.39217 88.0998
8.4535 1.39217 88.0998
8.5378 1.39217 88.0998
8.5378 1.30787 88.0998
8.5378 1.22357 88.0998
8.4535 1.13927 88.0998
8.3692 1.05497 88.0998
8.2849 1.05497 88.0998
8.2006 0.970671 88.0998
8.1163 0.886372 88.0998
8.032 0.886372 88.0998
7.9477 0.802071 88.0998
7.8634 0.802071 88.0998
7.7791 0.717772 88.0998
7.6948 0.717772 88.0998
7.6105 0.633471 88.0998
7.5262 0.633471 88.0998
7.4419 0.633471 88.0998
7.4419 0.717772 88.0998
7.4419 0.802071 88.0998
7.5262 0.886372 88.0998
7.6105 0.886372 88.0998
7.6948 0.970671 88.0998
7.7791 0.970671 88.0998
7.8634 1.05497 88.0998
7.9477 1.13927 88.0998
8.032 1.13927 88.0998
8.1163 1.22357 88.0998
8.2006 1.22357 88.0998
8.2849 1.30787 88.0998
8.2849 1.39217 88.0998
-6.0461 0.46487 88.0998
-5.9618 0.46487 88.0998
-5.8775 0.46487 88.0998
-5.7932 0.46487 88.0998
-5.7089 0.380571 88.0998
-5.6246 0.29627 88.0998
-5.6246 0.211971 88.0998
-5.5403 0.12767 88.0998
-5.5403 0.0433712 88.0998
-5.5403 -0.0409298 88.0998
-5.5403 -0.125229 88.0998
-5.6246 -0.125229 88.0998
-5.7089 -0.125229 88.0998
-5.7089 -0.0409298 88.0998
-5.7932 0.0433712 88.0998
-5.7932 0.12767 88.0998
-5.8775 0.211971 88.0998
-5.9618 0.29627 88.0998
-6.0461 0.29627 88.0998
-6.0461 0.380571 88.0998
-6.0461 0.46487 88.0998
8.2006 1.56077 88.2998
8.2849 1.56077 88.2998
8.3692 1.56077 88.2998
8.4535 1.56077 88.2998
8.4535 1.47647 88.2998
8.4535 1.39217 88.2998
8.3692 1.30787 88.2998
8.2849 1.22357 88.2998
8.2006 1.13927 88.2998
8.1163 1.05497 88.2998
8.032 0.970671 88.2998
7.9477 0.970671 88.2998
7.8634 0.886372 88.2998
7.8634 0.802071 88.2998
7.7791 0.802071 88.2998
7.6948 0.802071 88.2998
7.6105 0.802071 88.2998
7.5262 0.802071 88.2998
7.5262 0.886372 88.2998
7.5262 0.970671 88.2998
7.6105 0.970671 88.2998
7.6948 1.05497 88.2998
7.6948 1.13927 88.2998
7.7791 1.13927 88.2998
7.8634 1.22357 88.2998
7.9477 1.30787 88.2998
8.032 1.39217 88.2998
8.1163 1.47647 88.2998
8.2006 1.56077 88.2998
-6.1304 0.549171 88.2998
-6.0461 0.549171 88.2998
-5.9618 0.549171 88.2998
-5.9618 0.46487 88.2998
-5.8775 0.380571 88.2998
-5.7932 0.380571 88.2998
-5.7932 0.29627 88.2998
-5.7089 0.211971 88.2998
-5.6246 0.12767 88.2998
-5.5403 0.0433712 88.2998
-5.5403 -0.0409298 88.2998
-5.5403 -0.125229 88.2998
-5.5403 -0.20953 88.2998
-5.6246 -0.20953 88.2998
-5.7089 -0.20953 88.2998
-5.7932 -0.125229 88.2998
-5.7932 -0.0409298 88.2998
-5.8775 0.0433712 88.2998
-5.9618 0.12767 88.2998
-6.0461 0.211971 88.2998
-6.1304 0.29627 88.2998
-6.1304 0.380571 88.2998
-6.1304 0.46487 88.2998
-6.1304 0.549171 88.2998
8.4535 1.64507 88.4998
8.5378 1.64507 88.4998
8.6221 1.64507 88.4998
8.6221 1.56077 88.4998
8.6221 1.47647 88.4998
8.6221 1.39217 88.4998
8.5378 1.39217 88.4998
8.4535 1.30787 88.4998
8.3692 1.22357 88.4998
8.2849 1.22357 88.4998
8.2006 1.13927 88.4998
8.1163 1.05497 88.4998
8.032 1.05497 88.4998
7.9477 0.970671 88.4998
7.8634 0.970671 88.4998
7.7791 0.886372 88.4998
7.7791 0.802071 88.4998
7.6948 0.802071 88.4998
7.6105 0.717772 88.4998
7.5262 0.633471 88.4998
7.4419 0.633471 88.4998
7.3576 0.633471 88.4998
7.3576 0.717772 88.4998
7.3576 0.802071 88.4998
7.3576 0.886372 88.4998
7.4419 0.970671 88.4998
7.5262 0.970671 88.4998
7.6105 1.05497 88.4998
7.6948 1.13927 88.4998
7.7791 1.13927 88.4998
7.8634 1.22357 88.4998
7.9477 1.22357 88.4998
8.032 1.30787 88.4998
8.1163 1.39217 88.4998
8.2006 1.39217 88.4998
8.2849 1.47647 88.4998
8.3692 1.56077 88.4998
8.4535 1.64507 88.4998
-6.0461 0.886372 88.4998
-5.9618 0.886372 88.4998
-5.8775 0.886372 88.4998
-5.7932 0.886372 88.4998
-5.7089 0.802071 88.4998
-5.7089 0.717772 88.4998
-5.6246 0.633471 88.4998
-5.6246 0.549171 88.4998
-5.5403 0.46487 88.4998
-5.456 0.380571 88.4998
-5.456 0.29627 88.4998
-5.3717 0.211971 88.4998
-5.3717 0.12767 88.4998
-5.2874 0.0433712 88.4998
-5.2874 -0.0409298 88.4998
-5.2874 -0.125229 88.4998
-5.2874 -0.20953 88.4998
-5.3717 -0.20953 88.4998
-5.456 -0.20953 88.4998
-5.5403 -0.125229 88.4998
-5.5403 -0.0409298 88.4998
-5.6246 0.0433712 88.4998
-5.6246 0.12767 88.4998
-5.7089 0.211971 88.4998
-5.7089 0.29627 88.4998
-5.7932 0.380571 88.4998
-5.7932 0.46487 88.4998
-5.8775 0.549171 88.4998
-5.8775 0.633471 88.4998
-5.9618 0.717772 88.4998
-6.0461 0.717772 88.4998
-6.0461 0.802071 88.4998
-6.0461 0.886372 88.4998
8.2849 1.81367 88.6998
8.3692 1.81367 88.6998
8.4535 1.81367 88.6998
8.5378 1.81367 88.6998
8.5378 1.72937 88.6998
8.5378 1.64507 88.6998
8.4535 1.56077 88.6998
8.3692 1.47647 88.6998
8.2849 1.39217 88.6998
8.2849 1.30787 88.6998
8.2006 1.22357 88.6998
8.1163 1.22357 88.6998
8.032 1.13927 88.6998
8.032 1.05497 88.6998
8.032 0.970671 88.6998
7.9477 0.970671 88.6998
7.8634 0.886372 88.6998
7.8634 0.802071 88.6998
7.7791 0.802071 88.6998
7.6948 0.717772 88.6998
7.6105 0.717772 88.6998
7.5262 0.633471 88.6998
7.4419 0.633471 88.6998
7.3576 0.633471 88.6998
7.3576 0.717772 88.6998
7.3576 0.802071 88.6998
7.3576 0.886372 88.6998
7.4419 0.886372 88.6998
7.5262 0.886372 88.6998
7.6105 0.970671 88.6998
7.6948 1.05497 88.6998
7.7791 1.13927 88.6998
7.8634 1.22357 88.6998
7.8634 1.30787 88.6998
7.9477 1.39217 88.6998
8.032 1.47647 88.6998
8.1163 1.56077 88.6998
8.2006 1.64507 88.6998
8.2006 1.72937 88.6998
8.2849 1.81367 88.6998
-6.0461 0.970671 88.6998
-5.9618 0.970671 88.6998
-5.8775 0.970671 88.6998
-5.7932 0.886372 88.6998
-5.7932 0.802071 88.6998
-5.7089 0.717772 88.6998
-5.6246 0.633471 88.6998
-5.6246 0.549171 88.6998
-5.5403 0.46487 88.6998
-5.456 0.380571 88.6998
-5.456 0.29627 88.6998
-5.3717 0.211971 88.6998
-5.2874 0.12767 88.6998
-5.2874 0.0433712 88.6998
-5.2031 -0.0409298 88.6998
-5.2031 -0.125229 88.6998
-5.2031 -0.20953 88.6998
-5.2031 -0.293829 88.6998
-5.2874 -0.293829 88.6998
-5.3717 -0.293829 88.6998
-5.3717 -0.20953 88.6998
-5.456 -0.125229 88.6998
-5.5403 -0.0409298 88.6998
-5.6246 0.0433712 88.6998
-5.6246 0.12767 88.6998
-5.7089 0.211971 88.6998
-5.7089 0.29627 88.6998
-5.7932 0.380571 88.6998
-5.7932 0.46487 88.6998
-5.8775 0.549171 88.6998
-5.9618 0.633471 88.6998
-6.0461 0.717772 88.6998
-6.0461 0.802071 88.6998
-6.0461 0.886372 88.6998
-6.0461 0.970671 88.6998
7.6948 2.06657 88.8998
7.7791 2.06657 88.8998
7.8634 2.06657 88.8998
7.9477 1.98227 88.8998
7.9477 1.89797 88.8998
7.9477 1.81367 88.8998
7.9477 1.72937 88.8998
7.8634 1.64507 88.8998
7.7791 1.56077 88.8998
7.6948 1.47647 88.8998
7.6948 1.39217 88.8998
7.6105 1.30787 88.8998
7.6105 1.22357 88.8998
7.5262 1.13927 88.8998
7.4419 1.05497 88.8998
7.4419 0.970671 88.8998
7.3576 0.970671 88.8998
7.2733 0.970671 88.8998
7.2733 1.05497 88.8998
7.2733 1.13927 88.8998
7.2733 1.22357 88.8998
7.2733 1.30787 88.8998
7.3576 1.39217 88.8998
7.4419 1.47647 88.8998
7.4419 1.56077 88.8998
7.5262 1.64507 88.8998
7.5262 1.72937 88.8998
7.6105 1.72937 88.8998
7.6948 1.81367 88.8998
7.6948 1.89797 88.8998
7.6948 1.98227 88.8998
7.6948 2.06657 88.8998
