# Output from PinnacleROI.cpp
# First line is number of curves
# Second line is space-separated number of points in each curve
# Remainder are the points themselves
13
60 57 47 58 47 63 49 57 51 51 44 41 50 
-3.0113 2.65667 91.2997
-2.927 2.65667 91.2997
-2.8427 2.65667 91.2997
-2.7584 2.65667 91.2997
-2.6741 2.65667 91.2997
-2.5898 2.65667 91.2997
-2.5055 2.57237 91.2997
-2.4212 2.48807 91.2997
-2.4212 2.40377 91.2997
-2.4212 2.31947 91.2997
-2.4212 2.23517 91.2997
-2.4212 2.15087 91.2997
-2.5055 2.06657 91.2997
-2.5898 1.98227 91.2997
-2.6741 1.89797 91.2997
-2.6741 1.81367 91.2997
-2.7584 1.72937 91.2997
-2.7584 1.64507 91.2997
-2.8427 1.56077 91.2997
-2.927 1.47647 91.2997
-2.927 1.39217 91.2997
-2.927 1.30787 91.2997
-3.0113 1.22357 91.2997
-3.0956 1.13927 91.2997
-3.1799 1.05497 91.2997
-3.2642 0.970671 91.2997
-3.2642 0.886372 91.2997
-3.3485 0.802071 91.2997
-3.3485 0.717772 91.2997
-3.4328 0.633471 91.2997
-3.5171 0.549171 91.2997
-3.6014 0.549171 91.2997
-3.6857 0.549171 91.2997
-3.77 0.549171 91.2997
-3.8543 0.549171 91.2997
-3.9386 0.633471 91.2997
-4.0229 0.717772 91.2997
-4.0229 0.802071 91.2997
-4.0229 0.886372 91.2997
-4.0229 0.970671 91.2997
-4.0229 1.05497 91.2997
-4.0229 1.13927 91.2997
-3.9386 1.22357 91.2997
-3.9386 1.30787 91.2997
-3.8543 1.39217 91.2997
-3.77 1.47647 91.2997
-3.6857 1.56077 91.2997
-3.6014 1.64507 91.2997
-3.6014 1.72937 91.2997
-3.6014 1.81367 91.2997
-3.5171 1.89797 91.2997
-3.4328 1.98227 91.2997
-3.4328 2.06657 91.2997
-3.3485 2.15087 91.2997
-3.3485 2.23517 91.2997
-3.2642 2.31947 91.2997
-3.2642 2.40377 91.2997
-3.1799 2.48807 91.2997
-3.0956 2.57237 91.2997
-3.0113 2.65667 91.2997
-3.0956 2.40377 91.0997
-3.0113 2.40377 91.0997
-2.927 2.40377 91.0997
-2.8427 2.40377 91.0997
-2.7584 2.40377 91.0997
-2.6741 2.31947 91.0997
-2.5898 2.23517 91.0997
-2.5898 2.15087 91.0997
-2.5898 2.06657 91.0997
-2.5898 1.98227 91.0997
-2.5898 1.89797 91.0997
-2.5898 1.81367 91.0997
-2.6741 1.72937 91.0997
-2.6741 1.64507 91.0997
-2.7584 1.56077 91.0997
-2.7584 1.47647 91.0997
-2.8427 1.39217 91.0997
-2.927 1.30787 91.0997
-2.927 1.22357 91.0997
-3.0113 1.13927 91.0997
-3.0113 1.05497 91.0997
-3.0956 0.970671 91.0997
-3.0956 0.886372 91.0997
-3.1799 0.802071 91.0997
-3.1799 0.717772 91.0997
-3.2642 0.633471 91.0997
-3.2642 0.549171 91.0997
-3.3485 0.46487 91.0997
-3.4328 0.380571 91.0997
-3.5171 0.380571 91.0997
-3.6014 0.380571 91.0997
-3.6857 0.380571 91.0997
-3.77 0.380571 91.0997
-3.8543 0.46487 91.0997
-3.9386 0.549171 91.0997
-3.9386 0.633471 91.0997
-3.9386 0.717772 91.0997
-3.9386 0.802071 91.0997
-3.9386 0.886372 91.0997
-3.9386 0.970671 91.0997
-3.8543 1.05497 91.0997
-3.8543 1.13927 91.0997
-3.77 1.22357 91.0997
-3.77 1.30787 91.0997
-3.6857 1.39217 91.0997
-3.6857 1.47647 91.0997
-3.6014 1.56077 91.0997
-3.6014 1.64507 91.0997
-3.5171 1.72937 91.0997
-3.4328 1.81367 91.0997
-3.4328 1.89797 91.0997
-3.3485 1.98227 91.0997
-3.3485 2.06657 91.0997
-3.2642 2.15087 91.0997
-3.2642 2.23517 91.0997
-3.1799 2.31947 91.0997
-3.0956 2.40377 91.0997
4.9129 2.74097 89.8997
4.9972 2.74097 89.8997
5.0815 2.74097 89.8997
5.1658 2.74097 89.8997
5.2501 2.74097 89.8997
5.3344 2.65667 89.8997
5.4187 2.57237 89.8997
5.4187 2.48807 89.8997
5.503 2.40377 89.8997
5.503 2.31947 89.8997
5.5873 2.23517 89.8997
5.5873 2.15087 89.8997
5.6716 2.06657 89.8997
5.6716 1.98227 89.8997
5.6716 1.89797 89.8997
5.6716 1.81367 89.8997
5.6716 1.72937 89.8997
5.6716 1.64507 89.8997
5.6716 1.56077 89.8997
5.6716 1.47647 89.8997
5.6716 1.39217 89.8997
5.6716 1.30787 89.8997
5.5873 1.22357 89.8997
5.503 1.13927 89.8997
5.4187 1.13927 89.8997
5.3344 1.13927 89.8997
5.2501 1.13927 89.8997
5.1658 1.13927 89.8997
5.0815 1.22357 89.8997
4.9972 1.30787 89.8997
4.9972 1.39217 89.8997
4.9972 1.47647 89.8997
4.9972 1.56077 89.8997
4.9972 1.64507 89.8997
4.9129 1.72937 89.8997
4.9129 1.81367 89.8997
4.9129 1.89797 89.8997
4.8286 1.98227 89.8997
4.8286 2.06657 89.8997
4.7443 2.15087 89.8997
4.7443 2.23517 89.8997
4.7443 2.31947 89.8997
4.7443 2.40377 89.8997
4.7443 2.48807 89.8997
4.7443 2.57237 89.8997
4.8286 2.65667 89.8997
4.9129 2.74097 89.8997
-2.8427 2.99387 90.0997
-2.7584 2.99387 90.0997
-2.6741 2.99387 90.0997
-2.5898 2.99387 90.0997
-2.5055 2.99387 90.0997
-2.4212 2.99387 90.0997
-2.3369 2.90957 90.0997
-2.2526 2.82527 90.0997
-2.2526 2.74097 90.0997
-2.2526 2.65667 90.0997
-2.2526 2.57237 90.0997
-2.2526 2.48807 90.0997
-2.3369 2.40377 90.0997
-2.4212 2.31947 90.0997
-2.4212 2.23517 90.0997
-2.5055 2.15087 90.0997
-2.5055 2.06657 90.0997
-2.5055 1.98227 90.0997
-2.5898 1.89797 90.0997
-2.5898 1.81367 90.0997
-2.6741 1.72937 90.0997
-2.6741 1.64507 90.0997
-2.6741 1.56077 90.0997
-2.7584 1.47647 90.0997
-2.7584 1.39217 90.0997
-2.7584 1.30787 90.0997
-2.7584 1.22357 90.0997
-2.7584 1.13927 90.0997
-2.8427 1.05497 90.0997
-2.927 0.970671 90.0997
-3.0113 0.970671 90.0997
-3.0956 0.970671 90.0997
-3.1799 0.970671 90.0997
-3.2642 0.970671 90.0997
-3.3485 1.05497 90.0997
-3.4328 1.13927 90.0997
-3.4328 1.22357 90.0997
-3.4328 1.30787 90.0997
-3.4328 1.39217 90.0997
-3.4328 1.47647 90.0997
-3.4328 1.56077 90.0997
-3.4328 1.64507 90.0997
-3.4328 1.72937 90.0997
-3.4328 1.81367 90.0997
-3.3485 1.89797 90.0997
-3.3485 1.98227 90.0997
-3.3485 2.06657 90.0997
-3.2642 2.15087 90.0997
-3.2642 2.23517 90.0997
-3.1799 2.31947 90.0997
-3.1799 2.40377 90.0997
-3.1799 2.48807 90.0997
-3.0956 2.57237 90.0997
-3.0956 2.65667 90.0997
-3.0956 2.74097 90.0997
-3.0113 2.82527 90.0997
-2.927 2.90957 90.0997
-2.8427 2.99387 90.0997
4.9972 2.74097 90.0997
5.0815 2.74097 90.0997
5.1658 2.74097 90.0997
5.2501 2.74097 90.0997
5.3344 2.74097 90.0997
5.4187 2.65667 90.0997
5.503 2.57237 90.0997
5.503 2.48807 90.0997
5.5873 2.40377 90.0997
5.5873 2.31947 90.0997
5.5873 2.23517 90.0997
5.6716 2.15087 90.0997
5.6716 2.06657 90.0997
5.6716 1.98227 90.0997
5.6716 1.89797 90.0997
5.7559 1.81367 90.0997
5.7559 1.72937 90.0997
5.7559 1.64507 90.0997
5.7559 1.56077 90.0997
5.7559 1.47647 90.0997
5.7559 1.39217 90.0997
5.7559 1.30787 90.0997
5.6716 1.22357 90.0997
5.5873 1.13927 90.0997
5.503 1.13927 90.0997
5.4187 1.13927 90.0997
5.3344 1.13927 90.0997
5.2501 1.13927 90.0997
5.1658 1.22357 90.0997
5.0815 1.30787 90.0997
5.0815 1.39217 90.0997
5.0815 1.47647 90.0997
4.9972 1.56077 90.0997
4.9972 1.64507 90.0997
4.9972 1.72937 90.0997
4.9972 1.81367 90.0997
4.9129 1.89797 90.0997
4.9129 1.98227 90.0997
4.9129 2.06657 90.0997
4.8286 2.15087 90.0997
4.8286 2.23517 90.0997
4.8286 2.31947 90.0997
4.8286 2.40377 90.0997
4.8286 2.48807 90.0997
4.8286 2.57237 90.0997
4.9129 2.65667 90.0997
4.9972 2.74097 90.0997
-2.8427 2.99387 90.2997
-2.7584 2.99387 90.2997
-2.6741 2.99387 90.2997
-2.5898 2.99387 90.2997
-2.5055 2.99387 90.2997
-2.4212 2.90957 90.2997
-2.3369 2.82527 90.2997
-2.3369 2.74097 90.2997
-2.3369 2.65667 90.2997
-2.3369 2.57237 90.2997
-2.3369 2.48807 90.2997
-2.4212 2.40377 90.2997
-2.4212 2.31947 90.2997
-2.4212 2.23517 90.2997
-2.5055 2.15087 90.2997
-2.5055 2.06657 90.2997
-2.5055 1.98227 90.2997
-2.5055 1.89797 90.2997
-2.5898 1.81367 90.2997
-2.5898 1.72937 90.2997
-2.5898 1.64507 90.2997
-2.6741 1.56077 90.2997
-2.6741 1.47647 90.2997
-2.7584 1.39217 90.2997
-2.7584 1.30787 90.2997
-2.7584 1.22357 90.2997
-2.7584 1.13927 90.2997
-2.8427 1.05497 90.2997
-2.8427 0.970671 90.2997
-2.8427 0.886372 90.2997
-2.927 0.802071 90.2997
-3.0113 0.717772 90.2997
-3.0956 0.717772 90.2997
-3.1799 0.717772 90.2997
-3.2642 0.717772 90.2997
-3.3485 0.717772 90.2997
-3.4328 0.802071 90.2997
-3.5171 0.886372 90.2997
-3.5171 0.970671 90.2997
-3.5171 1.05497 90.2997
-3.5171 1.13927 90.2997
-3.5171 1.22357 90.2997
-3.5171 1.30787 90.2997
-3.5171 1.39217 90.2997
-3.4328 1.47647 90.2997
-3.4328 1.56077 90.2997
-3.4328 1.64507 90.2997
-3.4328 1.72937 90.2997
-3.3485 1.81367 90.2997
-3.3485 1.89797 90.2997
-3.2642 1.98227 90.2997
-3.2642 2.06657 90.2997
-3.2642 2.15087 90.2997
-3.1799 2.23517 90.2997
-3.1799 2.31947 90.2997
-3.1799 2.40377 90.2997
-3.1799 2.48807 90.2997
-3.0956 2.57237 90.2997
-3.0956 2.65667 90.2997
-3.0956 2.74097 90.2997
-3.0113 2.82527 90.2997
-2.927 2.90957 90.2997
-2.8427 2.99387 90.2997
5.2501 2.74097 90.2997
5.3344 2.74097 90.2997
5.4187 2.74097 90.2997
5.503 2.74097 90.2997
5.5873 2.74097 90.2997
5.6716 2.65667 90.2997
5.7559 2.57237 90.2997
5.7559 2.48807 90.2997
5.7559 2.40377 90.2997
5.7559 2.31947 90.2997
5.8402 2.23517 90.2997
5.8402 2.15087 90.2997
5.8402 2.06657 90.2997
5.9245 1.98227 90.2997
5.9245 1.89797 90.2997
5.9245 1.81367 90.2997
5.9245 1.72937 90.2997
6.0088 1.64507 90.2997
6.0088 1.56077 90.2997
6.0088 1.47647 90.2997
6.0088 1.39217 90.2997
6.0088 1.30787 90.2997
6.0088 1.22357 90.2997
5.9245 1.13927 90.2997
5.8402 1.05497 90.2997
5.7559 1.05497 90.2997
5.6716 1.05497 90.2997
5.5873 1.05497 90.2997
5.503 1.05497 90.2997
5.4187 1.13927 90.2997
5.3344 1.22357 90.2997
5.3344 1.30787 90.2997
5.2501 1.39217 90.2997
5.2501 1.47647 90.2997
5.2501 1.56077 90.2997
5.2501 1.64507 90.2997
5.1658 1.72937 90.2997
5.1658 1.81367 90.2997
5.1658 1.89797 90.2997
5.0815 1.98227 90.2997
5.0815 2.06657 90.2997
5.0815 2.15087 90.2997
5.0815 2.23517 90.2997
5.0815 2.31947 90.2997
5.0815 2.40377 90.2997
5.0815 2.48807 90.2997
5.0815 2.57237 90.2997
5.1658 2.65667 90.2997
5.2501 2.74097 90.2997
4.66 3.07817 90.4997
4.7443 3.07817 90.4997
4.8286 3.07817 90.4997
4.9129 3.07817 90.4997
4.9972 3.07817 90.4997
5.0815 2.99387 90.4997
5.1658 2.90957 90.4997
5.1658 2.82527 90.4997
5.1658 2.74097 90.4997
5.1658 2.65667 90.4997
5.1658 2.57237 90.4997
5.2501 2.48807 90.4997
5.2501 2.40377 90.4997
5.2501 2.31947 90.4997
5.2501 2.23517 90.4997
5.3344 2.15087 90.4997
5.4187 2.06657 90.4997
5.4187 1.98227 90.4997
5.4187 1.89797 90.4997
5.503 1.81367 90.4997
5.503 1.72937 90.4997
5.5873 1.64507 90.4997
5.5873 1.56077 90.4997
5.5873 1.47647 90.4997
5.5873 1.39217 90.4997
5.5873 1.30787 90.4997
5.5873 1.22357 90.4997
5.503 1.13927 90.4997
5.4187 1.05497 90.4997
5.3344 1.05497 90.4997
5.2501 1.05497 90.4997
5.1658 1.05497 90.4997
5.0815 1.05497 90.4997
4.9972 1.13927 90.4997
4.9129 1.22357 90.4997
4.8286 1.30787 90.4997
4.8286 1.39217 90.4997
4.8286 1.47647 90.4997
4.7443 1.56077 90.4997
4.7443 1.64507 90.4997
4.7443 1.72937 90.4997
4.66 1.81367 90.4997
4.5757 1.89797 90.4997
4.5757 1.98227 90.4997
4.5757 2.06657 90.4997
4.5757 2.15087 90.4997
4.4914 2.23517 90.4997
4.4914 2.31947 90.4997
4.4914 2.40377 90.4997
4.4914 2.48807 90.4997
4.4914 2.57237 90.4997
4.4914 2.65667 90.4997
4.4914 2.74097 90.4997
4.4914 2.82527 90.4997
4.4914 2.90957 90.4997
4.5757 2.99387 90.4997
4.66 3.07817 90.4997
-2.927 2.82527 90.4997
-2.8427 2.82527 90.4997
-2.7584 2.82527 90.4997
-2.6741 2.82527 90.4997
-2.5898 2.82527 90.4997
-2.5055 2.74097 90.4997
-2.4212 2.65667 90.4997
-2.4212 2.57237 90.4997
-2.4212 2.48807 90.4997
-2.4212 2.40377 90.4997
-2.4212 2.31947 90.4997
-2.4212 2.23517 90.4997
-2.5055 2.15087 90.4997
-2.5055 2.06657 90.4997
-2.5898 1.98227 90.4997
-2.5898 1.89797 90.4997
-2.6741 1.81367 90.4997
-2.6741 1.72937 90.4997
-2.7584 1.64507 90.4997
-2.8427 1.56077 90.4997
-2.8427 1.47647 90.4997
-2.8427 1.39217 90.4997
-2.927 1.30787 90.4997
-2.927 1.22357 90.4997
-3.0113 1.13927 90.4997
-3.0956 1.05497 90.4997
-3.1799 1.05497 90.4997
-3.2642 1.05497 90.4997
-3.3485 1.05497 90.4997
-3.4328 1.05497 90.4997
-3.5171 1.13927 90.4997
-3.6014 1.22357 90.4997
-3.6014 1.30787 90.4997
-3.6014 1.39217 90.4997
-3.6014 1.47647 90.4997
-3.6014 1.56077 90.4997
-3.6014 1.64507 90.4997
-3.5171 1.72937 90.4997
-3.5171 1.81367 90.4997
-3.5171 1.89797 90.4997
-3.4328 1.98227 90.4997
-3.3485 2.06657 90.4997
-3.3485 2.15087 90.4997
-3.2642 2.23517 90.4997
-3.2642 2.31947 90.4997
-3.1799 2.40377 90.4997
-3.1799 2.48807 90.4997
-3.0956 2.57237 90.4997
-3.0956 2.65667 90.4997
-3.0113 2.74097 90.4997
-2.927 2.82527 90.4997
4.9129 2.65667 90.6997
4.9972 2.65667 90.6997
5.0815 2.65667 90.6997
5.1658 2.65667 90.6997
5.2501 2.65667 90.6997
5.3344 2.57237 90.6997
5.4187 2.48807 90.6997
5.4187 2.40377 90.6997
5.503 2.31947 90.6997
5.503 2.23517 90.6997
5.503 2.15087 90.6997
5.503 2.06657 90.6997
5.503 1.98227 90.6997
5.5873 1.89797 90.6997
5.5873 1.81367 90.6997
5.6716 1.72937 90.6997
5.7559 1.64507 90.6997
5.8402 1.56077 90.6997
5.8402 1.47647 90.6997
5.8402 1.39217 90.6997
5.8402 1.30787 90.6997
5.8402 1.22357 90.6997
5.8402 1.13927 90.6997
5.8402 1.05497 90.6997
5.7559 0.970671 90.6997
5.6716 0.886372 90.6997
5.5873 0.886372 90.6997
5.503 0.886372 90.6997
5.4187 0.886372 90.6997
5.3344 0.886372 90.6997
5.2501 0.970671 90.6997
5.1658 1.05497 90.6997
5.1658 1.13927 90.6997
5.1658 1.22357 90.6997
5.0815 1.30787 90.6997
4.9972 1.39217 90.6997
4.9129 1.47647 90.6997
4.9129 1.56077 90.6997
4.8286 1.64507 90.6997
4.8286 1.72937 90.6997
4.8286 1.81367 90.6997
4.8286 1.89797 90.6997
4.8286 1.98227 90.6997
4.7443 2.06657 90.6997
4.7443 2.15087 90.6997
4.7443 2.23517 90.6997
4.7443 2.31947 90.6997
4.7443 2.40377 90.6997
4.7443 2.48807 90.6997
4.8286 2.57237 90.6997
4.9129 2.65667 90.6997
-3.0113 2.40377 90.6997
-2.927 2.40377 90.6997
-2.8427 2.40377 90.6997
-2.7584 2.40377 90.6997
-2.6741 2.40377 90.6997
-2.5898 2.31947 90.6997
-2.5055 2.23517 90.6997
-2.5055 2.15087 90.6997
-2.5055 2.06657 90.6997
-2.5055 1.98227 90.6997
-2.5055 1.89797 90.6997
-2.5055 1.81367 90.6997
-2.5055 1.72937 90.6997
-2.5898 1.64507 90.6997
-2.6741 1.56077 90.6997
-2.6741 1.47647 90.6997
-2.7584 1.39217 90.6997
-2.7584 1.30787 90.6997
-2.7584 1.22357 90.6997
-2.7584 1.13927 90.6997
-2.8427 1.05497 90.6997
-2.927 0.970671 90.6997
-3.0113 0.970671 90.6997
-3.0956 0.970671 90.6997
-3.1799 0.970671 90.6997
-3.2642 0.970671 90.6997
-3.3485 0.970671 90.6997
-3.4328 1.05497 90.6997
-3.5171 1.13927 90.6997
-3.5171 1.22357 90.6997
-3.5171 1.30787 90.6997
-3.5171 1.39217 90.6997
-3.5171 1.47647 90.6997
-3.4328 1.56077 90.6997
-3.4328 1.64507 90.6997
-3.4328 1.72937 90.6997
-3.3485 1.81367 90.6997
-3.3485 1.89797 90.6997
-3.2642 1.98227 90.6997
-3.1799 2.06657 90.6997
-3.1799 2.15087 90.6997
-3.1799 2.23517 90.6997
-3.0956 2.31947 90.6997
-3.0113 2.40377 90.6997
-3.0956 2.40377 90.8997
-3.0113 2.40377 90.8997
-2.927 2.40377 90.8997
-2.8427 2.40377 90.8997
-2.7584 2.40377 90.8997
-2.6741 2.31947 90.8997
-2.5898 2.23517 90.8997
-2.5898 2.15087 90.8997
-2.5898 2.06657 90.8997
-2.5898 1.98227 90.8997
-2.5898 1.89797 90.8997
-2.5898 1.81367 90.8997
-2.5898 1.72937 90.8997
-2.5898 1.64507 90.8997
-2.6741 1.56077 90.8997
-2.6741 1.47647 90.8997
-2.6741 1.39217 90.8997
-2.6741 1.30787 90.8997
-2.7584 1.22357 90.8997
-2.8427 1.13927 90.8997
-2.927 1.05497 90.8997
-3.0113 1.05497 90.8997
-3.0956 1.05497 90.8997
-3.1799 1.05497 90.8997
-3.2642 1.05497 90.8997
-3.3485 1.13927 90.8997
-3.4328 1.22357 90.8997
-3.4328 1.30787 90.8997
-3.4328 1.39217 90.8997
-3.4328 1.47647 90.8997
-3.4328 1.56077 90.8997
-3.3485 1.64507 90.8997
-3.3485 1.72937 90.8997
-3.3485 1.81367 90.8997
-3.3485 1.89797 90.8997
-3.2642 1.98227 90.8997
-3.2642 2.06657 90.8997
-3.2642 2.15087 90.8997
-3.2642 2.23517 90.8997
-3.1799 2.31947 90.8997
-3.0956 2.40377 90.8997
5.1658 2.31947 90.8997
5.2501 2.31947 90.8997
5.3344 2.31947 90.8997
5.4187 2.31947 90.8997
5.503 2.31947 90.8997
5.5873 2.23517 90.8997
5.6716 2.15087 90.8997
5.6716 2.06657 90.8997
5.6716 1.98227 90.8997
5.7559 1.89797 90.8997
5.7559 1.81367 90.8997
5.8402 1.72937 90.8997
5.8402 1.64507 90.8997
5.8402 1.56077 90.8997
5.8402 1.47647 90.8997
5.8402 1.39217 90.8997
5.9245 1.30787 90.8997
5.9245 1.22357 90.8997
6.0088 1.13927 90.8997
6.0088 1.05497 90.8997
6.0088 0.970671 90.8997
6.0088 0.886372 90.8997
6.0088 0.802071 90.8997
5.9245 0.717772 90.8997
5.8402 0.633471 90.8997
5.7559 0.633471 90.8997
5.6716 0.633471 90.8997
5.5873 0.633471 90.8997
5.503 0.633471 90.8997
5.4187 0.633471 90.8997
5.3344 0.717772 90.8997
5.2501 0.802071 90.8997
5.2501 0.886372 90.8997
5.2501 0.970671 90.8997
5.1658 1.05497 90.8997
5.1658 1.13927 90.8997
5.1658 1.22357 90.8997
5.1658 1.30787 90.8997
5.1658 1.39217 90.8997
5.0815 1.47647 90.8997
5.0815 1.56077 90.8997
4.9972 1.64507 90.8997
4.9972 1.72937 90.8997
4.9972 1.81367 90.8997
4.9972 1.89797 90.8997
4.9972 1.98227 90.8997
4.9972 2.06657 90.8997
4.9972 2.15087 90.8997
5.0815 2.23517 90.8997
5.1658 2.31947 90.8997
