# Output from PinnacleROI.cpp
# First line is number of curves
# Second line is space-separated number of points in each curve
# Remainder are the points themselves
28
58 68 62 82 44 30 85 93 87 88 64 55 59 81 85 73 99 71 106 66 109 72 5 105 16 71 47 59 
0.360699 5.69147 91.0997
0.444998 5.69147 91.0997
0.529299 5.69147 91.0997
0.613598 5.69147 91.0997
0.697899 5.69147 91.0997
0.782198 5.69147 91.0997
0.866499 5.69147 91.0997
0.950798 5.60717 91.0997
1.0351 5.52287 91.0997
1.0351 5.43857 91.0997
1.0351 5.35427 91.0997
1.0351 5.26997 91.0997
1.0351 5.18567 91.0997
0.950798 5.10137 91.0997
0.866499 5.01707 91.0997
0.782198 5.01707 91.0997
0.697899 4.93277 91.0997
0.613598 4.93277 91.0997
0.529299 4.84847 91.0997
0.529299 4.76417 91.0997
0.444998 4.67987 91.0997
0.360699 4.59557 91.0997
0.360699 4.51127 91.0997
0.276398 4.42697 91.0997
0.276398 4.34267 91.0997
0.276398 4.25837 91.0997
0.192099 4.17407 91.0997
0.192099 4.08977 91.0997
0.192099 4.00547 91.0997
0.107798 3.92117 91.0997
0.0234985 3.83687 91.0997
-0.0608025 3.83687 91.0997
-0.145102 3.83687 91.0997
-0.229403 3.83687 91.0997
-0.313702 3.83687 91.0997
-0.398003 3.92117 91.0997
-0.482302 4.00547 91.0997
-0.482302 4.08977 91.0997
-0.482302 4.17407 91.0997
-0.482302 4.25837 91.0997
-0.482302 4.34267 91.0997
-0.482302 4.42697 91.0997
-0.482302 4.51127 91.0997
-0.482302 4.59557 91.0997
-0.398003 4.67987 91.0997
-0.398003 4.76417 91.0997
-0.398003 4.84847 91.0997
-0.313702 4.93277 91.0997
-0.313702 5.01707 91.0997
-0.229403 5.10137 91.0997
-0.145102 5.18567 91.0997
-0.0608025 5.26997 91.0997
-0.0608025 5.35427 91.0997
0.0234985 5.43857 91.0997
0.107798 5.52287 91.0997
0.192099 5.60717 91.0997
0.276398 5.60717 91.0997
0.360699 5.69147 91.0997
0.697899 6.28157 90.8997
0.782198 6.28157 90.8997
0.866499 6.28157 90.8997
0.950798 6.28157 90.8997
1.0351 6.28157 90.8997
1.1194 6.28157 90.8997
1.2037 6.28157 90.8997
1.288 6.28157 90.8997
1.3723 6.28157 90.8997
1.4566 6.28157 90.8997
1.5409 6.28157 90.8997
1.6252 6.28157 90.8997
1.7095 6.28157 90.8997
1.7938 6.28157 90.8997
1.8781 6.28157 90.8997
1.9624 6.28157 90.8997
1.9624 6.19727 90.8997
1.9624 6.11297 90.8997
1.9624 6.02867 90.8997
1.8781 5.94437 90.8997
1.7938 5.86007 90.8997
1.7095 5.86007 90.8997
1.6252 5.86007 90.8997
1.5409 5.77577 90.8997
1.4566 5.77577 90.8997
1.3723 5.77577 90.8997
1.288 5.77577 90.8997
1.2037 5.69147 90.8997
1.1194 5.60717 90.8997
1.0351 5.52287 90.8997
0.950798 5.43857 90.8997
0.866499 5.35427 90.8997
0.866499 5.26997 90.8997
0.782198 5.18567 90.8997
0.697899 5.10137 90.8997
0.613598 5.01707 90.8997
0.529299 4.93277 90.8997
0.529299 4.84847 90.8997
0.529299 4.76417 90.8997
0.529299 4.67987 90.8997
0.444998 4.59557 90.8997
0.360699 4.51127 90.8997
0.276398 4.51127 90.8997
0.192099 4.51127 90.8997
0.107798 4.51127 90.8997
0.0234985 4.51127 90.8997
-0.0608025 4.59557 90.8997
-0.145102 4.67987 90.8997
-0.145102 4.76417 90.8997
-0.145102 4.84847 90.8997
-0.145102 4.93277 90.8997
-0.145102 5.01707 90.8997
-0.145102 5.10137 90.8997
-0.145102 5.18567 90.8997
-0.145102 5.26997 90.8997
-0.0608025 5.35427 90.8997
-0.0608025 5.43857 90.8997
0.0234985 5.52287 90.8997
0.0234985 5.60717 90.8997
0.107798 5.69147 90.8997
0.192099 5.77577 90.8997
0.276398 5.86007 90.8997
0.360699 5.86007 90.8997
0.444998 5.94437 90.8997
0.444998 6.02867 90.8997
0.529299 6.11297 90.8997
0.613598 6.19727 90.8997
0.697899 6.28157 90.8997
0.529299 5.35427 91.4997
0.613598 5.35427 91.4997
0.697899 5.35427 91.4997
0.782198 5.35427 91.4997
0.866499 5.35427 91.4997
0.950798 5.35427 91.4997
1.0351 5.35427 91.4997
1.1194 5.35427 91.4997
1.2037 5.26997 91.4997
1.288 5.18567 91.4997
1.288 5.10137 91.4997
1.288 5.01707 91.4997
1.288 4.93277 91.4997
1.288 4.84847 91.4997
1.2037 4.76417 91.4997
1.1194 4.67987 91.4997
1.0351 4.67987 91.4997
0.950798 4.67987 91.4997
0.866499 4.59557 91.4997
0.782198 4.59557 91.4997
0.697899 4.51127 91.4997
0.613598 4.51127 91.4997
0.529299 4.51127 91.4997
0.444998 4.42697 91.4997
0.360699 4.34267 91.4997
0.276398 4.25837 91.4997
0.192099 4.17407 91.4997
0.107798 4.08977 91.4997
0.107798 4.00547 91.4997
0.107798 3.92117 91.4997
0.107798 3.83687 91.4997
0.107798 3.75257 91.4997
0.0234985 3.66827 91.4997
-0.0608025 3.58397 91.4997
-0.145102 3.58397 91.4997
-0.229403 3.58397 91.4997
-0.313702 3.58397 91.4997
-0.398003 3.58397 91.4997
-0.482302 3.66827 91.4997
-0.566601 3.75257 91.4997
-0.566601 3.83687 91.4997
-0.566601 3.92117 91.4997
-0.566601 4.00547 91.4997
-0.566601 4.08977 91.4997
-0.566601 4.17407 91.4997
-0.566601 4.25837 91.4997
-0.566601 4.34267 91.4997
-0.566601 4.42697 91.4997
-0.566601 4.51127 91.4997
-0.482302 4.59557 91.4997
-0.398003 4.67987 91.4997
-0.313702 4.76417 91.4997
-0.229403 4.84847 91.4997
-0.145102 4.93277 91.4997
-0.0608025 5.01707 91.4997
0.0234985 5.10137 91.4997
0.107798 5.10137 91.4997
0.192099 5.18567 91.4997
0.276398 5.18567 91.4997
0.360699 5.26997 91.4997
0.444998 5.26997 91.4997
0.529299 5.35427 91.4997
1.2037 5.69147 91.2997
1.288 5.69147 91.2997
1.3723 5.69147 91.2997
1.4566 5.69147 91.2997
1.5409 5.69147 91.2997
1.6252 5.69147 91.2997
1.7095 5.69147 91.2997
1.7938 5.60717 91.2997
1.8781 5.52287 91.2997
1.8781 5.43857 91.2997
1.8781 5.35427 91.2997
1.8781 5.26997 91.2997
1.8781 5.18567 91.2997
1.7938 5.10137 91.2997
1.7095 5.01707 91.2997
1.6252 5.01707 91.2997
1.5409 5.01707 91.2997
1.4566 4.93277 91.2997
1.3723 4.93277 91.2997
1.288 4.93277 91.2997
1.2037 4.93277 91.2997
1.1194 4.84847 91.2997
1.0351 4.76417 91.2997
0.950798 4.67987 91.2997
0.866499 4.59557 91.2997
0.782198 4.51127 91.2997
0.697899 4.42697 91.2997
0.613598 4.34267 91.2997
0.529299 4.34267 91.2997
0.444998 4.25837 91.2997
0.360699 4.17407 91.2997
0.276398 4.08977 91.2997
0.192099 4.00547 91.2997
0.107798 3.92117 91.2997
0.107798 3.83687 91.2997
0.107798 3.75257 91.2997
0.107798 3.66827 91.2997
0.107798 3.58397 91.2997
0.107798 3.49967 91.2997
0.0234985 3.41537 91.2997
-0.0608025 3.33107 91.2997
-0.145102 3.33107 91.2997
-0.229403 3.33107 91.2997
-0.313702 3.33107 91.2997
-0.398003 3.33107 91.2997
-0.482302 3.41537 91.2997
-0.566601 3.49967 91.2997
-0.566601 3.58397 91.2997
-0.566601 3.66827 91.2997
-0.566601 3.75257 91.2997
-0.566601 3.83687 91.2997
-0.566601 3.92117 91.2997
-0.566601 4.00547 91.2997
-0.566601 4.08977 91.2997
-0.566601 4.17407 91.2997
-0.566601 4.25837 91.2997
-0.566601 4.34267 91.2997
-0.566601 4.42697 91.2997
-0.566601 4.51127 91.2997
-0.566601 4.59557 91.2997
-0.482302 4.67987 91.2997
-0.482302 4.76417 91.2997
-0.398003 4.84847 91.2997
-0.313702 4.93277 91.2997
-0.229403 5.01707 91.2997
-0.145102 5.10137 91.2997
-0.0608025 5.18567 91.2997
0.0234985 5.26997 91.2997
0.107798 5.35427 91.2997
0.192099 5.43857 91.2997
0.276398 5.43857 91.2997
0.360699 5.52287 91.2997
0.444998 5.52287 91.2997
0.529299 5.60717 91.2997
0.613598 5.60717 91.2997
0.697899 5.60717 91.2997
0.782198 5.60717 91.2997
0.866499 5.60717 91.2997
0.950798 5.60717 91.2997
1.0351 5.60717 91.2997
1.1194 5.60717 91.2997
1.2037 5.69147 91.2997
0.0234985 5.10137 91.6997
0.107798 5.10137 91.6997
0.192099 5.10137 91.6997
0.276398 5.10137 91.6997
0.360699 5.10137 91.6997
0.444998 5.10137 91.6997
0.529299 5.01707 91.6997
0.613598 4.93277 91.6997
0.613598 4.84847 91.6997
0.613598 4.76417 91.6997
0.613598 4.67987 91.6997
0.613598 4.59557 91.6997
0.613598 4.51127 91.6997
0.529299 4.42697 91.6997
0.444998 4.34267 91.6997
0.360699 4.34267 91.6997
0.276398 4.25837 91.6997
0.192099 4.17407 91.6997
0.192099 4.08977 91.6997
0.192099 4.00547 91.6997
0.192099 3.92117 91.6997
0.107798 3.83687 91.6997
0.0234985 3.75257 91.6997
-0.0608025 3.75257 91.6997
-0.145102 3.75257 91.6997
-0.229403 3.75257 91.6997
-0.313702 3.75257 91.6997
-0.398003 3.83687 91.6997
-0.482302 3.92117 91.6997
-0.482302 4.00547 91.6997
-0.482302 4.08977 91.6997
-0.482302 4.17407 91.6997
-0.482302 4.25837 91.6997
-0.482302 4.34267 91.6997
-0.482302 4.42697 91.6997
-0.482302 4.51127 91.6997
-0.482302 4.59557 91.6997
-0.398003 4.67987 91.6997
-0.398003 4.76417 91.6997
-0.313702 4.84847 91.6997
-0.229403 4.93277 91.6997
-0.145102 5.01707 91.6997
-0.0608025 5.01707 91.6997
0.0234985 5.10137 91.6997
-0.313702 4.67987 91.8997
-0.229403 4.67987 91.8997
-0.145102 4.67987 91.8997
-0.0608025 4.67987 91.8997
0.0234985 4.67987 91.8997
0.107798 4.67987 91.8997
0.192099 4.59557 91.8997
0.276398 4.51127 91.8997
0.276398 4.42697 91.8997
0.276398 4.34267 91.8997
0.276398 4.25837 91.8997
0.276398 4.17407 91.8997
0.192099 4.08977 91.8997
0.192099 4.00547 91.8997
0.107798 3.92117 91.8997
0.0234985 3.83687 91.8997
-0.0608025 3.83687 91.8997
-0.145102 3.83687 91.8997
-0.229403 3.83687 91.8997
-0.313702 3.83687 91.8997
-0.398003 3.92117 91.8997
-0.482302 4.00547 91.8997
-0.482302 4.08977 91.8997
-0.482302 4.17407 91.8997
-0.482302 4.25837 91.8997
-0.482302 4.34267 91.8997
-0.482302 4.42697 91.8997
-0.482302 4.51127 91.8997
-0.398003 4.59557 91.8997
-0.313702 4.67987 91.8997
-3.3485 2.99387 93.8997
-3.2642 2.99387 93.8997
-3.1799 2.99387 93.8997
-3.0956 2.99387 93.8997
-3.0113 2.99387 93.8997
-2.927 2.90957 93.8997
-2.8427 2.82527 93.8997
-2.8427 2.74097 93.8997
-2.8427 2.65667 93.8997
-2.7584 2.57237 93.8997
-2.6741 2.57237 93.8997
-2.5898 2.48807 93.8997
-2.5055 2.48807 93.8997
-2.4212 2.48807 93.8997
-2.3369 2.48807 93.8997
-2.2526 2.57237 93.8997
-2.2526 2.65667 93.8997
-2.1683 2.74097 93.8997
-2.084 2.82527 93.8997
-1.9997 2.82527 93.8997
-1.9154 2.82527 93.8997
-1.8311 2.82527 93.8997
-1.7468 2.82527 93.8997
-1.6625 2.74097 93.8997
-1.5782 2.65667 93.8997
-1.5782 2.57237 93.8997
-1.5782 2.48807 93.8997
-1.5782 2.40377 93.8997
-1.5782 2.31947 93.8997
-1.5782 2.23517 93.8997
-1.5782 2.15087 93.8997
-1.5782 2.06657 93.8997
-1.5782 1.98227 93.8997
-1.5782 1.89797 93.8997
-1.5782 1.81367 93.8997
-1.5782 1.72937 93.8997
-1.5782 1.64507 93.8997
-1.5782 1.56077 93.8997
-1.6625 1.47647 93.8997
-1.7468 1.39217 93.8997
-1.7468 1.30787 93.8997
-1.8311 1.22357 93.8997
-1.8311 1.13927 93.8997
-1.9154 1.05497 93.8997
-1.9997 0.970671 93.8997
-2.084 0.970671 93.8997
-2.1683 0.970671 93.8997
-2.2526 0.886372 93.8997
-2.3369 0.886372 93.8997
-2.4212 0.886372 93.8997
-2.5055 0.886372 93.8997
-2.5898 0.886372 93.8997
-2.6741 0.886372 93.8997
-2.7584 0.886372 93.8997
-2.8427 0.886372 93.8997
-2.927 0.886372 93.8997
-3.0113 0.886372 93.8997
-3.0956 0.886372 93.8997
-3.1799 0.886372 93.8997
-3.2642 0.970671 93.8997
-3.3485 0.970671 93.8997
-3.4328 1.05497 93.8997
-3.5171 1.13927 93.8997
-3.6014 1.22357 93.8997
-3.6014 1.30787 93.8997
-3.6014 1.39217 93.8997
-3.6014 1.47647 93.8997
-3.6014 1.56077 93.8997
-3.6857 1.64507 93.8997
-3.6857 1.72937 93.8997
-3.6857 1.81367 93.8997
-3.6857 1.89797 93.8997
-3.6857 1.98227 93.8997
-3.6857 2.06657 93.8997
-3.6014 2.15087 93.8997
-3.6014 2.23517 93.8997
-3.6014 2.31947 93.8997
-3.6014 2.40377 93.8997
-3.6014 2.48807 93.8997
-3.6014 2.57237 93.8997
-3.6014 2.65667 93.8997
-3.5171 2.74097 93.8997
-3.5171 2.82527 93.8997
-3.4328 2.90957 93.8997
-3.3485 2.99387 93.8997
-2.6741 3.24677 94.0997
-2.5898 3.24677 94.0997
-2.5055 3.24677 94.0997
-2.4212 3.24677 94.0997
-2.3369 3.24677 94.0997
-2.2526 3.16247 94.0997
-2.1683 3.07817 94.0997
-2.1683 2.99387 94.0997
-2.1683 2.90957 94.0997
-2.1683 2.82527 94.0997
-2.1683 2.74097 94.0997
-2.084 2.65667 94.0997
-1.9997 2.74097 94.0997
-1.9154 2.82527 94.0997
-1.8311 2.82527 94.0997
-1.7468 2.82527 94.0997
-1.6625 2.82527 94.0997
-1.5782 2.82527 94.0997
-1.4939 2.74097 94.0997
-1.4096 2.65667 94.0997
-1.4096 2.57237 94.0997
-1.4096 2.48807 94.0997
-1.4096 2.40377 94.0997
-1.4096 2.31947 94.0997
-1.4096 2.23517 94.0997
-1.4096 2.15087 94.0997
-1.4096 2.06657 94.0997
-1.4096 1.98227 94.0997
-1.4096 1.89797 94.0997
-1.4096 1.81367 94.0997
-1.4939 1.72937 94.0997
-1.4939 1.64507 94.0997
-1.4939 1.56077 94.0997
-1.4939 1.47647 94.0997
-1.4939 1.39217 94.0997
-1.4939 1.30787 94.0997
-1.4939 1.22357 94.0997
-1.4939 1.13927 94.0997
-1.5782 1.05497 94.0997
-1.5782 0.970671 94.0997
-1.5782 0.886372 94.0997
-1.6625 0.802071 94.0997
-1.7468 0.717772 94.0997
-1.8311 0.633471 94.0997
-1.9154 0.549171 94.0997
-1.9997 0.46487 94.0997
-2.084 0.46487 94.0997
-2.1683 0.46487 94.0997
-2.2526 0.46487 94.0997
-2.3369 0.380571 94.0997
-2.4212 0.380571 94.0997
-2.5055 0.380571 94.0997
-2.5898 0.380571 94.0997
-2.6741 0.380571 94.0997
-2.7584 0.380571 94.0997
-2.8427 0.380571 94.0997
-2.927 0.380571 94.0997
-3.0113 0.46487 94.0997
-3.0956 0.46487 94.0997
-3.1799 0.549171 94.0997
-3.2642 0.633471 94.0997
-3.3485 0.633471 94.0997
-3.4328 0.717772 94.0997
-3.5171 0.802071 94.0997
-3.5171 0.886372 94.0997
-3.6014 0.970671 94.0997
-3.6014 1.05497 94.0997
-3.6014 1.13927 94.0997
-3.6014 1.22357 94.0997
-3.6014 1.30787 94.0997
-3.6014 1.39217 94.0997
-3.6014 1.47647 94.0997
-3.6014 1.56077 94.0997
-3.6014 1.64507 94.0997
-3.6014 1.72937 94.0997
-3.6014 1.81367 94.0997
-3.6014 1.89797 94.0997
-3.5171 1.98227 94.0997
-3.4328 2.06657 94.0997
-3.3485 2.15087 94.0997
-3.2642 2.23517 94.0997
-3.1799 2.31947 94.0997
-3.1799 2.40377 94.0997
-3.0956 2.48807 94.0997
-3.0956 2.57237 94.0997
-3.0113 2.65667 94.0997
-3.0113 2.74097 94.0997
-2.927 2.82527 94.0997
-2.8427 2.90957 94.0997
-2.8427 2.99387 94.0997
-2.8427 3.07817 94.0997
-2.7584 3.16247 94.0997
-2.6741 3.24677 94.0997
-2.3369 3.24677 94.2997
-2.2526 3.24677 94.2997
-2.1683 3.24677 94.2997
-2.084 3.24677 94.2997
-1.9997 3.24677 94.2997
-1.9154 3.16247 94.2997
-1.8311 3.07817 94.2997
-1.7468 2.99387 94.2997
-1.6625 2.99387 94.2997
-1.5782 2.99387 94.2997
-1.4939 2.99387 94.2997
-1.4096 2.90957 94.2997
-1.3253 2.82527 94.2997
-1.3253 2.74097 94.2997
-1.3253 2.65667 94.2997
-1.3253 2.57237 94.2997
-1.3253 2.48807 94.2997
-1.3253 2.40377 94.2997
-1.3253 2.31947 94.2997
-1.3253 2.23517 94.2997
-1.3253 2.15087 94.2997
-1.3253 2.06657 94.2997
-1.3253 1.98227 94.2997
-1.3253 1.89797 94.2997
-1.3253 1.81367 94.2997
-1.3253 1.72937 94.2997
-1.3253 1.64507 94.2997
-1.4096 1.56077 94.2997
-1.4096 1.47647 94.2997
-1.4096 1.39217 94.2997
-1.4096 1.30787 94.2997
-1.4939 1.22357 94.2997
-1.4939 1.13927 94.2997
-1.5782 1.05497 94.2997
-1.6625 0.970671 94.2997
-1.6625 0.886372 94.2997
-1.7468 0.802071 94.2997
-1.7468 0.717772 94.2997
-1.8311 0.633471 94.2997
-1.9154 0.549171 94.2997
-1.9997 0.46487 94.2997
-2.084 0.380571 94.2997
-2.1683 0.380571 94.2997
-2.2526 0.380571 94.2997
-2.3369 0.380571 94.2997
-2.4212 0.380571 94.2997
-2.5055 0.380571 94.2997
-2.5898 0.380571 94.2997
-2.6741 0.380571 94.2997
-2.7584 0.380571 94.2997
-2.8427 0.380571 94.2997
-2.927 0.380571 94.2997
-3.0113 0.380571 94.2997
-3.0956 0.46487 94.2997
-3.1799 0.549171 94.2997
-3.2642 0.633471 94.2997
-3.3485 0.717772 94.2997
-3.4328 0.802071 94.2997
-3.4328 0.886372 94.2997
-3.4328 0.970671 94.2997
-3.4328 1.05497 94.2997
-3.4328 1.13927 94.2997
-3.4328 1.22357 94.2997
-3.4328 1.30787 94.2997
-3.4328 1.39217 94.2997
-3.4328 1.47647 94.2997
-3.3485 1.56077 94.2997
-3.2642 1.64507 94.2997
-3.2642 1.72937 94.2997
-3.1799 1.81367 94.2997
-3.0956 1.89797 94.2997
-3.0113 1.98227 94.2997
-2.927 2.06657 94.2997
-2.927 2.15087 94.2997
-2.8427 2.23517 94.2997
-2.8427 2.31947 94.2997
-2.7584 2.40377 94.2997
-2.7584 2.48807 94.2997
-2.6741 2.57237 94.2997
-2.6741 2.65667 94.2997
-2.5898 2.74097 94.2997
-2.5898 2.82527 94.2997
-2.5055 2.90957 94.2997
-2.5055 2.99387 94.2997
-2.5055 3.07817 94.2997
-2.4212 3.16247 94.2997
-2.3369 3.24677 94.2997
-2.6741 3.66827 95.8997
-2.5898 3.66827 95.8997
-2.5055 3.66827 95.8997
-2.4212 3.66827 95.8997
-2.3369 3.66827 95.8997
-2.2526 3.66827 95.8997
-2.1683 3.66827 95.8997
-2.084 3.58397 95.8997
-1.9997 3.58397 95.8997
-1.9154 3.58397 95.8997
-1.8311 3.49967 95.8997
-1.7468 3.41537 95.8997
-1.7468 3.33107 95.8997
-1.7468 3.24677 95.8997
-1.7468 3.16247 95.8997
-1.7468 3.07817 95.8997
-1.7468 2.99387 95.8997
-1.7468 2.90957 95.8997
-1.7468 2.82527 95.8997
-1.7468 2.74097 95.8997
-1.8311 2.65667 95.8997
-1.8311 2.57237 95.8997
-1.9154 2.48807 95.8997
-1.9154 2.40377 95.8997
-1.9997 2.31947 95.8997
-1.9997 2.23517 95.8997
-2.084 2.15087 95.8997
-2.1683 2.06657 95.8997
-2.1683 1.98227 95.8997
-2.1683 1.89797 95.8997
-2.2526 1.81367 95.8997
-2.2526 1.72937 95.8997
-2.2526 1.64507 95.8997
-2.3369 1.56077 95.8997
-2.4212 1.47647 95.8997
-2.5055 1.39217 95.8997
-2.5898 1.39217 95.8997
-2.6741 1.39217 95.8997
-2.7584 1.39217 95.8997
-2.8427 1.39217 95.8997
-2.927 1.47647 95.8997
-3.0113 1.39217 95.8997
-3.0956 1.30787 95.8997
-3.0956 1.22357 95.8997
-3.0956 1.13927 95.8997
-3.0956 1.05497 95.8997
-3.0956 0.970671 95.8997
-3.1799 0.886372 95.8997
-3.2642 0.802071 95.8997
-3.3485 0.802071 95.8997
-3.4328 0.802071 95.8997
-3.5171 0.802071 95.8997
-3.6014 0.802071 95.8997
-3.6857 0.802071 95.8997
-3.77 0.886372 95.8997
-3.8543 0.970671 95.8997
-3.8543 1.05497 95.8997
-3.8543 1.13927 95.8997
-3.8543 1.22357 95.8997
-3.8543 1.30787 95.8997
-3.8543 1.39217 95.8997
-3.8543 1.47647 95.8997
-3.77 1.56077 95.8997
-3.77 1.64507 95.8997
-3.77 1.72937 95.8997
-3.6857 1.81367 95.8997
-3.6857 1.89797 95.8997
-3.6014 1.98227 95.8997
-3.6014 2.06657 95.8997
-3.5171 2.15087 95.8997
-3.5171 2.23517 95.8997
-3.4328 2.31947 95.8997
-3.3485 2.40377 95.8997
-3.3485 2.48807 95.8997
-3.3485 2.57237 95.8997
-3.2642 2.65667 95.8997
-3.2642 2.74097 95.8997
-3.1799 2.82527 95.8997
-3.0956 2.90957 95.8997
-3.0956 2.99387 95.8997
-3.0113 3.07817 95.8997
-2.927 3.16247 95.8997
-2.927 3.24677 95.8997
-2.8427 3.33107 95.8997
-2.8427 3.41537 95.8997
-2.8427 3.49967 95.8997
-2.7584 3.58397 95.8997
-2.6741 3.66827 95.8997
-2.5898 3.75257 95.6997
-2.5055 3.75257 95.6997
-2.4212 3.75257 95.6997
-2.3369 3.75257 95.6997
-2.2526 3.75257 95.6997
-2.1683 3.75257 95.6997
-2.084 3.75257 95.6997
-1.9997 3.66827 95.6997
-1.9154 3.66827 95.6997
-1.8311 3.58397 95.6997
-1.7468 3.49967 95.6997
-1.7468 3.41537 95.6997
-1.7468 3.33107 95.6997
-1.7468 3.24677 95.6997
-1.7468 3.16247 95.6997
-1.7468 3.07817 95.6997
-1.7468 2.99387 95.6997
-1.7468 2.90957 95.6997
-1.7468 2.82527 95.6997
-1.7468 2.74097 95.6997
-1.7468 2.65667 95.6997
-1.7468 2.57237 95.6997
-1.7468 2.48807 95.6997
-1.7468 2.40377 95.6997
-1.7468 2.31947 95.6997
-1.7468 2.23517 95.6997
-1.7468 2.15087 95.6997
-1.7468 2.06657 95.6997
-1.8311 1.98227 95.6997
-1.8311 1.89797 95.6997
-1.8311 1.81367 95.6997
-1.9154 1.72937 95.6997
-1.9997 1.64507 95.6997
-2.084 1.64507 95.6997
-2.1683 1.64507 95.6997
-2.2526 1.64507 95.6997
-2.3369 1.64507 95.6997
-2.4212 1.64507 95.6997
-2.5055 1.72937 95.6997
-2.5898 1.81367 95.6997
-2.5898 1.89797 95.6997
-2.5898 1.98227 95.6997
-2.5898 2.06657 95.6997
-2.6741 2.15087 95.6997
-2.7584 2.15087 95.6997
-2.8427 2.23517 95.6997
-2.927 2.31947 95.6997
-2.927 2.40377 95.6997
-2.927 2.48807 95.6997
-2.927 2.57237 95.6997
-2.927 2.65667 95.6997
-2.927 2.74097 95.6997
-2.927 2.82527 95.6997
-2.8427 2.90957 95.6997
-2.8427 2.99387 95.6997
-2.8427 3.07817 95.6997
-2.8427 3.16247 95.6997
-2.8427 3.24677 95.6997
-2.8427 3.33107 95.6997
-2.8427 3.41537 95.6997
-2.8427 3.49967 95.6997
-2.7584 3.58397 95.6997
-2.6741 3.66827 95.6997
-2.5898 3.75257 95.6997
3.9856 3.16247 95.6997
4.0699 3.16247 95.6997
4.1542 3.16247 95.6997
4.2385 3.16247 95.6997
4.3228 3.16247 95.6997
4.4071 3.07817 95.6997
4.4914 2.99387 95.6997
4.4914 2.90957 95.6997
4.4914 2.82527 95.6997
4.4914 2.74097 95.6997
4.4914 2.65667 95.6997
4.5757 2.57237 95.6997
4.5757 2.48807 95.6997
4.5757 2.40377 95.6997
4.5757 2.31947 95.6997
4.5757 2.23517 95.6997
4.5757 2.15087 95.6997
4.5757 2.06657 95.6997
4.5757 1.98227 95.6997
4.5757 1.89797 95.6997
4.5757 1.81367 95.6997
4.4914 1.72937 95.6997
4.4071 1.64507 95.6997
4.3228 1.64507 95.6997
4.2385 1.64507 95.6997
4.1542 1.56077 95.6997
4.1542 1.47647 95.6997
4.0699 1.39217 95.6997
3.9856 1.30787 95.6997
3.9013 1.30787 95.6997
3.817 1.30787 95.6997
3.7327 1.30787 95.6997
3.6484 1.30787 95.6997
3.5641 1.39217 95.6997
3.4798 1.47647 95.6997
3.3955 1.56077 95.6997
3.3955 1.64507 95.6997
3.3955 1.72937 95.6997
3.3955 1.81367 95.6997
3.3955 1.89797 95.6997
3.4798 1.98227 95.6997
3.4798 2.06657 95.6997
3.5641 2.15087 95.6997
3.5641 2.23517 95.6997
3.5641 2.31947 95.6997
3.5641 2.40377 95.6997
3.6484 2.48807 95.6997
3.6484 2.57237 95.6997
3.6484 2.65667 95.6997
3.7327 2.74097 95.6997
3.817 2.82527 95.6997
3.817 2.90957 95.6997
3.817 2.99387 95.6997
3.9013 3.07817 95.6997
3.9856 3.16247 95.6997
-2.6741 3.66827 95.4997
-2.5898 3.66827 95.4997
-2.5055 3.66827 95.4997
-2.4212 3.66827 95.4997
-2.3369 3.66827 95.4997
-2.2526 3.66827 95.4997
-2.1683 3.66827 95.4997
-2.084 3.66827 95.4997
-1.9997 3.66827 95.4997
-1.9154 3.66827 95.4997
-1.8311 3.58397 95.4997
-1.7468 3.49967 95.4997
-1.6625 3.41537 95.4997
-1.6625 3.33107 95.4997
-1.6625 3.24677 95.4997
-1.6625 3.16247 95.4997
-1.6625 3.07817 95.4997
-1.6625 2.99387 95.4997
-1.7468 2.90957 95.4997
-1.7468 2.82527 95.4997
-1.7468 2.74097 95.4997
-1.8311 2.65667 95.4997
-1.8311 2.57237 95.4997
-1.9154 2.48807 95.4997
-1.9154 2.40377 95.4997
-1.9154 2.31947 95.4997
-1.9997 2.23517 95.4997
-2.084 2.15087 95.4997
-2.1683 2.15087 95.4997
-2.2526 2.15087 95.4997
-2.3369 2.15087 95.4997
-2.4212 2.15087 95.4997
-2.5055 2.23517 95.4997
-2.5898 2.23517 95.4997
-2.6741 2.15087 95.4997
-2.7584 2.06657 95.4997
-2.8427 2.06657 95.4997
-2.927 2.06657 95.4997
-3.0113 2.06657 95.4997
-3.0956 2.06657 95.4997
-3.1799 2.15087 95.4997
-3.2642 2.23517 95.4997
-3.2642 2.31947 95.4997
-3.2642 2.40377 95.4997
-3.2642 2.48807 95.4997
-3.2642 2.57237 95.4997
-3.2642 2.65667 95.4997
-3.1799 2.74097 95.4997
-3.1799 2.82527 95.4997
-3.0956 2.90957 95.4997
-3.0956 2.99387 95.4997
-3.0113 3.07817 95.4997
-3.0113 3.16247 95.4997
-3.0113 3.24677 95.4997
-2.927 3.33107 95.4997
-2.927 3.41537 95.4997
-2.8427 3.49967 95.4997
-2.7584 3.58397 95.4997
-2.6741 3.66827 95.4997
3.4798 3.41537 95.4997
3.5641 3.41537 95.4997
3.6484 3.41537 95.4997
3.7327 3.41537 95.4997
3.817 3.41537 95.4997
3.9013 3.41537 95.4997
3.9856 3.41537 95.4997
4.0699 3.41537 95.4997
4.1542 3.41537 95.4997
4.2385 3.41537 95.4997
4.3228 3.33107 95.4997
4.4071 3.24677 95.4997
4.4071 3.16247 95.4997
4.4914 3.07817 95.4997
4.4914 2.99387 95.4997
4.4914 2.90957 95.4997
4.5757 2.82527 95.4997
4.5757 2.74097 95.4997
4.5757 2.65667 95.4997
4.66 2.57237 95.4997
4.66 2.48807 95.4997
4.66 2.40377 95.4997
4.7443 2.31947 95.4997
4.8286 2.23517 95.4997
4.8286 2.15087 95.4997
4.8286 2.06657 95.4997
4.8286 1.98227 95.4997
4.8286 1.89797 95.4997
4.8286 1.81367 95.4997
4.8286 1.72937 95.4997
4.7443 1.64507 95.4997
4.66 1.56077 95.4997
4.5757 1.56077 95.4997
4.4914 1.56077 95.4997
4.4071 1.56077 95.4997
4.3228 1.56077 95.4997
4.2385 1.64507 95.4997
4.1542 1.72937 95.4997
4.0699 1.72937 95.4997
3.9856 1.72937 95.4997
3.9013 1.64507 95.4997
3.817 1.64507 95.4997
3.7327 1.56077 95.4997
3.6484 1.47647 95.4997
3.6484 1.39217 95.4997
3.6484 1.30787 95.4997
3.6484 1.22357 95.4997
3.5641 1.13927 95.4997
3.4798 1.05497 95.4997
3.3955 1.05497 95.4997
3.3112 1.05497 95.4997
3.2269 1.05497 95.4997
3.1426 1.05497 95.4997
3.0583 1.13927 95.4997
2.974 1.22357 95.4997
2.974 1.30787 95.4997
2.974 1.39217 95.4997
2.974 1.47647 95.4997
2.974 1.56077 95.4997
2.974 1.64507 95.4997
2.974 1.72937 95.4997
2.974 1.81367 95.4997
2.974 1.89797 95.4997
2.974 1.98227 95.4997
2.974 2.06657 95.4997
2.974 2.15087 95.4997
2.974 2.23517 95.4997
2.974 2.31947 95.4997
2.974 2.40377 95.4997
2.974 2.48807 95.4997
2.974 2.57237 95.4997
2.974 2.65667 95.4997
3.0583 2.74097 95.4997
3.0583 2.82527 95.4997
3.0583 2.90957 95.4997
3.1426 2.99387 95.4997
3.2269 3.07817 95.4997
3.3112 3.16247 95.4997
3.3112 3.24677 95.4997
3.3955 3.33107 95.4997
3.4798 3.41537 95.4997
-2.6741 3.83687 95.2997
-2.5898 3.83687 95.2997
-2.5055 3.83687 95.2997
-2.4212 3.83687 95.2997
-2.3369 3.83687 95.2997
-2.2526 3.75257 95.2997
-2.1683 3.75257 95.2997
-2.084 3.75257 95.2997
-1.9997 3.66827 95.2997
-1.9154 3.66827 95.2997
-1.8311 3.58397 95.2997
-1.7468 3.49967 95.2997
-1.6625 3.41537 95.2997
-1.5782 3.33107 95.2997
-1.5782 3.24677 95.2997
-1.5782 3.16247 95.2997
-1.5782 3.07817 95.2997
-1.5782 2.99387 95.2997
-1.5782 2.90957 95.2997
-1.5782 2.82527 95.2997
-1.4939 2.74097 95.2997
-1.4939 2.65667 95.2997
-1.4939 2.57237 95.2997
-1.4939 2.48807 95.2997
-1.4939 2.40377 95.2997
-1.4939 2.31947 95.2997
-1.4939 2.23517 95.2997
-1.4939 2.15087 95.2997
-1.4939 2.06657 95.2997
-1.5782 1.98227 95.2997
-1.5782 1.89797 95.2997
-1.5782 1.81367 95.2997
-1.5782 1.72937 95.2997
-1.5782 1.64507 95.2997
-1.6625 1.56077 95.2997
-1.6625 1.47647 95.2997
-1.7468 1.39217 95.2997
-1.8311 1.30787 95.2997
-1.9154 1.22357 95.2997
-1.9997 1.13927 95.2997
-2.084 1.13927 95.2997
-2.1683 1.13927 95.2997
-2.2526 1.13927 95.2997
-2.3369 1.13927 95.2997
-2.4212 1.13927 95.2997
-2.5055 1.13927 95.2997
-2.5898 1.13927 95.2997
-2.6741 1.13927 95.2997
-2.7584 1.13927 95.2997
-2.8427 1.22357 95.2997
-2.927 1.22357 95.2997
-3.0113 1.30787 95.2997
-3.0956 1.39217 95.2997
-3.0956 1.47647 95.2997
-3.1799 1.56077 95.2997
-3.2642 1.64507 95.2997
-3.3485 1.72937 95.2997
-3.3485 1.81367 95.2997
-3.3485 1.89797 95.2997
-3.3485 1.98227 95.2997
-3.3485 2.06657 95.2997
-3.3485 2.15087 95.2997
-3.2642 2.23517 95.2997
-3.1799 2.31947 95.2997
-3.0956 2.31947 95.2997
-3.0113 2.31947 95.2997
-2.927 2.40377 95.2997
-2.927 2.48807 95.2997
-2.8427 2.57237 95.2997
-2.927 2.65667 95.2997
-3.0113 2.65667 95.2997
-3.0956 2.74097 95.2997
-3.1799 2.82527 95.2997
-3.1799 2.90957 95.2997
-3.1799 2.99387 95.2997
-3.1799 3.07817 95.2997
-3.1799 3.16247 95.2997
-3.1799 3.24677 95.2997
-3.0956 3.33107 95.2997
-3.0113 3.41537 95.2997
-2.927 3.49967 95.2997
-2.927 3.58397 95.2997
-2.8427 3.66827 95.2997
-2.7584 3.75257 95.2997
-2.6741 3.83687 95.2997
3.817 3.33107 95.2997
3.9013 3.33107 95.2997
3.9856 3.33107 95.2997
4.0699 3.33107 95.2997
4.1542 3.33107 95.2997
4.2385 3.33107 95.2997
4.3228 3.33107 95.2997
4.4071 3.24677 95.2997
4.4914 3.16247 95.2997
4.5757 3.07817 95.2997
4.66 2.99387 95.2997
4.66 2.90957 95.2997
4.7443 2.82527 95.2997
4.8286 2.74097 95.2997
4.8286 2.65667 95.2997
4.8286 2.57237 95.2997
4.9129 2.48807 95.2997
4.9129 2.40377 95.2997
4.9972 2.31947 95.2997
4.9972 2.23517 95.2997
4.9972 2.15087 95.2997
5.0815 2.06657 95.2997
5.0815 1.98227 95.2997
5.0815 1.89797 95.2997
5.0815 1.81367 95.2997
5.0815 1.72937 95.2997
4.9972 1.64507 95.2997
4.9129 1.56077 95.2997
4.8286 1.56077 95.2997
4.7443 1.56077 95.2997
4.66 1.56077 95.2997
4.5757 1.56077 95.2997
4.4914 1.56077 95.2997
4.4071 1.64507 95.2997
4.3228 1.72937 95.2997
4.2385 1.72937 95.2997
4.1542 1.72937 95.2997
4.0699 1.72937 95.2997
3.9856 1.64507 95.2997
3.9013 1.56077 95.2997
3.9013 1.47647 95.2997
3.9013 1.39217 95.2997
3.817 1.30787 95.2997
3.7327 1.22357 95.2997
3.6484 1.22357 95.2997
3.5641 1.22357 95.2997
3.4798 1.22357 95.2997
3.3955 1.22357 95.2997
3.3112 1.30787 95.2997
3.2269 1.39217 95.2997
3.2269 1.47647 95.2997
3.1426 1.56077 95.2997
3.1426 1.64507 95.2997
3.1426 1.72937 95.2997
3.1426 1.81367 95.2997
3.1426 1.89797 95.2997
3.1426 1.98227 95.2997
3.1426 2.06657 95.2997
3.1426 2.15087 95.2997
3.1426 2.23517 95.2997
3.1426 2.31947 95.2997
3.1426 2.40377 95.2997
3.2269 2.48807 95.2997
3.3112 2.57237 95.2997
3.3112 2.65667 95.2997
3.3955 2.74097 95.2997
3.3955 2.82527 95.2997
3.4798 2.90957 95.2997
3.4798 2.99387 95.2997
3.5641 3.07817 95.2997
3.6484 3.16247 95.2997
3.7327 3.24677 95.2997
3.817 3.33107 95.2997
-2.7584 4.08977 95.0997
-2.6741 4.08977 95.0997
-2.5898 4.08977 95.0997
-2.5055 4.08977 95.0997
-2.4212 4.08977 95.0997
-2.3369 4.08977 95.0997
-2.2526 4.08977 95.0997
-2.1683 4.08977 95.0997
-2.084 4.00547 95.0997
-1.9997 3.92117 95.0997
-1.9154 3.92117 95.0997
-1.8311 3.92117 95.0997
-1.7468 3.92117 95.0997
-1.6625 3.83687 95.0997
-1.5782 3.75257 95.0997
-1.4939 3.66827 95.0997
-1.4096 3.58397 95.0997
-1.3253 3.49967 95.0997
-1.241 3.41537 95.0997
-1.1567 3.33107 95.0997
-1.1567 3.24677 95.0997
-1.0724 3.16247 95.0997
-1.0724 3.07817 95.0997
-1.0724 2.99387 95.0997
-1.0724 2.90957 95.0997
-1.0724 2.82527 95.0997
-1.0724 2.74097 95.0997
-1.0724 2.65667 95.0997
-1.0724 2.57237 95.0997
-1.1567 2.48807 95.0997
-1.1567 2.40377 95.0997
-1.1567 2.31947 95.0997
-1.1567 2.23517 95.0997
-1.1567 2.15087 95.0997
-1.1567 2.06657 95.0997
-1.1567 1.98227 95.0997
-1.1567 1.89797 95.0997
-1.1567 1.81367 95.0997
-1.241 1.72937 95.0997
-1.241 1.64507 95.0997
-1.3253 1.56077 95.0997
-1.3253 1.47647 95.0997
-1.4096 1.39217 95.0997
-1.4939 1.30787 95.0997
-1.5782 1.22357 95.0997
-1.6625 1.22357 95.0997
-1.7468 1.22357 95.0997
-1.8311 1.13927 95.0997
-1.9154 1.05497 95.0997
-1.9997 1.05497 95.0997
-2.084 1.05497 95.0997
-2.1683 1.05497 95.0997
-2.2526 1.05497 95.0997
-2.3369 1.05497 95.0997
-2.4212 1.05497 95.0997
-2.5055 1.05497 95.0997
-2.5898 1.05497 95.0997
-2.6741 1.05497 95.0997
-2.7584 1.13927 95.0997
-2.8427 1.13927 95.0997
-2.927 1.13927 95.0997
-3.0113 1.22357 95.0997
-3.0956 1.30787 95.0997
-3.0956 1.39217 95.0997
-3.0956 1.47647 95.0997
-3.1799 1.56077 95.0997
-3.2642 1.64507 95.0997
-3.2642 1.72937 95.0997
-3.2642 1.81367 95.0997
-3.3485 1.89797 95.0997
-3.3485 1.98227 95.0997
-3.4328 2.06657 95.0997
-3.4328 2.15087 95.0997
-3.4328 2.23517 95.0997
-3.4328 2.31947 95.0997
-3.4328 2.40377 95.0997
-3.4328 2.48807 95.0997
-3.4328 2.57237 95.0997
-3.3485 2.65667 95.0997
-3.3485 2.74097 95.0997
-3.2642 2.82527 95.0997
-3.1799 2.90957 95.0997
-3.0956 2.99387 95.0997
-3.0113 2.99387 95.0997
-2.927 2.99387 95.0997
-2.8427 2.99387 95.0997
-2.7584 3.07817 95.0997
-2.7584 3.16247 95.0997
-2.8427 3.24677 95.0997
-2.927 3.33107 95.0997
-2.927 3.41537 95.0997
-2.927 3.49967 95.0997
-2.927 3.58397 95.0997
-2.927 3.66827 95.0997
-2.927 3.75257 95.0997
-2.927 3.83687 95.0997
-2.927 3.92117 95.0997
-2.8427 4.00547 95.0997
-2.7584 4.08977 95.0997
3.6484 3.33107 95.0997
3.7327 3.33107 95.0997
3.817 3.33107 95.0997
3.9013 3.33107 95.0997
3.9856 3.33107 95.0997
4.0699 3.33107 95.0997
4.1542 3.33107 95.0997
4.2385 3.33107 95.0997
4.3228 3.24677 95.0997
4.4071 3.24677 95.0997
4.4914 3.16247 95.0997
4.5757 3.07817 95.0997
4.66 2.99387 95.0997
4.7443 2.90957 95.0997
4.8286 2.82527 95.0997
4.8286 2.74097 95.0997
4.8286 2.65667 95.0997
4.9129 2.57237 95.0997
4.9129 2.48807 95.0997
4.9129 2.40377 95.0997
4.9129 2.31947 95.0997
4.9972 2.23517 95.0997
4.9972 2.15087 95.0997
4.9972 2.06657 95.0997
4.9972 1.98227 95.0997
4.9972 1.89797 95.0997
4.9972 1.81367 95.0997
4.9972 1.72937 95.0997
4.9129 1.64507 95.0997
4.8286 1.56077 95.0997
4.7443 1.56077 95.0997
4.66 1.56077 95.0997
4.5757 1.56077 95.0997
4.4914 1.56077 95.0997
4.4071 1.64507 95.0997
4.3228 1.72937 95.0997
4.2385 1.81367 95.0997
4.1542 1.81367 95.0997
4.0699 1.81367 95.0997
3.9856 1.72937 95.0997
3.9856 1.64507 95.0997
3.9856 1.56077 95.0997
3.9013 1.47647 95.0997
3.817 1.39217 95.0997
3.7327 1.39217 95.0997
3.6484 1.39217 95.0997
3.5641 1.39217 95.0997
3.4798 1.39217 95.0997
3.3955 1.47647 95.0997
3.3112 1.56077 95.0997
3.3112 1.64507 95.0997
3.3112 1.72937 95.0997
3.3112 1.81367 95.0997
3.3112 1.89797 95.0997
3.3112 1.98227 95.0997
3.3112 2.06657 95.0997
3.3112 2.15087 95.0997
3.3112 2.23517 95.0997
3.3112 2.31947 95.0997
3.3112 2.40377 95.0997
3.3112 2.48807 95.0997
3.3112 2.57237 95.0997
3.3112 2.65667 95.0997
3.3112 2.74097 95.0997
3.3955 2.82527 95.0997
3.3955 2.90957 95.0997
3.3955 2.99387 95.0997
3.3955 3.07817 95.0997
3.4798 3.16247 95.0997
3.5641 3.24677 95.0997
3.6484 3.33107 95.0997
-2.5055 4.25837 94.8997
-2.4212 4.25837 94.8997
-2.3369 4.25837 94.8997
-2.2526 4.25837 94.8997
-2.1683 4.25837 94.8997
-2.084 4.17407 94.8997
-1.9997 4.08977 94.8997
-1.9154 4.00547 94.8997
-1.8311 3.92117 94.8997
-1.7468 3.92117 94.8997
-1.6625 3.83687 94.8997
-1.5782 3.83687 94.8997
-1.4939 3.75257 94.8997
-1.4096 3.66827 94.8997
-1.3253 3.66827 94.8997
-1.241 3.58397 94.8997
-1.1567 3.58397 94.8997
-1.0724 3.49967 94.8997
-0.988102 3.41537 94.8997
-0.988102 3.33107 94.8997
-0.988102 3.24677 94.8997
-0.988102 3.16247 94.8997
-0.988102 3.07817 94.8997
-0.988102 2.99387 94.8997
-0.988102 2.90957 94.8997
-0.988102 2.82527 94.8997
-0.988102 2.74097 94.8997
-0.988102 2.65667 94.8997
-1.0724 2.57237 94.8997
-1.0724 2.48807 94.8997
-1.0724 2.40377 94.8997
-1.0724 2.31947 94.8997
-1.1567 2.23517 94.8997
-1.241 2.15087 94.8997
-1.3253 2.06657 94.8997
-1.3253 1.98227 94.8997
-1.3253 1.89797 94.8997
-1.3253 1.81367 94.8997
-1.3253 1.72937 94.8997
-1.3253 1.64507 94.8997
-1.4096 1.56077 94.8997
-1.4096 1.47647 94.8997
-1.4096 1.39217 94.8997
-1.4096 1.30787 94.8997
-1.4939 1.22357 94.8997
-1.5782 1.13927 94.8997
-1.6625 1.13927 94.8997
-1.7468 1.05497 94.8997
-1.8311 1.05497 94.8997
-1.9154 0.970671 94.8997
-1.9997 0.970671 94.8997
-2.084 0.970671 94.8997
-2.1683 0.970671 94.8997
-2.2526 0.970671 94.8997
-2.3369 0.970671 94.8997
-2.4212 0.970671 94.8997
-2.5055 0.970671 94.8997
-2.5898 0.970671 94.8997
-2.6741 0.970671 94.8997
-2.7584 0.970671 94.8997
-2.8427 0.970671 94.8997
-2.927 0.970671 94.8997
-3.0113 1.05497 94.8997
-3.0956 1.05497 94.8997
-3.1799 1.05497 94.8997
-3.2642 1.13927 94.8997
-3.3485 1.22357 94.8997
-3.3485 1.30787 94.8997
-3.3485 1.39217 94.8997
-3.3485 1.47647 94.8997
-3.3485 1.56077 94.8997
-3.3485 1.64507 94.8997
-3.3485 1.72937 94.8997
-3.3485 1.81367 94.8997
-3.3485 1.89797 94.8997
-3.3485 1.98227 94.8997
-3.3485 2.06657 94.8997
-3.3485 2.15087 94.8997
-3.2642 2.23517 94.8997
-3.2642 2.31947 94.8997
-3.2642 2.40377 94.8997
-3.2642 2.48807 94.8997
-3.2642 2.57237 94.8997
-3.2642 2.65667 94.8997
-3.1799 2.74097 94.8997
-3.1799 2.82527 94.8997
-3.0956 2.90957 94.8997
-3.0113 2.99387 94.8997
-3.0113 3.07817 94.8997
-3.0113 3.16247 94.8997
-3.0113 3.24677 94.8997
-3.0113 3.33107 94.8997
-3.0113 3.41537 94.8997
-3.0956 3.49967 94.8997
-3.0956 3.58397 94.8997
-3.0956 3.66827 94.8997
-3.0956 3.75257 94.8997
-3.0956 3.83687 94.8997
-3.0956 3.92117 94.8997
-3.0113 4.00547 94.8997
-2.927 4.08977 94.8997
-2.8427 4.08977 94.8997
-2.7584 4.08977 94.8997
-2.6741 4.08977 94.8997
-2.5898 4.17407 94.8997
-2.5055 4.25837 94.8997
3.7327 3.33107 94.8997
3.817 3.33107 94.8997
3.9013 3.33107 94.8997
3.9856 3.33107 94.8997
4.0699 3.33107 94.8997
4.1542 3.33107 94.8997
4.2385 3.33107 94.8997
4.3228 3.33107 94.8997
4.4071 3.33107 94.8997
4.4914 3.33107 94.8997
4.5757 3.24677 94.8997
4.66 3.16247 94.8997
4.7443 3.07817 94.8997
4.7443 2.99387 94.8997
4.8286 2.90957 94.8997
4.8286 2.82527 94.8997
4.8286 2.74097 94.8997
4.8286 2.65667 94.8997
4.9129 2.57237 94.8997
4.9129 2.48807 94.8997
4.9129 2.40377 94.8997
4.9129 2.31947 94.8997
4.9129 2.23517 94.8997
4.9129 2.15087 94.8997
4.9129 2.06657 94.8997
4.9129 1.98227 94.8997
4.9129 1.89797 94.8997
4.9129 1.81367 94.8997
4.9129 1.72937 94.8997
4.8286 1.64507 94.8997
4.7443 1.56077 94.8997
4.66 1.56077 94.8997
4.5757 1.56077 94.8997
4.4914 1.56077 94.8997
4.4071 1.56077 94.8997
4.3228 1.64507 94.8997
4.2385 1.72937 94.8997
4.2385 1.81367 94.8997
4.2385 1.89797 94.8997
4.1542 1.98227 94.8997
4.0699 1.89797 94.8997
3.9856 1.81367 94.8997
3.9013 1.72937 94.8997
3.817 1.72937 94.8997
3.7327 1.72937 94.8997
3.6484 1.72937 94.8997
3.5641 1.72937 94.8997
3.4798 1.81367 94.8997
3.3955 1.89797 94.8997
3.3955 1.98227 94.8997
3.3955 2.06657 94.8997
3.3955 2.15087 94.8997
3.3955 2.23517 94.8997
3.3955 2.31947 94.8997
3.3955 2.40377 94.8997
3.3955 2.48807 94.8997
3.3955 2.57237 94.8997
3.3955 2.65667 94.8997
3.3955 2.74097 94.8997
3.4798 2.82527 94.8997
3.4798 2.90957 94.8997
3.4798 2.99387 94.8997
3.5641 3.07817 94.8997
3.5641 3.16247 94.8997
3.6484 3.24677 94.8997
3.7327 3.33107 94.8997
-2.8427 4.17407 94.6997
-2.7584 4.17407 94.6997
-2.6741 4.17407 94.6997
-2.5898 4.17407 94.6997
-2.5055 4.17407 94.6997
-2.4212 4.17407 94.6997
-2.3369 4.17407 94.6997
-2.2526 4.17407 94.6997
-2.1683 4.08977 94.6997
-2.084 4.08977 94.6997
-1.9997 4.08977 94.6997
-1.9154 4.00547 94.6997
-1.8311 3.92117 94.6997
-1.8311 3.83687 94.6997
-1.7468 3.75257 94.6997
-1.7468 3.66827 94.6997
-1.6625 3.58397 94.6997
-1.5782 3.58397 94.6997
-1.4939 3.58397 94.6997
-1.4096 3.58397 94.6997
-1.3253 3.49967 94.6997
-1.241 3.41537 94.6997
-1.241 3.33107 94.6997
-1.241 3.24677 94.6997
-1.241 3.16247 94.6997
-1.241 3.07817 94.6997
-1.241 2.99387 94.6997
-1.241 2.90957 94.6997
-1.241 2.82527 94.6997
-1.241 2.74097 94.6997
-1.241 2.65667 94.6997
-1.241 2.57237 94.6997
-1.241 2.48807 94.6997
-1.241 2.40377 94.6997
-1.241 2.31947 94.6997
-1.3253 2.23517 94.6997
-1.3253 2.15087 94.6997
-1.3253 2.06657 94.6997
-1.3253 1.98227 94.6997
-1.3253 1.89797 94.6997
-1.4096 1.81367 94.6997
-1.4096 1.72937 94.6997
-1.4096 1.64507 94.6997
-1.4939 1.56077 94.6997
-1.5782 1.47647 94.6997
-1.5782 1.39217 94.6997
-1.6625 1.30787 94.6997
-1.7468 1.22357 94.6997
-1.8311 1.22357 94.6997
-1.9154 1.22357 94.6997
-1.9997 1.22357 94.6997
-2.084 1.22357 94.6997
-2.1683 1.22357 94.6997
-2.2526 1.22357 94.6997
-2.3369 1.22357 94.6997
-2.4212 1.13927 94.6997
-2.5055 1.05497 94.6997
-2.5898 0.970671 94.6997
-2.6741 0.970671 94.6997
-2.7584 0.970671 94.6997
-2.8427 0.970671 94.6997
-2.927 0.970671 94.6997
-3.0113 0.886372 94.6997
-3.0956 0.886372 94.6997
-3.1799 0.886372 94.6997
-3.2642 0.886372 94.6997
-3.3485 0.886372 94.6997
-3.4328 0.886372 94.6997
-3.5171 0.886372 94.6997
-3.6014 0.886372 94.6997
-3.6857 0.970671 94.6997
-3.77 1.05497 94.6997
-3.8543 1.13927 94.6997
-3.8543 1.22357 94.6997
-3.8543 1.30787 94.6997
-3.8543 1.39217 94.6997
-3.8543 1.47647 94.6997
-3.8543 1.56077 94.6997
-3.8543 1.64507 94.6997
-3.8543 1.72937 94.6997
-3.8543 1.81367 94.6997
-3.8543 1.89797 94.6997
-3.8543 1.98227 94.6997
-3.8543 2.06657 94.6997
-3.77 2.15087 94.6997
-3.77 2.23517 94.6997
-3.77 2.31947 94.6997
-3.77 2.40377 94.6997
-3.6857 2.48807 94.6997
-3.6857 2.57237 94.6997
-3.6014 2.65667 94.6997
-3.5171 2.74097 94.6997
-3.5171 2.82527 94.6997
-3.5171 2.90957 94.6997
-3.5171 2.99387 94.6997
-3.5171 3.07817 94.6997
-3.4328 3.16247 94.6997
-3.3485 3.24677 94.6997
-3.3485 3.33107 94.6997
-3.2642 3.41537 94.6997
-3.1799 3.49967 94.6997
-3.1799 3.58397 94.6997
-3.1799 3.66827 94.6997
-3.0956 3.75257 94.6997
-3.0113 3.83687 94.6997
-3.0113 3.92117 94.6997
-3.0113 4.00547 94.6997
-2.927 4.08977 94.6997
-2.8427 4.17407 94.6997
3.9013 3.58397 94.6997
3.9856 3.58397 94.6997
4.0699 3.58397 94.6997
4.1542 3.58397 94.6997
4.2385 3.58397 94.6997
4.3228 3.58397 94.6997
4.4071 3.49967 94.6997
4.4914 3.41537 94.6997
4.4914 3.33107 94.6997
4.5757 3.24677 94.6997
4.66 3.16247 94.6997
4.66 3.07817 94.6997
4.7443 2.99387 94.6997
4.7443 2.90957 94.6997
4.7443 2.82527 94.6997
4.8286 2.74097 94.6997
4.8286 2.65667 94.6997
4.8286 2.57237 94.6997
4.8286 2.48807 94.6997
4.8286 2.40377 94.6997
4.9129 2.31947 94.6997
4.9129 2.23517 94.6997
4.9129 2.15087 94.6997
4.9972 2.06657 94.6997
4.9972 1.98227 94.6997
4.9972 1.89797 94.6997
4.9972 1.81367 94.6997
4.9972 1.72937 94.6997
4.9972 1.64507 94.6997
4.9972 1.56077 94.6997
4.9972 1.47647 94.6997
4.9972 1.39217 94.6997
4.9129 1.30787 94.6997
4.8286 1.22357 94.6997
4.7443 1.22357 94.6997
4.66 1.22357 94.6997
4.5757 1.22357 94.6997
4.4914 1.22357 94.6997
4.4071 1.30787 94.6997
4.3228 1.39217 94.6997
4.3228 1.47647 94.6997
4.3228 1.56077 94.6997
4.3228 1.64507 94.6997
4.3228 1.72937 94.6997
4.2385 1.81367 94.6997
4.2385 1.89797 94.6997
4.2385 1.98227 94.6997
4.1542 2.06657 94.6997
4.1542 2.15087 94.6997
4.0699 2.23517 94.6997
3.9856 2.15087 94.6997
3.9013 2.15087 94.6997
3.817 2.15087 94.6997
3.7327 2.15087 94.6997
3.6484 2.15087 94.6997
3.5641 2.23517 94.6997
3.4798 2.31947 94.6997
3.4798 2.40377 94.6997
3.4798 2.48807 94.6997
3.4798 2.57237 94.6997
3.4798 2.65667 94.6997
3.4798 2.74097 94.6997
3.4798 2.82527 94.6997
3.4798 2.90957 94.6997
3.4798 2.99387 94.6997
3.5641 3.07817 94.6997
3.5641 3.16247 94.6997
3.6484 3.24677 94.6997
3.7327 3.33107 94.6997
3.7327 3.41537 94.6997
3.817 3.49967 94.6997
3.9013 3.58397 94.6997
-3.0113 1.72937 94.6997
-3.0956 1.81367 94.6997
-3.1799 1.72937 94.6997
-3.0956 1.64507 94.6997
-3.0113 1.72937 94.6997
-2.7584 4.17407 94.4997
-2.6741 4.17407 94.4997
-2.5898 4.17407 94.4997
-2.5055 4.17407 94.4997
-2.4212 4.17407 94.4997
-2.3369 4.17407 94.4997
-2.2526 4.17407 94.4997
-2.1683 4.17407 94.4997
-2.084 4.08977 94.4997
-1.9997 4.08977 94.4997
-1.9154 4.00547 94.4997
-1.8311 4.00547 94.4997
-1.7468 3.92117 94.4997
-1.6625 3.92117 94.4997
-1.5782 3.83687 94.4997
-1.4939 3.75257 94.4997
-1.4096 3.66827 94.4997
-1.3253 3.58397 94.4997
-1.3253 3.49967 94.4997
-1.241 3.41537 94.4997
-1.241 3.33107 94.4997
-1.241 3.24677 94.4997
-1.241 3.16247 94.4997
-1.241 3.07817 94.4997
-1.241 2.99387 94.4997
-1.241 2.90957 94.4997
-1.241 2.82527 94.4997
-1.241 2.74097 94.4997
-1.241 2.65667 94.4997
-1.241 2.57237 94.4997
-1.241 2.48807 94.4997
-1.241 2.40377 94.4997
-1.241 2.31947 94.4997
-1.241 2.23517 94.4997
-1.241 2.15087 94.4997
-1.241 2.06657 94.4997
-1.241 1.98227 94.4997
-1.241 1.89797 94.4997
-1.241 1.81367 94.4997
-1.241 1.72937 94.4997
-1.241 1.64507 94.4997
-1.241 1.56077 94.4997
-1.3253 1.47647 94.4997
-1.3253 1.39217 94.4997
-1.3253 1.30787 94.4997
-1.3253 1.22357 94.4997
-1.3253 1.13927 94.4997
-1.3253 1.05497 94.4997
-1.4096 0.970671 94.4997
-1.4939 0.886372 94.4997
-1.5782 0.802071 94.4997
-1.6625 0.717772 94.4997
-1.7468 0.633471 94.4997
-1.8311 0.633471 94.4997
-1.9154 0.633471 94.4997
-1.9997 0.633471 94.4997
-2.084 0.633471 94.4997
-2.1683 0.633471 94.4997
-2.2526 0.633471 94.4997
-2.3369 0.633471 94.4997
-2.4212 0.717772 94.4997
-2.5055 0.717772 94.4997
-2.5898 0.802071 94.4997
-2.6741 0.802071 94.4997
-2.5898 0.886372 94.4997
-2.5898 0.970671 94.4997
-2.5898 1.05497 94.4997
-2.5898 1.13927 94.4997
-2.5898 1.22357 94.4997
-2.6741 1.30787 94.4997
-2.6741 1.39217 94.4997
-2.6741 1.47647 94.4997
-2.6741 1.56077 94.4997
-2.6741 1.64507 94.4997
-2.7584 1.72937 94.4997
-2.7584 1.81367 94.4997
-2.8427 1.89797 94.4997
-2.8427 1.98227 94.4997
-2.8427 2.06657 94.4997
-2.8427 2.15087 94.4997
-2.8427 2.23517 94.4997
-2.927 2.31947 94.4997
-2.927 2.40377 94.4997
-2.927 2.48807 94.4997
-2.927 2.57237 94.4997
-3.0113 2.65667 94.4997
-3.0113 2.74097 94.4997
-3.0113 2.82527 94.4997
-3.0113 2.90957 94.4997
-3.0113 2.99387 94.4997
-3.0113 3.07817 94.4997
-3.0956 3.16247 94.4997
-3.1799 3.24677 94.4997
-3.1799 3.33107 94.4997
-3.1799 3.41537 94.4997
-3.1799 3.49967 94.4997
-3.1799 3.58397 94.4997
-3.1799 3.66827 94.4997
-3.1799 3.75257 94.4997
-3.1799 3.83687 94.4997
-3.0956 3.92117 94.4997
-3.0113 4.00547 94.4997
-2.927 4.08977 94.4997
-2.8427 4.08977 94.4997
-2.7584 4.17407 94.4997
-2.084 3.24677 94.4997
-2.1683 3.33107 94.4997
-2.2526 3.24677 94.4997
-2.2526 3.16247 94.4997
-2.2526 3.07817 94.4997
-2.2526 2.99387 94.4997
-2.2526 2.90957 94.4997
-2.2526 2.82527 94.4997
-2.1683 2.74097 94.4997
-2.084 2.74097 94.4997
-1.9997 2.82527 94.4997
-1.9997 2.90957 94.4997
-1.9997 2.99387 94.4997
-1.9997 3.07817 94.4997
-1.9997 3.16247 94.4997
-2.084 3.24677 94.4997
3.9856 3.24677 94.4997
4.0699 3.24677 94.4997
4.1542 3.24677 94.4997
4.2385 3.24677 94.4997
4.3228 3.24677 94.4997
4.4071 3.16247 94.4997
4.4914 3.07817 94.4997
4.5757 2.99387 94.4997
4.66 2.90957 94.4997
4.7443 2.82527 94.4997
4.7443 2.74097 94.4997
4.8286 2.65667 94.4997
4.8286 2.57237 94.4997
4.8286 2.48807 94.4997
4.8286 2.40377 94.4997
4.9129 2.31947 94.4997
4.9972 2.23517 94.4997
4.9972 2.15087 94.4997
4.9972 2.06657 94.4997
4.9972 1.98227 94.4997
4.9972 1.89797 94.4997
4.9972 1.81367 94.4997
4.9972 1.72937 94.4997
4.9972 1.64507 94.4997
4.9972 1.56077 94.4997
4.9972 1.47647 94.4997
4.9972 1.39217 94.4997
4.9972 1.30787 94.4997
4.9129 1.22357 94.4997
4.8286 1.13927 94.4997
4.7443 1.13927 94.4997
4.66 1.13927 94.4997
4.5757 1.13927 94.4997
4.4914 1.13927 94.4997
4.4071 1.22357 94.4997
4.3228 1.13927 94.4997
4.3228 1.05497 94.4997
4.2385 0.970671 94.4997
4.1542 0.886372 94.4997
4.0699 0.886372 94.4997
3.9856 0.886372 94.4997
3.9013 0.886372 94.4997
3.817 0.886372 94.4997
3.7327 0.970671 94.4997
3.6484 1.05497 94.4997
3.5641 1.13927 94.4997
3.5641 1.22357 94.4997
3.5641 1.30787 94.4997
3.5641 1.39217 94.4997
3.4798 1.47647 94.4997
3.4798 1.56077 94.4997
3.4798 1.64507 94.4997
3.4798 1.72937 94.4997
3.4798 1.81367 94.4997
3.4798 1.89797 94.4997
3.4798 1.98227 94.4997
3.4798 2.06657 94.4997
3.4798 2.15087 94.4997
3.4798 2.23517 94.4997
3.4798 2.31947 94.4997
3.4798 2.40377 94.4997
3.4798 2.48807 94.4997
3.5641 2.57237 94.4997
3.5641 2.65667 94.4997
3.6484 2.74097 94.4997
3.6484 2.82527 94.4997
3.6484 2.90957 94.4997
3.7327 2.99387 94.4997
3.817 3.07817 94.4997
3.9013 3.16247 94.4997
3.9856 3.24677 94.4997
-3.3485 2.65667 92.0997
-3.2642 2.65667 92.0997
-3.1799 2.65667 92.0997
-3.0956 2.65667 92.0997
-3.0113 2.65667 92.0997
-2.927 2.65667 92.0997
-2.8427 2.57237 92.0997
-2.7584 2.48807 92.0997
-2.6741 2.40377 92.0997
-2.5898 2.31947 92.0997
-2.5898 2.23517 92.0997
-2.5898 2.15087 92.0997
-2.5898 2.06657 92.0997
-2.5898 1.98227 92.0997
-2.6741 1.89797 92.0997
-2.7584 1.81367 92.0997
-2.8427 1.81367 92.0997
-2.927 1.72937 92.0997
-2.927 1.64507 92.0997
-3.0113 1.56077 92.0997
-3.0113 1.47647 92.0997
-3.0113 1.39217 92.0997
-3.0956 1.30787 92.0997
-3.1799 1.22357 92.0997
-3.2642 1.13927 92.0997
-3.3485 1.13927 92.0997
-3.4328 1.13927 92.0997
-3.5171 1.13927 92.0997
-3.6014 1.13927 92.0997
-3.6857 1.22357 92.0997
-3.77 1.30787 92.0997
-3.77 1.39217 92.0997
-3.77 1.47647 92.0997
-3.77 1.56077 92.0997
-3.77 1.64507 92.0997
-3.77 1.72937 92.0997
-3.77 1.81367 92.0997
-3.6857 1.89797 92.0997
-3.6857 1.98227 92.0997
-3.6014 2.06657 92.0997
-3.6014 2.15087 92.0997
-3.6014 2.23517 92.0997
-3.6014 2.31947 92.0997
-3.5171 2.40377 92.0997
-3.5171 2.48807 92.0997
-3.4328 2.57237 92.0997
-3.3485 2.65667 92.0997
-3.0956 3.24677 92.2997
-3.0113 3.24677 92.2997
-2.927 3.24677 92.2997
-2.8427 3.24677 92.2997
-2.7584 3.24677 92.2997
-2.6741 3.16247 92.2997
-2.5898 3.07817 92.2997
-2.5055 2.99387 92.2997
-2.5055 2.90957 92.2997
-2.5055 2.82527 92.2997
-2.5055 2.74097 92.2997
-2.5055 2.65667 92.2997
-2.5898 2.57237 92.2997
-2.6741 2.48807 92.2997
-2.7584 2.40377 92.2997
-2.8427 2.31947 92.2997
-2.8427 2.23517 92.2997
-2.927 2.15087 92.2997
-3.0113 2.06657 92.2997
-3.0113 1.98227 92.2997
-3.0956 1.89797 92.2997
-3.0956 1.81367 92.2997
-3.1799 1.72937 92.2997
-3.1799 1.64507 92.2997
-3.1799 1.56077 92.2997
-3.2642 1.47647 92.2997
-3.2642 1.39217 92.2997
-3.2642 1.30787 92.2997
-3.3485 1.22357 92.2997
-3.4328 1.13927 92.2997
-3.5171 1.13927 92.2997
-3.6014 1.13927 92.2997
-3.6857 1.13927 92.2997
-3.77 1.13927 92.2997
-3.8543 1.22357 92.2997
-3.9386 1.30787 92.2997
-3.9386 1.39217 92.2997
-3.9386 1.47647 92.2997
-3.9386 1.56077 92.2997
-3.9386 1.64507 92.2997
-3.9386 1.72937 92.2997
-3.9386 1.81367 92.2997
-3.9386 1.89797 92.2997
-3.8543 1.98227 92.2997
-3.8543 2.06657 92.2997
-3.77 2.15087 92.2997
-3.77 2.23517 92.2997
-3.6857 2.31947 92.2997
-3.6857 2.40377 92.2997
-3.6857 2.48807 92.2997
-3.6014 2.57237 92.2997
-3.5171 2.65667 92.2997
-3.4328 2.74097 92.2997
-3.4328 2.82527 92.2997
-3.4328 2.90957 92.2997
-3.3485 2.99387 92.2997
-3.2642 3.07817 92.2997
-3.1799 3.16247 92.2997
-3.0956 3.24677 92.2997
