# Output from PinnacleROI.cpp
# First line is number of curves
# Second line is space-separated number of points in each curve
# Remainder are the points themselves
18
61 71 58 95 75 77 83 63 59 60 69 55 67 69 73 60 50 45 
-3.0113 0.802071 88.2998
-2.927 0.802071 88.2998
-2.8427 0.802071 88.2998
-2.7584 0.802071 88.2998
-2.6741 0.802071 88.2998
-2.5898 0.802071 88.2998
-2.5055 0.802071 88.2998
-2.4212 0.717772 88.2998
-2.3369 0.717772 88.2998
-2.2526 0.717772 88.2998
-2.1683 0.633471 88.2998
-2.084 0.633471 88.2998
-1.9997 0.633471 88.2998
-1.9154 0.633471 88.2998
-1.8311 0.633471 88.2998
-1.7468 0.549171 88.2998
-1.6625 0.549171 88.2998
-1.5782 0.549171 88.2998
-1.4939 0.549171 88.2998
-1.4096 0.549171 88.2998
-1.3253 0.549171 88.2998
-1.241 0.549171 88.2998
-1.1567 0.549171 88.2998
-1.0724 0.46487 88.2998
-0.988102 0.380571 88.2998
-0.988102 0.29627 88.2998
-0.988102 0.211971 88.2998
-0.988102 0.12767 88.2998
-0.988102 0.0433712 88.2998
-1.0724 -0.0409298 88.2998
-1.1567 -0.125229 88.2998
-1.241 -0.125229 88.2998
-1.3253 -0.125229 88.2998
-1.4096 -0.125229 88.2998
-1.4939 -0.125229 88.2998
-1.5782 -0.125229 88.2998
-1.6625 -0.125229 88.2998
-1.7468 -0.125229 88.2998
-1.8311 -0.125229 88.2998
-1.9154 -0.125229 88.2998
-1.9997 -0.125229 88.2998
-2.084 -0.125229 88.2998
-2.1683 -0.0409298 88.2998
-2.2526 -0.0409298 88.2998
-2.3369 -0.0409298 88.2998
-2.4212 -0.0409298 88.2998
-2.5055 -0.0409298 88.2998
-2.5898 0.0433712 88.2998
-2.6741 0.0433712 88.2998
-2.7584 0.0433712 88.2998
-2.8427 0.0433712 88.2998
-2.927 0.12767 88.2998
-3.0113 0.12767 88.2998
-3.0956 0.211971 88.2998
-3.1799 0.29627 88.2998
-3.1799 0.380571 88.2998
-3.1799 0.46487 88.2998
-3.1799 0.549171 88.2998
-3.1799 0.633471 88.2998
-3.0956 0.717772 88.2998
-3.0113 0.802071 88.2998
-3.0113 0.802071 88.4998
-2.927 0.802071 88.4998
-2.8427 0.802071 88.4998
-2.7584 0.802071 88.4998
-2.6741 0.802071 88.4998
-2.5898 0.717772 88.4998
-2.5055 0.717772 88.4998
-2.4212 0.633471 88.4998
-2.3369 0.633471 88.4998
-2.2526 0.549171 88.4998
-2.1683 0.549171 88.4998
-2.084 0.549171 88.4998
-1.9997 0.549171 88.4998
-1.9154 0.549171 88.4998
-1.8311 0.549171 88.4998
-1.7468 0.549171 88.4998
-1.6625 0.549171 88.4998
-1.5782 0.46487 88.4998
-1.4939 0.46487 88.4998
-1.4096 0.46487 88.4998
-1.3253 0.46487 88.4998
-1.241 0.46487 88.4998
-1.1567 0.549171 88.4998
-1.0724 0.549171 88.4998
-0.988102 0.549171 88.4998
-0.903801 0.549171 88.4998
-0.819502 0.549171 88.4998
-0.735201 0.549171 88.4998
-0.650902 0.46487 88.4998
-0.566601 0.380571 88.4998
-0.566601 0.29627 88.4998
-0.566601 0.211971 88.4998
-0.566601 0.12767 88.4998
-0.566601 0.0433712 88.4998
-0.650902 -0.0409298 88.4998
-0.735201 -0.125229 88.4998
-0.819502 -0.125229 88.4998
-0.903801 -0.20953 88.4998
-0.988102 -0.20953 88.4998
-1.0724 -0.20953 88.4998
-1.1567 -0.20953 88.4998
-1.241 -0.20953 88.4998
-1.3253 -0.20953 88.4998
-1.4096 -0.20953 88.4998
-1.4939 -0.20953 88.4998
-1.5782 -0.20953 88.4998
-1.6625 -0.20953 88.4998
-1.7468 -0.20953 88.4998
-1.8311 -0.20953 88.4998
-1.9154 -0.20953 88.4998
-1.9997 -0.125229 88.4998
-2.084 -0.125229 88.4998
-2.1683 -0.125229 88.4998
-2.2526 -0.125229 88.4998
-2.3369 -0.125229 88.4998
-2.4212 -0.125229 88.4998
-2.5055 -0.125229 88.4998
-2.5898 -0.125229 88.4998
-2.6741 -0.0409298 88.4998
-2.7584 -0.0409298 88.4998
-2.8427 0.0433712 88.4998
-2.927 0.0433712 88.4998
-3.0113 0.12767 88.4998
-3.0956 0.211971 88.4998
-3.1799 0.29627 88.4998
-3.1799 0.380571 88.4998
-3.1799 0.46487 88.4998
-3.1799 0.549171 88.4998
-3.1799 0.633471 88.4998
-3.0956 0.717772 88.4998
-3.0113 0.802071 88.4998
4.0699 0.380571 88.4998
4.1542 0.380571 88.4998
4.2385 0.380571 88.4998
4.3228 0.380571 88.4998
4.4071 0.380571 88.4998
4.4914 0.29627 88.4998
4.5757 0.29627 88.4998
4.66 0.29627 88.4998
4.7443 0.29627 88.4998
4.8286 0.29627 88.4998
4.9129 0.29627 88.4998
4.9972 0.29627 88.4998
5.0815 0.29627 88.4998
5.1658 0.29627 88.4998
5.2501 0.29627 88.4998
5.3344 0.29627 88.4998
5.4187 0.29627 88.4998
5.503 0.29627 88.4998
5.5873 0.211971 88.4998
5.6716 0.12767 88.4998
5.7559 0.0433712 88.4998
5.7559 -0.0409298 88.4998
5.7559 -0.125229 88.4998
5.7559 -0.20953 88.4998
5.7559 -0.293829 88.4998
5.6716 -0.37813 88.4998
5.5873 -0.462429 88.4998
5.503 -0.462429 88.4998
5.4187 -0.462429 88.4998
5.3344 -0.462429 88.4998
5.2501 -0.462429 88.4998
5.1658 -0.462429 88.4998
5.0815 -0.37813 88.4998
4.9972 -0.37813 88.4998
4.9129 -0.37813 88.4998
4.8286 -0.37813 88.4998
4.7443 -0.37813 88.4998
4.66 -0.37813 88.4998
4.5757 -0.37813 88.4998
4.4914 -0.37813 88.4998
4.4071 -0.37813 88.4998
4.3228 -0.37813 88.4998
4.2385 -0.462429 88.4998
4.1542 -0.462429 88.4998
4.0699 -0.462429 88.4998
3.9856 -0.462429 88.4998
3.9013 -0.462429 88.4998
3.817 -0.37813 88.4998
3.7327 -0.293829 88.4998
3.7327 -0.20953 88.4998
3.7327 -0.125229 88.4998
3.7327 -0.0409298 88.4998
3.7327 0.0433712 88.4998
3.7327 0.12767 88.4998
3.817 0.211971 88.4998
3.9013 0.29627 88.4998
3.9856 0.29627 88.4998
4.0699 0.380571 88.4998
-3.4328 0.549171 88.6998
-3.3485 0.549171 88.6998
-3.2642 0.549171 88.6998
-3.1799 0.549171 88.6998
-3.0956 0.549171 88.6998
-3.0113 0.549171 88.6998
-2.927 0.549171 88.6998
-2.8427 0.549171 88.6998
-2.7584 0.549171 88.6998
-2.6741 0.46487 88.6998
-2.5898 0.46487 88.6998
-2.5055 0.380571 88.6998
-2.4212 0.380571 88.6998
-2.3369 0.380571 88.6998
-2.2526 0.380571 88.6998
-2.1683 0.380571 88.6998
-2.084 0.380571 88.6998
-1.9997 0.29627 88.6998
-1.9154 0.29627 88.6998
-1.8311 0.29627 88.6998
-1.7468 0.29627 88.6998
-1.6625 0.29627 88.6998
-1.5782 0.29627 88.6998
-1.4939 0.29627 88.6998
-1.4096 0.29627 88.6998
-1.3253 0.29627 88.6998
-1.241 0.29627 88.6998
-1.1567 0.29627 88.6998
-1.0724 0.29627 88.6998
-0.988102 0.29627 88.6998
-0.903801 0.29627 88.6998
-0.819502 0.29627 88.6998
-0.735201 0.29627 88.6998
-0.650902 0.29627 88.6998
-0.566601 0.29627 88.6998
-0.482302 0.29627 88.6998
-0.398003 0.29627 88.6998
-0.313702 0.29627 88.6998
-0.229403 0.29627 88.6998
-0.145102 0.29627 88.6998
-0.0608025 0.211971 88.6998
0.0234985 0.12767 88.6998
0.0234985 0.0433712 88.6998
0.0234985 -0.0409298 88.6998
0.0234985 -0.125229 88.6998
0.0234985 -0.20953 88.6998
-0.0608025 -0.293829 88.6998
-0.145102 -0.37813 88.6998
-0.229403 -0.37813 88.6998
-0.313702 -0.37813 88.6998
-0.398003 -0.37813 88.6998
-0.482302 -0.37813 88.6998
-0.566601 -0.37813 88.6998
-0.650902 -0.37813 88.6998
-0.735201 -0.37813 88.6998
-0.819502 -0.37813 88.6998
-0.903801 -0.37813 88.6998
-0.988102 -0.37813 88.6998
-1.0724 -0.37813 88.6998
-1.1567 -0.37813 88.6998
-1.241 -0.37813 88.6998
-1.3253 -0.37813 88.6998
-1.4096 -0.37813 88.6998
-1.4939 -0.37813 88.6998
-1.5782 -0.37813 88.6998
-1.6625 -0.37813 88.6998
-1.7468 -0.37813 88.6998
-1.8311 -0.37813 88.6998
-1.9154 -0.37813 88.6998
-1.9997 -0.37813 88.6998
-2.084 -0.37813 88.6998
-2.1683 -0.37813 88.6998
-2.2526 -0.37813 88.6998
-2.3369 -0.37813 88.6998
-2.4212 -0.293829 88.6998
-2.5055 -0.293829 88.6998
-2.5898 -0.293829 88.6998
-2.6741 -0.293829 88.6998
-2.7584 -0.293829 88.6998
-2.8427 -0.293829 88.6998
-2.927 -0.20953 88.6998
-3.0113 -0.20953 88.6998
-3.0956 -0.125229 88.6998
-3.1799 -0.125229 88.6998
-3.2642 -0.125229 88.6998
-3.3485 -0.125229 88.6998
-3.4328 -0.125229 88.6998
-3.5171 -0.0409298 88.6998
-3.6014 0.0433712 88.6998
-3.6014 0.12767 88.6998
-3.6014 0.211971 88.6998
-3.6014 0.29627 88.6998
-3.6014 0.380571 88.6998
-3.5171 0.46487 88.6998
-3.4328 0.549171 88.6998
3.9013 0.211971 88.6998
3.9856 0.211971 88.6998
4.0699 0.211971 88.6998
4.1542 0.211971 88.6998
4.2385 0.211971 88.6998
4.3228 0.211971 88.6998
4.4071 0.211971 88.6998
4.4914 0.211971 88.6998
4.5757 0.211971 88.6998
4.66 0.211971 88.6998
4.7443 0.211971 88.6998
4.8286 0.12767 88.6998
4.9129 0.12767 88.6998
4.9972 0.12767 88.6998
5.0815 0.12767 88.6998
5.1658 0.12767 88.6998
5.2501 0.12767 88.6998
5.3344 0.12767 88.6998
5.4187 0.211971 88.6998
5.503 0.211971 88.6998
5.5873 0.211971 88.6998
5.6716 0.211971 88.6998
5.7559 0.211971 88.6998
5.8402 0.12767 88.6998
5.9245 0.12767 88.6998
6.0088 0.0433712 88.6998
6.0931 -0.0409298 88.6998
6.0931 -0.125229 88.6998
6.0931 -0.20953 88.6998
6.0931 -0.293829 88.6998
6.0931 -0.37813 88.6998
6.0088 -0.462429 88.6998
5.9245 -0.54673 88.6998
5.8402 -0.54673 88.6998
5.7559 -0.631029 88.6998
5.6716 -0.631029 88.6998
5.5873 -0.71533 88.6998
5.503 -0.799629 88.6998
5.4187 -0.799629 88.6998
5.3344 -0.88393 88.6998
5.2501 -0.88393 88.6998
5.1658 -0.88393 88.6998
5.0815 -0.88393 88.6998
4.9972 -0.88393 88.6998
4.9129 -0.88393 88.6998
4.8286 -0.88393 88.6998
4.7443 -0.799629 88.6998
4.66 -0.799629 88.6998
4.5757 -0.799629 88.6998
4.4914 -0.71533 88.6998
4.4071 -0.71533 88.6998
4.3228 -0.71533 88.6998
4.2385 -0.71533 88.6998
4.1542 -0.631029 88.6998
4.0699 -0.631029 88.6998
3.9856 -0.631029 88.6998
3.9013 -0.631029 88.6998
3.817 -0.631029 88.6998
3.7327 -0.54673 88.6998
3.6484 -0.54673 88.6998
3.5641 -0.54673 88.6998
3.4798 -0.54673 88.6998
3.3955 -0.462429 88.6998
3.3112 -0.37813 88.6998
3.3112 -0.293829 88.6998
3.3112 -0.20953 88.6998
3.3112 -0.125229 88.6998
3.3112 -0.0409298 88.6998
3.3955 0.0433712 88.6998
3.4798 0.12767 88.6998
3.5641 0.12767 88.6998
3.6484 0.12767 88.6998
3.7327 0.12767 88.6998
3.817 0.12767 88.6998
3.9013 0.211971 88.6998
3.1426 0.380571 88.8998
3.2269 0.380571 88.8998
3.3112 0.380571 88.8998
3.3955 0.380571 88.8998
3.4798 0.380571 88.8998
3.5641 0.380571 88.8998
3.6484 0.380571 88.8998
3.7327 0.380571 88.8998
3.817 0.29627 88.8998
3.9013 0.29627 88.8998
3.9856 0.211971 88.8998
4.0699 0.211971 88.8998
4.1542 0.211971 88.8998
4.2385 0.12767 88.8998
4.3228 0.0433712 88.8998
4.4071 0.0433712 88.8998
4.4914 0.0433712 88.8998
4.5757 -0.0409298 88.8998
4.66 -0.0409298 88.8998
4.7443 -0.0409298 88.8998
4.8286 -0.125229 88.8998
4.9129 -0.125229 88.8998
4.9972 -0.20953 88.8998
5.0815 -0.20953 88.8998
5.1658 -0.20953 88.8998
5.2501 -0.20953 88.8998
5.3344 -0.20953 88.8998
5.4187 -0.20953 88.8998
5.503 -0.20953 88.8998
5.5873 -0.20953 88.8998
5.6716 -0.20953 88.8998
5.7559 -0.293829 88.8998
5.8402 -0.37813 88.8998
5.8402 -0.462429 88.8998
5.8402 -0.54673 88.8998
5.8402 -0.631029 88.8998
5.8402 -0.71533 88.8998
5.7559 -0.799629 88.8998
5.6716 -0.88393 88.8998
5.5873 -0.88393 88.8998
5.503 -0.88393 88.8998
5.4187 -0.88393 88.8998
5.3344 -0.88393 88.8998
5.2501 -0.88393 88.8998
5.1658 -0.88393 88.8998
5.0815 -0.88393 88.8998
4.9972 -0.88393 88.8998
4.9129 -0.88393 88.8998
4.8286 -0.88393 88.8998
4.7443 -0.88393 88.8998
4.66 -0.88393 88.8998
4.5757 -0.799629 88.8998
4.4914 -0.799629 88.8998
4.4071 -0.71533 88.8998
4.3228 -0.71533 88.8998
4.2385 -0.71533 88.8998
4.1542 -0.631029 88.8998
4.0699 -0.631029 88.8998
3.9856 -0.631029 88.8998
3.9013 -0.54673 88.8998
3.817 -0.462429 88.8998
3.7327 -0.462429 88.8998
3.6484 -0.462429 88.8998
3.5641 -0.37813 88.8998
3.4798 -0.37813 88.8998
3.3955 -0.293829 88.8998
3.3112 -0.293829 88.8998
3.2269 -0.293829 88.8998
3.1426 -0.293829 88.8998
3.0583 -0.20953 88.8998
2.974 -0.125229 88.8998
2.974 -0.0409298 88.8998
2.974 0.0433712 88.8998
2.974 0.12767 88.8998
2.974 0.211971 88.8998
3.0583 0.29627 88.8998
3.1426 0.380571 88.8998
-2.8427 0.29627 88.8998
-2.7584 0.29627 88.8998
-2.6741 0.29627 88.8998
-2.5898 0.29627 88.8998
-2.5055 0.29627 88.8998
-2.4212 0.29627 88.8998
-2.3369 0.29627 88.8998
-2.2526 0.29627 88.8998
-2.1683 0.29627 88.8998
-2.084 0.29627 88.8998
-1.9997 0.29627 88.8998
-1.9154 0.29627 88.8998
-1.8311 0.29627 88.8998
-1.7468 0.29627 88.8998
-1.6625 0.29627 88.8998
-1.5782 0.29627 88.8998
-1.4939 0.29627 88.8998
-1.4096 0.211971 88.8998
-1.3253 0.211971 88.8998
-1.241 0.211971 88.8998
-1.1567 0.211971 88.8998
-1.0724 0.211971 88.8998
-0.988102 0.211971 88.8998
-0.903801 0.211971 88.8998
-0.819502 0.211971 88.8998
-0.735201 0.211971 88.8998
-0.650902 0.211971 88.8998
-0.566601 0.12767 88.8998
-0.482302 0.12767 88.8998
-0.398003 0.0433712 88.8998
-0.313702 0.0433712 88.8998
-0.229403 0.0433712 88.8998
-0.145102 0.0433712 88.8998
-0.0608025 -0.0409298 88.8998
0.0234985 -0.125229 88.8998
0.0234985 -0.20953 88.8998
0.0234985 -0.293829 88.8998
0.0234985 -0.37813 88.8998
-0.0608025 -0.37813 88.8998
-0.145102 -0.462429 88.8998
-0.229403 -0.54673 88.8998
-0.313702 -0.54673 88.8998
-0.398003 -0.631029 88.8998
-0.482302 -0.71533 88.8998
-0.566601 -0.71533 88.8998
-0.650902 -0.799629 88.8998
-0.735201 -0.799629 88.8998
-0.819502 -0.88393 88.8998
-0.903801 -0.88393 88.8998
-0.988102 -0.88393 88.8998
-1.0724 -0.88393 88.8998
-1.1567 -0.88393 88.8998
-1.241 -0.88393 88.8998
-1.3253 -0.88393 88.8998
-1.4096 -0.88393 88.8998
-1.4939 -0.88393 88.8998
-1.5782 -0.88393 88.8998
-1.6625 -0.88393 88.8998
-1.7468 -0.88393 88.8998
-1.8311 -0.88393 88.8998
-1.9154 -0.88393 88.8998
-1.9997 -0.88393 88.8998
-2.084 -0.88393 88.8998
-2.1683 -0.88393 88.8998
-2.2526 -0.88393 88.8998
-2.3369 -0.799629 88.8998
-2.4212 -0.799629 88.8998
-2.5055 -0.71533 88.8998
-2.5898 -0.71533 88.8998
-2.6741 -0.631029 88.8998
-2.7584 -0.631029 88.8998
-2.8427 -0.631029 88.8998
-2.927 -0.54673 88.8998
-3.0113 -0.462429 88.8998
-3.0113 -0.37813 88.8998
-3.0113 -0.293829 88.8998
-3.0113 -0.20953 88.8998
-3.0113 -0.125229 88.8998
-3.0113 -0.0409298 88.8998
-3.0113 0.0433712 88.8998
-3.0113 0.12767 88.8998
-2.927 0.211971 88.8998
-2.8427 0.29627 88.8998
-0.903801 0.549171 89.4998
-0.819502 0.549171 89.4998
-0.735201 0.549171 89.4998
-0.650902 0.549171 89.4998
-0.566601 0.549171 89.4998
-0.482302 0.549171 89.4998
-0.398003 0.46487 89.4998
-0.313702 0.380571 89.4998
-0.313702 0.29627 89.4998
-0.313702 0.211971 89.4998
-0.313702 0.12767 89.4998
-0.313702 0.0433712 89.4998
-0.398003 -0.0409298 89.4998
-0.482302 -0.125229 89.4998
-0.566601 -0.20953 89.4998
-0.650902 -0.20953 89.4998
-0.735201 -0.293829 89.4998
-0.819502 -0.293829 89.4998
-0.903801 -0.37813 89.4998
-0.988102 -0.37813 89.4998
-1.0724 -0.37813 89.4998
-1.1567 -0.37813 89.4998
-1.241 -0.37813 89.4998
-1.3253 -0.462429 89.4998
-1.4096 -0.462429 89.4998
-1.4939 -0.54673 89.4998
-1.5782 -0.54673 89.4998
-1.6625 -0.54673 89.4998
-1.7468 -0.631029 89.4998
-1.8311 -0.631029 89.4998
-1.9154 -0.631029 89.4998
-1.9997 -0.631029 89.4998
-2.084 -0.631029 89.4998
-2.1683 -0.631029 89.4998
-2.2526 -0.631029 89.4998
-2.3369 -0.631029 89.4998
-2.4212 -0.631029 89.4998
-2.5055 -0.54673 89.4998
-2.5898 -0.462429 89.4998
-2.5898 -0.37813 89.4998
-2.5898 -0.293829 89.4998
-2.5898 -0.20953 89.4998
-2.5898 -0.125229 89.4998
-2.5055 -0.0409298 89.4998
-2.4212 0.0433712 89.4998
-2.3369 0.0433712 89.4998
-2.2526 0.0433712 89.4998
-2.1683 0.0433712 89.4998
-2.084 0.0433712 89.4998
-1.9997 0.12767 89.4998
-1.9154 0.12767 89.4998
-1.8311 0.12767 89.4998
-1.7468 0.211971 89.4998
-1.6625 0.211971 89.4998
-1.5782 0.29627 89.4998
-1.4939 0.29627 89.4998
-1.4096 0.29627 89.4998
-1.3253 0.29627 89.4998
-1.241 0.29627 89.4998
-1.1567 0.380571 89.4998
-1.0724 0.380571 89.4998
-0.988102 0.46487 89.4998
-0.903801 0.549171 89.4998
3.3955 0.549171 89.4998
3.4798 0.549171 89.4998
3.5641 0.549171 89.4998
3.6484 0.549171 89.4998
3.7327 0.549171 89.4998
3.817 0.549171 89.4998
3.9013 0.549171 89.4998
3.9856 0.549171 89.4998
4.0699 0.549171 89.4998
4.1542 0.549171 89.4998
4.2385 0.549171 89.4998
4.3228 0.549171 89.4998
4.4071 0.549171 89.4998
4.4914 0.549171 89.4998
4.5757 0.46487 89.4998
4.66 0.46487 89.4998
4.7443 0.46487 89.4998
4.8286 0.46487 89.4998
4.9129 0.46487 89.4998
4.9972 0.46487 89.4998
5.0815 0.46487 89.4998
5.1658 0.46487 89.4998
5.2501 0.380571 89.4998
5.3344 0.29627 89.4998
5.3344 0.211971 89.4998
5.3344 0.12767 89.4998
5.3344 0.0433712 89.4998
5.3344 -0.0409298 89.4998
5.2501 -0.125229 89.4998
5.1658 -0.20953 89.4998
5.0815 -0.20953 89.4998
4.9972 -0.20953 89.4998
4.9129 -0.20953 89.4998
4.8286 -0.20953 89.4998
4.7443 -0.20953 89.4998
4.66 -0.20953 89.4998
4.5757 -0.20953 89.4998
4.4914 -0.20953 89.4998
4.4071 -0.20953 89.4998
4.3228 -0.20953 89.4998
4.2385 -0.20953 89.4998
4.1542 -0.125229 89.4998
4.0699 -0.125229 89.4998
3.9856 -0.125229 89.4998
3.9013 -0.125229 89.4998
3.817 -0.125229 89.4998
3.7327 -0.125229 89.4998
3.6484 -0.125229 89.4998
3.5641 -0.125229 89.4998
3.4798 -0.125229 89.4998
3.3955 -0.125229 89.4998
3.3112 -0.0409298 89.4998
3.2269 0.0433712 89.4998
3.2269 0.12767 89.4998
3.2269 0.211971 89.4998
3.2269 0.29627 89.4998
3.2269 0.380571 89.4998
3.3112 0.46487 89.4998
3.3955 0.549171 89.4998
3.7327 0.46487 89.0998
3.817 0.46487 89.0998
3.9013 0.46487 89.0998
3.9856 0.46487 89.0998
4.0699 0.46487 89.0998
4.1542 0.380571 89.0998
4.2385 0.380571 89.0998
4.3228 0.380571 89.0998
4.4071 0.380571 89.0998
4.4914 0.380571 89.0998
4.5757 0.380571 89.0998
4.66 0.380571 89.0998
4.7443 0.380571 89.0998
4.8286 0.380571 89.0998
4.9129 0.380571 89.0998
4.9972 0.380571 89.0998
5.0815 0.380571 89.0998
5.1658 0.380571 89.0998
5.2501 0.380571 89.0998
5.3344 0.380571 89.0998
5.4187 0.380571 89.0998
5.503 0.380571 89.0998
5.5873 0.29627 89.0998
5.6716 0.211971 89.0998
5.6716 0.12767 89.0998
5.6716 0.0433712 89.0998
5.6716 -0.0409298 89.0998
5.6716 -0.125229 89.0998
5.5873 -0.20953 89.0998
5.503 -0.293829 89.0998
5.4187 -0.293829 89.0998
5.3344 -0.293829 89.0998
5.2501 -0.293829 89.0998
5.1658 -0.293829 89.0998
5.0815 -0.293829 89.0998
4.9972 -0.293829 89.0998
4.9129 -0.293829 89.0998
4.8286 -0.293829 89.0998
4.7443 -0.293829 89.0998
4.66 -0.293829 89.0998
4.5757 -0.293829 89.0998
4.4914 -0.293829 89.0998
4.4071 -0.293829 89.0998
4.3228 -0.293829 89.0998
4.2385 -0.293829 89.0998
4.1542 -0.293829 89.0998
4.0699 -0.293829 89.0998
3.9856 -0.293829 89.0998
3.9013 -0.293829 89.0998
3.817 -0.293829 89.0998
3.7327 -0.293829 89.0998
3.6484 -0.20953 89.0998
3.5641 -0.125229 89.0998
3.5641 -0.0409298 89.0998
3.5641 0.0433712 89.0998
3.5641 0.12767 89.0998
3.5641 0.211971 89.0998
3.5641 0.29627 89.0998
3.6484 0.380571 89.0998
3.7327 0.46487 89.0998
-3.0113 0.380571 89.0998
-2.927 0.380571 89.0998
-2.8427 0.380571 89.0998
-2.7584 0.380571 89.0998
-2.6741 0.380571 89.0998
-2.5898 0.380571 89.0998
-2.5055 0.380571 89.0998
-2.4212 0.380571 89.0998
-2.3369 0.380571 89.0998
-2.2526 0.380571 89.0998
-2.1683 0.29627 89.0998
-2.084 0.29627 89.0998
-1.9997 0.211971 89.0998
-1.9154 0.211971 89.0998
-1.8311 0.211971 89.0998
-1.7468 0.29627 89.0998
-1.6625 0.380571 89.0998
-1.5782 0.380571 89.0998
-1.4939 0.380571 89.0998
-1.4096 0.380571 89.0998
-1.3253 0.380571 89.0998
-1.241 0.380571 89.0998
-1.1567 0.380571 89.0998
-1.0724 0.380571 89.0998
-0.988102 0.29627 89.0998
-0.903801 0.211971 89.0998
-0.903801 0.12767 89.0998
-0.903801 0.0433712 89.0998
-0.903801 -0.0409298 89.0998
-0.903801 -0.125229 89.0998
-0.988102 -0.20953 89.0998
-0.988102 -0.293829 89.0998
-0.988102 -0.37813 89.0998
-0.988102 -0.462429 89.0998
-0.988102 -0.54673 89.0998
-0.988102 -0.631029 89.0998
-1.0724 -0.71533 89.0998
-1.1567 -0.799629 89.0998
-1.241 -0.799629 89.0998
-1.3253 -0.799629 89.0998
-1.4096 -0.799629 89.0998
-1.4939 -0.799629 89.0998
-1.5782 -0.799629 89.0998
-1.6625 -0.799629 89.0998
-1.7468 -0.799629 89.0998
-1.8311 -0.799629 89.0998
-1.9154 -0.799629 89.0998
-1.9997 -0.799629 89.0998
-2.084 -0.799629 89.0998
-2.1683 -0.799629 89.0998
-2.2526 -0.799629 89.0998
-2.3369 -0.799629 89.0998
-2.4212 -0.71533 89.0998
-2.5055 -0.71533 89.0998
-2.5898 -0.71533 89.0998
-2.6741 -0.631029 89.0998
-2.7584 -0.631029 89.0998
-2.8427 -0.54673 89.0998
-2.927 -0.462429 89.0998
-3.0113 -0.37813 89.0998
-3.0956 -0.293829 89.0998
-3.0956 -0.20953 89.0998
-3.1799 -0.125229 89.0998
-3.1799 -0.0409298 89.0998
-3.1799 0.0433712 89.0998
-3.1799 0.12767 89.0998
-3.1799 0.211971 89.0998
-3.0956 0.29627 89.0998
-3.0113 0.380571 89.0998
3.817 0.549171 89.2998
3.9013 0.549171 89.2998
3.9856 0.549171 89.2998
4.0699 0.549171 89.2998
4.1542 0.549171 89.2998
4.2385 0.549171 89.2998
4.3228 0.549171 89.2998
4.4071 0.549171 89.2998
4.4914 0.549171 89.2998
4.5757 0.549171 89.2998
4.66 0.549171 89.2998
4.7443 0.549171 89.2998
4.8286 0.549171 89.2998
4.9129 0.549171 89.2998
4.9972 0.549171 89.2998
5.0815 0.46487 89.2998
5.1658 0.46487 89.2998
5.2501 0.380571 89.2998
5.3344 0.380571 89.2998
5.4187 0.380571 89.2998
5.503 0.29627 89.2998
5.5873 0.211971 89.2998
5.5873 0.12767 89.2998
5.5873 0.0433712 89.2998
5.5873 -0.0409298 89.2998
5.5873 -0.125229 89.2998
5.503 -0.20953 89.2998
5.4187 -0.293829 89.2998
5.3344 -0.293829 89.2998
5.2501 -0.293829 89.2998
5.1658 -0.293829 89.2998
5.0815 -0.293829 89.2998
4.9972 -0.293829 89.2998
4.9129 -0.293829 89.2998
4.8286 -0.20953 89.2998
4.7443 -0.20953 89.2998
4.66 -0.125229 89.2998
4.5757 -0.125229 89.2998
4.4914 -0.125229 89.2998
4.4071 -0.125229 89.2998
4.3228 -0.125229 89.2998
4.2385 -0.125229 89.2998
4.1542 -0.125229 89.2998
4.0699 -0.125229 89.2998
3.9856 -0.125229 89.2998
3.9013 -0.125229 89.2998
3.817 -0.125229 89.2998
3.7327 -0.0409298 89.2998
3.6484 0.0433712 89.2998
3.6484 0.12767 89.2998
3.6484 0.211971 89.2998
3.6484 0.29627 89.2998
3.6484 0.380571 89.2998
3.7327 0.46487 89.2998
3.817 0.549171 89.2998
-2.2526 0.211971 89.2998
-2.1683 0.211971 89.2998
-2.084 0.211971 89.2998
-1.9997 0.211971 89.2998
-1.9154 0.211971 89.2998
-1.8311 0.211971 89.2998
-1.7468 0.211971 89.2998
-1.6625 0.211971 89.2998
-1.5782 0.211971 89.2998
-1.4939 0.211971 89.2998
-1.4096 0.211971 89.2998
-1.3253 0.211971 89.2998
-1.241 0.211971 89.2998
-1.1567 0.12767 89.2998
-1.0724 0.0433712 89.2998
-0.988102 0.0433712 89.2998
-0.903801 0.0433712 89.2998
-0.819502 0.0433712 89.2998
-0.735201 0.0433712 89.2998
-0.650902 0.0433712 89.2998
-0.566601 0.0433712 89.2998
-0.482302 0.0433712 89.2998
-0.398003 0.0433712 89.2998
-0.313702 -0.0409298 89.2998
-0.229403 -0.125229 89.2998
-0.229403 -0.20953 89.2998
-0.229403 -0.293829 89.2998
-0.229403 -0.37813 89.2998
-0.229403 -0.462429 89.2998
-0.313702 -0.54673 89.2998
-0.398003 -0.631029 89.2998
-0.482302 -0.631029 89.2998
-0.566601 -0.631029 89.2998
-0.650902 -0.631029 89.2998
-0.735201 -0.631029 89.2998
-0.819502 -0.631029 89.2998
-0.903801 -0.631029 89.2998
-0.988102 -0.631029 89.2998
-1.0724 -0.631029 89.2998
-1.1567 -0.631029 89.2998
-1.241 -0.631029 89.2998
-1.3253 -0.631029 89.2998
-1.4096 -0.631029 89.2998
-1.4939 -0.631029 89.2998
-1.5782 -0.631029 89.2998
-1.6625 -0.631029 89.2998
-1.7468 -0.631029 89.2998
-1.8311 -0.631029 89.2998
-1.9154 -0.631029 89.2998
-1.9997 -0.631029 89.2998
-2.084 -0.631029 89.2998
-2.1683 -0.631029 89.2998
-2.2526 -0.631029 89.2998
-2.3369 -0.631029 89.2998
-2.4212 -0.631029 89.2998
-2.5055 -0.631029 89.2998
-2.5898 -0.54673 89.2998
-2.6741 -0.462429 89.2998
-2.6741 -0.37813 89.2998
-2.6741 -0.293829 89.2998
-2.6741 -0.20953 89.2998
-2.6741 -0.125229 89.2998
-2.5898 -0.0409298 89.2998
-2.5055 0.0433712 89.2998
-2.4212 0.0433712 89.2998
-2.3369 0.12767 89.2998
-2.2526 0.211971 89.2998
-1.241 0.29627 89.8997
-1.1567 0.29627 89.8997
-1.0724 0.29627 89.8997
-0.988102 0.29627 89.8997
-0.903801 0.29627 89.8997
-0.819502 0.29627 89.8997
-0.735201 0.29627 89.8997
-0.650902 0.29627 89.8997
-0.566601 0.29627 89.8997
-0.482302 0.29627 89.8997
-0.398003 0.29627 89.8997
-0.313702 0.29627 89.8997
-0.229403 0.29627 89.8997
-0.145102 0.29627 89.8997
-0.0608025 0.211971 89.8997
0.0234985 0.12767 89.8997
0.0234985 0.0433712 89.8997
0.0234985 -0.0409298 89.8997
0.0234985 -0.125229 89.8997
0.0234985 -0.20953 89.8997
-0.0608025 -0.293829 89.8997
-0.145102 -0.37813 89.8997
-0.229403 -0.37813 89.8997
-0.313702 -0.37813 89.8997
-0.398003 -0.37813 89.8997
-0.482302 -0.37813 89.8997
-0.566601 -0.37813 89.8997
-0.650902 -0.37813 89.8997
-0.735201 -0.37813 89.8997
-0.819502 -0.37813 89.8997
-0.903801 -0.37813 89.8997
-0.988102 -0.462429 89.8997
-1.0724 -0.462429 89.8997
-1.1567 -0.462429 89.8997
-1.241 -0.462429 89.8997
-1.3253 -0.462429 89.8997
-1.4096 -0.462429 89.8997
-1.4939 -0.462429 89.8997
-1.5782 -0.462429 89.8997
-1.6625 -0.462429 89.8997
-1.7468 -0.462429 89.8997
-1.8311 -0.462429 89.8997
-1.9154 -0.462429 89.8997
-1.9997 -0.462429 89.8997
-2.084 -0.462429 89.8997
-2.1683 -0.462429 89.8997
-2.2526 -0.462429 89.8997
-2.3369 -0.462429 89.8997
-2.4212 -0.37813 89.8997
-2.5055 -0.293829 89.8997
-2.5055 -0.20953 89.8997
-2.5055 -0.125229 89.8997
-2.5055 -0.0409298 89.8997
-2.5055 0.0433712 89.8997
-2.4212 0.12767 89.8997
-2.3369 0.211971 89.8997
-2.2526 0.211971 89.8997
-2.1683 0.211971 89.8997
-2.084 0.211971 89.8997
-1.9997 0.211971 89.8997
-1.9154 0.211971 89.8997
-1.8311 0.211971 89.8997
-1.7468 0.211971 89.8997
-1.6625 0.211971 89.8997
-1.5782 0.211971 89.8997
-1.4939 0.211971 89.8997
-1.4096 0.211971 89.8997
-1.3253 0.211971 89.8997
-1.241 0.29627 89.8997
-0.229403 0.886372 90.0997
-0.145102 0.886372 90.0997
-0.0608025 0.886372 90.0997
0.0234985 0.886372 90.0997
0.107798 0.886372 90.0997
0.192099 0.886372 90.0997
0.276398 0.802071 90.0997
0.360699 0.717772 90.0997
0.360699 0.633471 90.0997
0.360699 0.549171 90.0997
0.360699 0.46487 90.0997
0.360699 0.380571 90.0997
0.276398 0.29627 90.0997
0.192099 0.211971 90.0997
0.107798 0.12767 90.0997
0.0234985 0.12767 90.0997
-0.0608025 0.12767 90.0997
-0.145102 0.12767 90.0997
-0.229403 0.12767 90.0997
-0.313702 0.0433712 90.0997
-0.398003 -0.0409298 90.0997
-0.482302 -0.0409298 90.0997
-0.566601 -0.125229 90.0997
-0.650902 -0.20953 90.0997
-0.735201 -0.20953 90.0997
-0.819502 -0.293829 90.0997
-0.903801 -0.293829 90.0997
-0.988102 -0.293829 90.0997
-1.0724 -0.293829 90.0997
-1.1567 -0.293829 90.0997
-1.241 -0.293829 90.0997
-1.3253 -0.37813 90.0997
-1.4096 -0.37813 90.0997
-1.4939 -0.37813 90.0997
-1.5782 -0.37813 90.0997
-1.6625 -0.37813 90.0997
-1.7468 -0.37813 90.0997
-1.8311 -0.37813 90.0997
-1.9154 -0.37813 90.0997
-1.9997 -0.37813 90.0997
-2.084 -0.37813 90.0997
-2.1683 -0.37813 90.0997
-2.2526 -0.293829 90.0997
-2.3369 -0.20953 90.0997
-2.3369 -0.125229 90.0997
-2.3369 -0.0409298 90.0997
-2.3369 0.0433712 90.0997
-2.3369 0.12767 90.0997
-2.2526 0.211971 90.0997
-2.1683 0.29627 90.0997
-2.084 0.29627 90.0997
-1.9997 0.29627 90.0997
-1.9154 0.29627 90.0997
-1.8311 0.29627 90.0997
-1.7468 0.29627 90.0997
-1.6625 0.29627 90.0997
-1.5782 0.380571 90.0997
-1.4939 0.380571 90.0997
-1.4096 0.380571 90.0997
-1.3253 0.380571 90.0997
-1.241 0.380571 90.0997
-1.1567 0.380571 90.0997
-1.0724 0.46487 90.0997
-0.988102 0.46487 90.0997
-0.903801 0.549171 90.0997
-0.819502 0.633471 90.0997
-0.735201 0.633471 90.0997
-0.650902 0.717772 90.0997
-0.566601 0.802071 90.0997
-0.482302 0.802071 90.0997
-0.398003 0.802071 90.0997
-0.313702 0.802071 90.0997
-0.229403 0.886372 90.0997
-0.650902 0.717772 90.2997
-0.566601 0.717772 90.2997
-0.482302 0.717772 90.2997
-0.398003 0.717772 90.2997
-0.313702 0.717772 90.2997
-0.229403 0.633471 90.2997
-0.145102 0.549171 90.2997
-0.145102 0.46487 90.2997
-0.145102 0.380571 90.2997
-0.145102 0.29627 90.2997
-0.145102 0.211971 90.2997
-0.145102 0.12767 90.2997
-0.229403 0.0433712 90.2997
-0.313702 -0.0409298 90.2997
-0.398003 -0.0409298 90.2997
-0.482302 -0.125229 90.2997
-0.566601 -0.125229 90.2997
-0.650902 -0.20953 90.2997
-0.735201 -0.20953 90.2997
-0.819502 -0.293829 90.2997
-0.903801 -0.293829 90.2997
-0.988102 -0.293829 90.2997
-1.0724 -0.37813 90.2997
-1.1567 -0.37813 90.2997
-1.241 -0.37813 90.2997
-1.3253 -0.37813 90.2997
-1.4096 -0.37813 90.2997
-1.4939 -0.462429 90.2997
-1.5782 -0.462429 90.2997
-1.6625 -0.462429 90.2997
-1.7468 -0.462429 90.2997
-1.8311 -0.462429 90.2997
-1.9154 -0.462429 90.2997
-1.9997 -0.462429 90.2997
-2.084 -0.462429 90.2997
-2.1683 -0.37813 90.2997
-2.2526 -0.293829 90.2997
-2.2526 -0.20953 90.2997
-2.2526 -0.125229 90.2997
-2.2526 -0.0409298 90.2997
-2.2526 0.0433712 90.2997
-2.1683 0.12767 90.2997
-2.084 0.211971 90.2997
-1.9997 0.211971 90.2997
-1.9154 0.211971 90.2997
-1.8311 0.211971 90.2997
-1.7468 0.29627 90.2997
-1.6625 0.29627 90.2997
-1.5782 0.29627 90.2997
-1.4939 0.29627 90.2997
-1.4096 0.29627 90.2997
-1.3253 0.380571 90.2997
-1.241 0.380571 90.2997
-1.1567 0.380571 90.2997
-1.0724 0.46487 90.2997
-0.988102 0.46487 90.2997
-0.903801 0.549171 90.2997
-0.819502 0.633471 90.2997
-0.735201 0.633471 90.2997
-0.650902 0.717772 90.2997
-0.819502 0.633471 90.4997
-0.735201 0.633471 90.4997
-0.650902 0.633471 90.4997
-0.566601 0.633471 90.4997
-0.482302 0.633471 90.4997
-0.398003 0.549171 90.4997
-0.313702 0.46487 90.4997
-0.313702 0.380571 90.4997
-0.313702 0.29627 90.4997
-0.313702 0.211971 90.4997
-0.313702 0.12767 90.4997
-0.313702 0.0433712 90.4997
-0.398003 -0.0409298 90.4997
-0.482302 -0.125229 90.4997
-0.566601 -0.125229 90.4997
-0.650902 -0.20953 90.4997
-0.735201 -0.20953 90.4997
-0.819502 -0.293829 90.4997
-0.903801 -0.293829 90.4997
-0.988102 -0.37813 90.4997
-1.0724 -0.37813 90.4997
-1.1567 -0.462429 90.4997
-1.241 -0.462429 90.4997
-1.3253 -0.54673 90.4997
-1.4096 -0.54673 90.4997
-1.4939 -0.631029 90.4997
-1.5782 -0.631029 90.4997
-1.6625 -0.631029 90.4997
-1.7468 -0.631029 90.4997
-1.8311 -0.631029 90.4997
-1.9154 -0.54673 90.4997
-1.9997 -0.462429 90.4997
-1.9997 -0.37813 90.4997
-1.9997 -0.293829 90.4997
-1.9997 -0.20953 90.4997
-1.9997 -0.125229 90.4997
-1.9154 -0.0409298 90.4997
-1.8311 0.0433712 90.4997
-1.7468 0.12767 90.4997
-1.6625 0.12767 90.4997
-1.5782 0.211971 90.4997
-1.4939 0.211971 90.4997
-1.4096 0.29627 90.4997
-1.3253 0.29627 90.4997
-1.241 0.380571 90.4997
-1.1567 0.380571 90.4997
-1.0724 0.46487 90.4997
-0.988102 0.46487 90.4997
-0.903801 0.549171 90.4997
-0.819502 0.633471 90.4997
-0.903801 0.633471 90.6997
-0.819502 0.633471 90.6997
-0.735201 0.633471 90.6997
-0.650902 0.633471 90.6997
-0.566601 0.633471 90.6997
-0.482302 0.549171 90.6997
-0.398003 0.46487 90.6997
-0.398003 0.380571 90.6997
-0.398003 0.29627 90.6997
-0.398003 0.211971 90.6997
-0.398003 0.12767 90.6997
-0.398003 0.0433712 90.6997
-0.482302 -0.0409298 90.6997
-0.566601 -0.125229 90.6997
-0.650902 -0.20953 90.6997
-0.735201 -0.293829 90.6997
-0.819502 -0.293829 90.6997
-0.903801 -0.37813 90.6997
-0.988102 -0.37813 90.6997
-1.0724 -0.462429 90.6997
-1.1567 -0.54673 90.6997
-1.241 -0.631029 90.6997
-1.3253 -0.71533 90.6997
-1.4096 -0.71533 90.6997
-1.4939 -0.71533 90.6997
-1.5782 -0.71533 90.6997
-1.6625 -0.71533 90.6997
-1.7468 -0.631029 90.6997
-1.8311 -0.54673 90.6997
-1.8311 -0.462429 90.6997
-1.8311 -0.37813 90.6997
-1.8311 -0.293829 90.6997
-1.8311 -0.20953 90.6997
-1.8311 -0.125229 90.6997
-1.7468 -0.0409298 90.6997
-1.6625 0.0433712 90.6997
-1.5782 0.12767 90.6997
-1.4939 0.12767 90.6997
-1.4096 0.211971 90.6997
-1.3253 0.29627 90.6997
-1.241 0.29627 90.6997
-1.1567 0.380571 90.6997
-1.0724 0.46487 90.6997
-0.988102 0.549171 90.6997
-0.903801 0.633471 90.6997
