# Output from PinnacleROI.cpp
# First line is number of curves
# Second line is space-separated number of points in each curve
# Remainder are the points themselves
18
9 15 21 27 26 33 33 36 35 37 36 38 40 37 41 35 19 9 
3.7327 1.39217 96.6997
3.817 1.39217 96.6997
3.9013 1.39217 96.6997
3.9856 1.39217 96.6997
3.9856 1.30787 96.6997
3.9856 1.22357 96.6997
3.9013 1.22357 96.6997
3.817 1.30787 96.6997
3.7327 1.39217 96.6997
3.9013 1.56077 99.6996
3.9856 1.56077 99.6996
4.0699 1.56077 99.6996
4.1542 1.56077 99.6996
4.2385 1.56077 99.6996
4.2385 1.47647 99.6996
4.2385 1.39217 99.6996
4.1542 1.30787 99.6996
4.0699 1.30787 99.6996
3.9856 1.22357 99.6996
3.9013 1.22357 99.6996
3.9013 1.30787 99.6996
3.9013 1.39217 99.6996
3.9013 1.47647 99.6996
3.9013 1.56077 99.6996
3.817 1.64507 99.8996
3.9013 1.64507 99.8996
3.9856 1.64507 99.8996
4.0699 1.56077 99.8996
4.1542 1.56077 99.8996
4.2385 1.56077 99.8996
4.3228 1.56077 99.8996
4.3228 1.47647 99.8996
4.3228 1.39217 99.8996
4.2385 1.30787 99.8996
4.1542 1.30787 99.8996
4.0699 1.30787 99.8996
3.9856 1.22357 99.8996
3.9013 1.22357 99.8996
3.817 1.13927 99.8996
3.817 1.22357 99.8996
3.817 1.30787 99.8996
3.817 1.39217 99.8996
3.817 1.47647 99.8996
3.817 1.56077 99.8996
3.817 1.64507 99.8996
4.2385 1.56077 100.1
4.3228 1.56077 100.1
4.4071 1.56077 100.1
4.4914 1.56077 100.1
4.4914 1.47647 100.1
4.4914 1.39217 100.1
4.4071 1.30787 100.1
4.3228 1.22357 100.1
4.2385 1.22357 100.1
4.1542 1.22357 100.1
4.0699 1.13927 100.1
3.9856 1.13927 100.1
3.9013 1.05497 100.1
3.817 1.05497 100.1
3.7327 0.970671 100.1
3.7327 1.05497 100.1
3.7327 1.13927 100.1
3.7327 1.22357 100.1
3.7327 1.30787 100.1
3.7327 1.39217 100.1
3.7327 1.47647 100.1
3.817 1.47647 100.1
3.9013 1.47647 100.1
3.9856 1.47647 100.1
4.0699 1.47647 100.1
4.1542 1.47647 100.1
4.2385 1.56077 100.1
4.2385 1.64507 100.3
4.3228 1.64507 100.3
4.4071 1.64507 100.3
4.4071 1.56077 100.3
4.4071 1.47647 100.3
4.4071 1.39217 100.3
4.3228 1.30787 100.3
4.2385 1.22357 100.3
4.1542 1.13927 100.3
4.0699 1.13927 100.3
3.9856 1.05497 100.3
3.9013 0.970671 100.3
3.817 0.970671 100.3
3.7327 0.970671 100.3
3.6484 1.05497 100.3
3.6484 1.13927 100.3
3.6484 1.22357 100.3
3.6484 1.30787 100.3
3.6484 1.39217 100.3
3.7327 1.47647 100.3
3.817 1.47647 100.3
3.9013 1.47647 100.3
3.9856 1.47647 100.3
4.0699 1.47647 100.3
4.1542 1.56077 100.3
4.2385 1.64507 100.3
4.1542 1.64507 100.5
4.2385 1.64507 100.5
4.3228 1.64507 100.5
4.4071 1.64507 100.5
4.4914 1.64507 100.5
4.4914 1.56077 100.5
4.4914 1.47647 100.5
4.5757 1.39217 100.5
4.5757 1.30787 100.5
4.5757 1.22357 100.5
4.5757 1.13927 100.5
4.4914 1.13927 100.5
4.4071 1.13927 100.5
4.3228 1.13927 100.5
4.2385 1.13927 100.5
4.1542 1.13927 100.5
4.0699 1.13927 100.5
3.9856 1.05497 100.5
3.9013 1.05497 100.5
3.817 1.05497 100.5
3.7327 1.05497 100.5
3.6484 1.05497 100.5
3.5641 1.05497 100.5
3.5641 1.13927 100.5
3.5641 1.22357 100.5
3.5641 1.30787 100.5
3.6484 1.39217 100.5
3.7327 1.39217 100.5
3.817 1.47647 100.5
3.9013 1.47647 100.5
3.9856 1.56077 100.5
4.0699 1.56077 100.5
4.1542 1.64507 100.5
4.1542 1.56077 100.7
4.2385 1.56077 100.7
4.3228 1.56077 100.7
4.4071 1.56077 100.7
4.4914 1.56077 100.7
4.4914 1.47647 100.7
4.5757 1.39217 100.7
4.5757 1.30787 100.7
4.5757 1.22357 100.7
4.5757 1.13927 100.7
4.5757 1.05497 100.7
4.4914 0.970671 100.7
4.4071 0.970671 100.7
4.3228 0.886372 100.7
4.2385 0.886372 100.7
4.1542 0.886372 100.7
4.0699 0.886372 100.7
3.9856 0.886372 100.7
3.9013 0.886372 100.7
3.817 0.802071 100.7
3.7327 0.802071 100.7
3.6484 0.886372 100.7
3.6484 0.970671 100.7
3.5641 1.05497 100.7
3.5641 1.13927 100.7
3.5641 1.22357 100.7
3.6484 1.30787 100.7
3.7327 1.39217 100.7
3.817 1.47647 100.7
3.9013 1.47647 100.7
3.9856 1.47647 100.7
4.0699 1.47647 100.7
4.1542 1.56077 100.7
3.5641 1.22357 100.9
3.6484 1.22357 100.9
3.7327 1.22357 100.9
3.817 1.13927 100.9
3.9013 1.13927 100.9
3.9856 1.13927 100.9
4.0699 1.13927 100.9
4.1542 1.13927 100.9
4.2385 1.13927 100.9
4.3228 1.13927 100.9
4.4071 1.22357 100.9
4.4914 1.22357 100.9
4.5757 1.22357 100.9
4.66 1.22357 100.9
4.7443 1.22357 100.9
4.7443 1.13927 100.9
4.7443 1.05497 100.9
4.66 0.970671 100.9
4.5757 0.970671 100.9
4.4914 0.970671 100.9
4.4071 0.970671 100.9
4.3228 0.970671 100.9
4.2385 0.970671 100.9
4.1542 0.886372 100.9
4.0699 0.802071 100.9
3.9856 0.802071 100.9
3.9013 0.717772 100.9
3.817 0.717772 100.9
3.7327 0.633471 100.9
3.7327 0.717772 100.9
3.7327 0.802071 100.9
3.6484 0.886372 100.9
3.6484 0.970671 100.9
3.5641 1.05497 100.9
3.5641 1.13927 100.9
3.5641 1.22357 100.9
4.2385 1.39217 101.1
4.3228 1.39217 101.1
4.4071 1.39217 101.1
4.4914 1.39217 101.1
4.5757 1.39217 101.1
4.66 1.39217 101.1
4.7443 1.30787 101.1
4.7443 1.22357 101.1
4.7443 1.13927 101.1
4.66 1.05497 101.1
4.5757 1.05497 101.1
4.4914 0.970671 101.1
4.4071 0.886372 101.1
4.3228 0.886372 101.1
4.2385 0.886372 101.1
4.1542 0.802071 101.1
4.0699 0.802071 101.1
3.9856 0.802071 101.1
3.9013 0.717772 101.1
3.817 0.717772 101.1
3.7327 0.633471 101.1
3.7327 0.717772 101.1
3.7327 0.802071 101.1
3.6484 0.886372 101.1
3.6484 0.970671 101.1
3.5641 1.05497 101.1
3.5641 1.13927 101.1
3.6484 1.22357 101.1
3.7327 1.22357 101.1
3.817 1.22357 101.1
3.9013 1.22357 101.1
3.9856 1.30787 101.1
4.0699 1.30787 101.1
4.1542 1.30787 101.1
4.2385 1.39217 101.1
4.3228 1.22357 101.3
4.4071 1.22357 101.3
4.4914 1.22357 101.3
4.5757 1.22357 101.3
4.66 1.22357 101.3
4.7443 1.22357 101.3
4.8286 1.22357 101.3
4.8286 1.13927 101.3
4.8286 1.05497 101.3
4.7443 1.05497 101.3
4.66 0.970671 101.3
4.5757 0.970671 101.3
4.4914 0.886372 101.3
4.4071 0.886372 101.3
4.3228 0.802071 101.3
4.2385 0.802071 101.3
4.1542 0.717772 101.3
4.0699 0.717772 101.3
3.9856 0.633471 101.3
3.9013 0.633471 101.3
3.817 0.633471 101.3
3.7327 0.633471 101.3
3.7327 0.717772 101.3
3.7327 0.802071 101.3
3.6484 0.886372 101.3
3.6484 0.970671 101.3
3.5641 1.05497 101.3
3.5641 1.13927 101.3
3.6484 1.13927 101.3
3.7327 1.13927 101.3
3.817 1.13927 101.3
3.9013 1.13927 101.3
3.9856 1.13927 101.3
4.0699 1.13927 101.3
4.1542 1.13927 101.3
4.2385 1.13927 101.3
4.3228 1.22357 101.3
4.4071 1.30787 101.5
4.4914 1.30787 101.5
4.5757 1.30787 101.5
4.66 1.30787 101.5
4.7443 1.30787 101.5
4.7443 1.22357 101.5
4.7443 1.13927 101.5
4.7443 1.05497 101.5
4.7443 0.970671 101.5
4.7443 0.886372 101.5
4.66 0.886372 101.5
4.5757 0.886372 101.5
4.4914 0.886372 101.5
4.4071 0.886372 101.5
4.3228 0.886372 101.5
4.2385 0.886372 101.5
4.1542 0.886372 101.5
4.0699 0.886372 101.5
3.9856 0.802071 101.5
3.9013 0.802071 101.5
3.817 0.717772 101.5
3.817 0.802071 101.5
3.7327 0.886372 101.5
3.7327 0.970671 101.5
3.6484 1.05497 101.5
3.6484 1.13927 101.5
3.6484 1.22357 101.5
3.7327 1.22357 101.5
3.817 1.22357 101.5
3.9013 1.22357 101.5
3.9856 1.22357 101.5
4.0699 1.22357 101.5
4.1542 1.22357 101.5
4.2385 1.22357 101.5
4.3228 1.22357 101.5
4.4071 1.30787 101.5
4.3228 1.30787 101.7
4.4071 1.30787 101.7
4.4914 1.30787 101.7
4.5757 1.30787 101.7
4.66 1.30787 101.7
4.7443 1.22357 101.7
4.8286 1.22357 101.7
4.9129 1.13927 101.7
4.9129 1.05497 101.7
4.9129 0.970671 101.7
4.9129 0.886372 101.7
4.9129 0.802071 101.7
4.9129 0.717772 101.7
4.8286 0.717772 101.7
4.7443 0.717772 101.7
4.66 0.633471 101.7
4.5757 0.633471 101.7
4.4914 0.633471 101.7
4.4071 0.633471 101.7
4.3228 0.633471 101.7
4.2385 0.633471 101.7
4.1542 0.549171 101.7
4.0699 0.549171 101.7
3.9856 0.549171 101.7
3.9013 0.549171 101.7
3.9013 0.633471 101.7
3.9013 0.717772 101.7
3.817 0.802071 101.7
3.817 0.886372 101.7
3.817 0.970671 101.7
3.7327 1.05497 101.7
3.817 1.13927 101.7
3.9013 1.13927 101.7
3.9856 1.13927 101.7
4.0699 1.13927 101.7
4.1542 1.22357 101.7
4.2385 1.22357 101.7
4.3228 1.30787 101.7
3.817 1.13927 101.9
3.9013 1.13927 101.9
3.9856 1.13927 101.9
4.0699 1.13927 101.9
4.1542 1.13927 101.9
4.2385 1.13927 101.9
4.3228 1.13927 101.9
4.4071 1.13927 101.9
4.4914 1.13927 101.9
4.5757 1.13927 101.9
4.66 1.13927 101.9
4.7443 1.13927 101.9
4.8286 1.13927 101.9
4.9129 1.13927 101.9
4.9129 1.05497 101.9
4.9972 0.970671 101.9
4.9972 0.886372 101.9
4.9972 0.802071 101.9
4.9972 0.717772 101.9
4.9972 0.633471 101.9
4.9129 0.633471 101.9
4.8286 0.633471 101.9
4.7443 0.633471 101.9
4.66 0.549171 101.9
4.5757 0.549171 101.9
4.4914 0.549171 101.9
4.4071 0.549171 101.9
4.3228 0.549171 101.9
4.2385 0.46487 101.9
4.1542 0.46487 101.9
4.0699 0.46487 101.9
3.9856 0.46487 101.9
3.9013 0.549171 101.9
3.9013 0.633471 101.9
3.9013 0.717772 101.9
3.817 0.802071 101.9
3.817 0.886372 101.9
3.817 0.970671 101.9
3.817 1.05497 101.9
3.817 1.13927 101.9
3.9856 1.05497 102.1
4.0699 1.05497 102.1
4.1542 1.05497 102.1
4.2385 1.05497 102.1
4.3228 1.05497 102.1
4.4071 1.05497 102.1
4.4914 1.05497 102.1
4.5757 1.05497 102.1
4.66 1.05497 102.1
4.7443 1.05497 102.1
4.8286 1.05497 102.1
4.9129 1.05497 102.1
4.9972 1.05497 102.1
5.0815 0.970671 102.1
5.0815 0.886372 102.1
5.0815 0.802071 102.1
5.0815 0.717772 102.1
5.0815 0.633471 102.1
4.9972 0.549171 102.1
4.9129 0.549171 102.1
4.8286 0.46487 102.1
4.7443 0.46487 102.1
4.66 0.46487 102.1
4.5757 0.46487 102.1
4.4914 0.46487 102.1
4.4071 0.46487 102.1
4.3228 0.46487 102.1
4.2385 0.46487 102.1
4.1542 0.46487 102.1
4.0699 0.46487 102.1
3.9856 0.549171 102.1
3.9856 0.633471 102.1
3.9856 0.717772 102.1
3.9013 0.802071 102.1
3.9013 0.886372 102.1
3.9013 0.970671 102.1
3.9856 1.05497 102.1
4.4914 0.970671 102.3
4.5757 0.970671 102.3
4.66 0.970671 102.3
4.7443 0.970671 102.3
4.8286 0.970671 102.3
4.9129 0.886372 102.3
4.9972 0.886372 102.3
5.0815 0.886372 102.3
5.1658 0.886372 102.3
5.2501 0.802071 102.3
5.3344 0.717772 102.3
5.4187 0.633471 102.3
5.4187 0.549171 102.3
5.4187 0.46487 102.3
5.3344 0.380571 102.3
5.2501 0.380571 102.3
5.1658 0.29627 102.3
5.0815 0.29627 102.3
4.9972 0.29627 102.3
4.9129 0.29627 102.3
4.8286 0.29627 102.3
4.7443 0.29627 102.3
4.66 0.29627 102.3
4.5757 0.211971 102.3
4.4914 0.211971 102.3
4.4071 0.12767 102.3
4.3228 0.211971 102.3
4.2385 0.29627 102.3
4.1542 0.380571 102.3
4.1542 0.46487 102.3
4.0699 0.549171 102.3
4.0699 0.633471 102.3
4.0699 0.717772 102.3
3.9856 0.802071 102.3
3.9856 0.886372 102.3
4.0699 0.886372 102.3
4.1542 0.886372 102.3
4.2385 0.886372 102.3
4.3228 0.886372 102.3
4.4071 0.886372 102.3
4.4914 0.970671 102.3
4.3228 0.886372 102.5
4.4071 0.886372 102.5
4.4914 0.886372 102.5
4.5757 0.886372 102.5
4.66 0.886372 102.5
4.7443 0.802071 102.5
4.8286 0.802071 102.5
4.9129 0.717772 102.5
4.9972 0.717772 102.5
5.0815 0.717772 102.5
5.1658 0.717772 102.5
5.2501 0.717772 102.5
5.3344 0.717772 102.5
5.4187 0.633471 102.5
5.4187 0.549171 102.5
5.503 0.46487 102.5
5.503 0.380571 102.5
5.503 0.29627 102.5
5.503 0.211971 102.5
5.4187 0.12767 102.5
5.3344 0.12767 102.5
5.2501 0.12767 102.5
5.1658 0.12767 102.5
5.0815 0.12767 102.5
4.9972 0.12767 102.5
4.9129 0.12767 102.5
4.8286 0.211971 102.5
4.7443 0.29627 102.5
4.66 0.380571 102.5
4.5757 0.46487 102.5
4.4914 0.549171 102.5
4.4071 0.633471 102.5
4.4071 0.717772 102.5
4.4071 0.802071 102.5
4.3228 0.886372 102.5
4.8286 0.802071 102.7
4.9129 0.802071 102.7
4.9972 0.717772 102.7
5.0815 0.717772 102.7
5.1658 0.633471 102.7
5.2501 0.633471 102.7
5.3344 0.549171 102.7
5.4187 0.46487 102.7
5.503 0.46487 102.7
5.5873 0.380571 102.7
5.503 0.380571 102.7
5.4187 0.380571 102.7
5.3344 0.380571 102.7
5.2501 0.380571 102.7
5.1658 0.46487 102.7
5.0815 0.549171 102.7
4.9972 0.633471 102.7
4.9129 0.717772 102.7
4.8286 0.802071 102.7
5.2501 1.05497 102.9
5.3344 0.970671 102.9
5.4187 0.970671 102.9
5.503 0.886372 102.9
5.503 0.802071 102.9
5.4187 0.802071 102.9
5.3344 0.886372 102.9
5.2501 0.970671 102.9
5.2501 1.05497 102.9
