# Output from PinnacleROI.cpp
# First line is number of curves
# Second line is space-separated number of points in each curve
# Remainder are the points themselves
12
56 69 76 83 87 87 85 85 78 63 55 45 
-2.927 9.23207 84.4998
-2.8427 9.23207 84.4998
-2.7584 9.23207 84.4998
-2.6741 9.23207 84.4998
-2.5898 9.23207 84.4998
-2.5055 9.23207 84.4998
-2.4212 9.23207 84.4998
-2.3369 9.23207 84.4998
-2.2526 9.14777 84.4998
-2.1683 9.14777 84.4998
-2.084 9.06347 84.4998
-1.9997 8.97917 84.4998
-1.9154 8.89487 84.4998
-1.8311 8.81057 84.4998
-1.8311 8.72627 84.4998
-1.7468 8.64197 84.4998
-1.7468 8.55767 84.4998
-1.7468 8.47337 84.4998
-1.7468 8.38907 84.4998
-1.7468 8.30477 84.4998
-1.8311 8.22047 84.4998
-1.8311 8.13617 84.4998
-1.9154 8.05187 84.4998
-1.9154 7.96757 84.4998
-1.9997 7.88327 84.4998
-2.084 7.79897 84.4998
-2.1683 7.71467 84.4998
-2.2526 7.71467 84.4998
-2.3369 7.63037 84.4998
-2.4212 7.63037 84.4998
-2.5055 7.63037 84.4998
-2.5898 7.63037 84.4998
-2.6741 7.63037 84.4998
-2.7584 7.63037 84.4998
-2.8427 7.63037 84.4998
-2.927 7.71467 84.4998
-3.0113 7.71467 84.4998
-3.0956 7.79897 84.4998
-3.1799 7.88327 84.4998
-3.2642 7.96757 84.4998
-3.3485 8.05187 84.4998
-3.3485 8.13617 84.4998
-3.4328 8.22047 84.4998
-3.4328 8.30477 84.4998
-3.4328 8.38907 84.4998
-3.4328 8.47337 84.4998
-3.4328 8.55767 84.4998
-3.4328 8.64197 84.4998
-3.4328 8.72627 84.4998
-3.3485 8.81057 84.4998
-3.3485 8.89487 84.4998
-3.2642 8.97917 84.4998
-3.1799 9.06347 84.4998
-3.0956 9.14777 84.4998
-3.0113 9.14777 84.4998
-2.927 9.23207 84.4998
-2.927 9.40067 84.6998
-2.8427 9.40067 84.6998
-2.7584 9.40067 84.6998
-2.6741 9.40067 84.6998
-2.5898 9.40067 84.6998
-2.5055 9.40067 84.6998
-2.4212 9.40067 84.6998
-2.3369 9.40067 84.6998
-2.2526 9.40067 84.6998
-2.1683 9.40067 84.6998
-2.084 9.31637 84.6998
-1.9997 9.31637 84.6998
-1.9154 9.23207 84.6998
-1.8311 9.14777 84.6998
-1.7468 9.06347 84.6998
-1.6625 8.97917 84.6998
-1.6625 8.89487 84.6998
-1.5782 8.81057 84.6998
-1.5782 8.72627 84.6998
-1.5782 8.64197 84.6998
-1.5782 8.55767 84.6998
-1.5782 8.47337 84.6998
-1.5782 8.38907 84.6998
-1.5782 8.30477 84.6998
-1.5782 8.22047 84.6998
-1.5782 8.13617 84.6998
-1.6625 8.05187 84.6998
-1.6625 7.96757 84.6998
-1.7468 7.88327 84.6998
-1.8311 7.79897 84.6998
-1.9154 7.71467 84.6998
-1.9997 7.63037 84.6998
-2.084 7.54607 84.6998
-2.1683 7.46177 84.6998
-2.2526 7.46177 84.6998
-2.3369 7.37747 84.6998
-2.4212 7.37747 84.6998
-2.5055 7.37747 84.6998
-2.5898 7.37747 84.6998
-2.6741 7.37747 84.6998
-2.7584 7.37747 84.6998
-2.8427 7.46177 84.6998
-2.927 7.46177 84.6998
-3.0113 7.46177 84.6998
-3.0956 7.54607 84.6998
-3.1799 7.54607 84.6998
-3.2642 7.63037 84.6998
-3.3485 7.71467 84.6998
-3.4328 7.79897 84.6998
-3.4328 7.88327 84.6998
-3.5171 7.96757 84.6998
-3.5171 8.05187 84.6998
-3.6014 8.13617 84.6998
-3.6014 8.22047 84.6998
-3.6014 8.30477 84.6998
-3.6014 8.38907 84.6998
-3.6014 8.47337 84.6998
-3.6014 8.55767 84.6998
-3.6014 8.64197 84.6998
-3.6014 8.72627 84.6998
-3.5171 8.81057 84.6998
-3.5171 8.89487 84.6998
-3.4328 8.97917 84.6998
-3.3485 9.06347 84.6998
-3.2642 9.14777 84.6998
-3.1799 9.23207 84.6998
-3.0956 9.31637 84.6998
-3.0113 9.31637 84.6998
-2.927 9.40067 84.6998
-2.7584 9.56927 84.8998
-2.6741 9.56927 84.8998
-2.5898 9.56927 84.8998
-2.5055 9.56927 84.8998
-2.4212 9.56927 84.8998
-2.3369 9.56927 84.8998
-2.2526 9.56927 84.8998
-2.1683 9.48497 84.8998
-2.084 9.48497 84.8998
-1.9997 9.40067 84.8998
-1.9154 9.31637 84.8998
-1.8311 9.23207 84.8998
-1.7468 9.14777 84.8998
-1.6625 9.06347 84.8998
-1.5782 8.97917 84.8998
-1.5782 8.89487 84.8998
-1.4939 8.81057 84.8998
-1.4939 8.72627 84.8998
-1.4939 8.64197 84.8998
-1.4939 8.55767 84.8998
-1.4939 8.47337 84.8998
-1.4939 8.38907 84.8998
-1.4939 8.30477 84.8998
-1.4939 8.22047 84.8998
-1.5782 8.13617 84.8998
-1.5782 8.05187 84.8998
-1.6625 7.96757 84.8998
-1.6625 7.88327 84.8998
-1.7468 7.79897 84.8998
-1.7468 7.71467 84.8998
-1.8311 7.63037 84.8998
-1.9154 7.54607 84.8998
-1.9997 7.46177 84.8998
-2.084 7.46177 84.8998
-2.1683 7.37747 84.8998
-2.2526 7.37747 84.8998
-2.3369 7.29317 84.8998
-2.4212 7.29317 84.8998
-2.5055 7.29317 84.8998
-2.5898 7.29317 84.8998
-2.6741 7.29317 84.8998
-2.7584 7.29317 84.8998
-2.8427 7.29317 84.8998
-2.927 7.37747 84.8998
-3.0113 7.37747 84.8998
-3.0956 7.37747 84.8998
-3.1799 7.37747 84.8998
-3.2642 7.46177 84.8998
-3.3485 7.46177 84.8998
-3.4328 7.54607 84.8998
-3.5171 7.63037 84.8998
-3.6014 7.71467 84.8998
-3.6014 7.79897 84.8998
-3.6857 7.88327 84.8998
-3.6857 7.96757 84.8998
-3.77 8.05187 84.8998
-3.77 8.13617 84.8998
-3.77 8.22047 84.8998
-3.77 8.30477 84.8998
-3.77 8.38907 84.8998
-3.77 8.47337 84.8998
-3.77 8.55767 84.8998
-3.77 8.64197 84.8998
-3.6857 8.72627 84.8998
-3.6857 8.81057 84.8998
-3.6014 8.89487 84.8998
-3.5171 8.97917 84.8998
-3.4328 9.06347 84.8998
-3.3485 9.14777 84.8998
-3.2642 9.23207 84.8998
-3.1799 9.31637 84.8998
-3.0956 9.31637 84.8998
-3.0113 9.40067 84.8998
-2.927 9.48497 84.8998
-2.8427 9.48497 84.8998
-2.7584 9.56927 84.8998
-3.0113 9.56927 85.0998
-2.927 9.56927 85.0998
-2.8427 9.56927 85.0998
-2.7584 9.56927 85.0998
-2.6741 9.56927 85.0998
-2.5898 9.56927 85.0998
-2.5055 9.56927 85.0998
-2.4212 9.56927 85.0998
-2.3369 9.56927 85.0998
-2.2526 9.56927 85.0998
-2.1683 9.48497 85.0998
-2.084 9.48497 85.0998
-1.9997 9.40067 85.0998
-1.9154 9.40067 85.0998
-1.8311 9.31637 85.0998
-1.7468 9.23207 85.0998
-1.6625 9.14777 85.0998
-1.5782 9.06347 85.0998
-1.4939 8.97917 85.0998
-1.4939 8.89487 85.0998
-1.4096 8.81057 85.0998
-1.4096 8.72627 85.0998
-1.4096 8.64197 85.0998
-1.4096 8.55767 85.0998
-1.4096 8.47337 85.0998
-1.4096 8.38907 85.0998
-1.4096 8.30477 85.0998
-1.4096 8.22047 85.0998
-1.4096 8.13617 85.0998
-1.4096 8.05187 85.0998
-1.4939 7.96757 85.0998
-1.4939 7.88327 85.0998
-1.5782 7.79897 85.0998
-1.5782 7.71467 85.0998
-1.6625 7.63037 85.0998
-1.6625 7.54607 85.0998
-1.7468 7.46177 85.0998
-1.8311 7.37747 85.0998
-1.9154 7.29317 85.0998
-1.9997 7.20887 85.0998
-2.084 7.20887 85.0998
-2.1683 7.12457 85.0998
-2.2526 7.12457 85.0998
-2.3369 7.12457 85.0998
-2.4212 7.12457 85.0998
-2.5055 7.12457 85.0998
-2.5898 7.12457 85.0998
-2.6741 7.12457 85.0998
-2.7584 7.12457 85.0998
-2.8427 7.12457 85.0998
-2.927 7.20887 85.0998
-3.0113 7.20887 85.0998
-3.0956 7.29317 85.0998
-3.1799 7.29317 85.0998
-3.2642 7.37747 85.0998
-3.3485 7.37747 85.0998
-3.4328 7.46177 85.0998
-3.5171 7.54607 85.0998
-3.6014 7.63037 85.0998
-3.6857 7.71467 85.0998
-3.6857 7.79897 85.0998
-3.77 7.88327 85.0998
-3.77 7.96757 85.0998
-3.77 8.05187 85.0998
-3.77 8.13617 85.0998
-3.77 8.22047 85.0998
-3.77 8.30477 85.0998
-3.77 8.38907 85.0998
-3.77 8.47337 85.0998
-3.77 8.55767 85.0998
-3.77 8.64197 85.0998
-3.6857 8.72627 85.0998
-3.6857 8.81057 85.0998
-3.6014 8.89487 85.0998
-3.6014 8.97917 85.0998
-3.5171 9.06347 85.0998
-3.5171 9.14777 85.0998
-3.4328 9.23207 85.0998
-3.3485 9.31637 85.0998
-3.2642 9.40067 85.0998
-3.1799 9.48497 85.0998
-3.0956 9.48497 85.0998
-3.0113 9.56927 85.0998
-2.6741 9.65357 85.2998
-2.5898 9.65357 85.2998
-2.5055 9.65357 85.2998
-2.4212 9.65357 85.2998
-2.3369 9.65357 85.2998
-2.2526 9.65357 85.2998
-2.1683 9.65357 85.2998
-2.084 9.56927 85.2998
-1.9997 9.56927 85.2998
-1.9154 9.48497 85.2998
-1.8311 9.48497 85.2998
-1.7468 9.40067 85.2998
-1.6625 9.31637 85.2998
-1.5782 9.23207 85.2998
-1.4939 9.14777 85.2998
-1.4939 9.06347 85.2998
-1.4096 8.97917 85.2998
-1.4096 8.89487 85.2998
-1.3253 8.81057 85.2998
-1.3253 8.72627 85.2998
-1.3253 8.64197 85.2998
-1.3253 8.55767 85.2998
-1.3253 8.47337 85.2998
-1.3253 8.38907 85.2998
-1.3253 8.30477 85.2998
-1.4096 8.22047 85.2998
-1.4096 8.13617 85.2998
-1.4096 8.05187 85.2998
-1.4096 7.96757 85.2998
-1.4096 7.88327 85.2998
-1.4939 7.79897 85.2998
-1.4939 7.71467 85.2998
-1.5782 7.63037 85.2998
-1.5782 7.54607 85.2998
-1.6625 7.46177 85.2998
-1.7468 7.37747 85.2998
-1.8311 7.29317 85.2998
-1.9154 7.20887 85.2998
-1.9997 7.20887 85.2998
-2.084 7.12457 85.2998
-2.1683 7.12457 85.2998
-2.2526 7.12457 85.2998
-2.3369 7.12457 85.2998
-2.4212 7.12457 85.2998
-2.5055 7.12457 85.2998
-2.5898 7.12457 85.2998
-2.6741 7.12457 85.2998
-2.7584 7.20887 85.2998
-2.8427 7.20887 85.2998
-2.927 7.20887 85.2998
-3.0113 7.20887 85.2998
-3.0956 7.20887 85.2998
-3.1799 7.29317 85.2998
-3.2642 7.29317 85.2998
-3.3485 7.37747 85.2998
-3.4328 7.46177 85.2998
-3.5171 7.46177 85.2998
-3.6014 7.54607 85.2998
-3.6857 7.63037 85.2998
-3.77 7.71467 85.2998
-3.77 7.79897 85.2998
-3.8543 7.88327 85.2998
-3.8543 7.96757 85.2998
-3.9386 8.05187 85.2998
-3.9386 8.13617 85.2998
-3.9386 8.22047 85.2998
-3.9386 8.30477 85.2998
-3.9386 8.38907 85.2998
-3.9386 8.47337 85.2998
-3.8543 8.55767 85.2998
-3.8543 8.64197 85.2998
-3.77 8.72627 85.2998
-3.77 8.81057 85.2998
-3.6857 8.89487 85.2998
-3.6857 8.97917 85.2998
-3.6014 9.06347 85.2998
-3.5171 9.14777 85.2998
-3.4328 9.23207 85.2998
-3.3485 9.31637 85.2998
-3.2642 9.40067 85.2998
-3.1799 9.48497 85.2998
-3.0956 9.48497 85.2998
-3.0113 9.56927 85.2998
-2.927 9.56927 85.2998
-2.8427 9.56927 85.2998
-2.7584 9.56927 85.2998
-2.6741 9.65357 85.2998
-2.8427 9.65357 85.4998
-2.7584 9.65357 85.4998
-2.6741 9.65357 85.4998
-2.5898 9.65357 85.4998
-2.5055 9.65357 85.4998
-2.4212 9.65357 85.4998
-2.3369 9.65357 85.4998
-2.2526 9.65357 85.4998
-2.1683 9.65357 85.4998
-2.084 9.65357 85.4998
-1.9997 9.56927 85.4998
-1.9154 9.56927 85.4998
-1.8311 9.48497 85.4998
-1.7468 9.48497 85.4998
-1.6625 9.40067 85.4998
-1.5782 9.31637 85.4998
-1.4939 9.23207 85.4998
-1.4096 9.14777 85.4998
-1.4096 9.06347 85.4998
-1.3253 8.97917 85.4998
-1.3253 8.89487 85.4998
-1.3253 8.81057 85.4998
-1.3253 8.72627 85.4998
-1.3253 8.64197 85.4998
-1.3253 8.55767 85.4998
-1.3253 8.47337 85.4998
-1.3253 8.38907 85.4998
-1.3253 8.30477 85.4998
-1.3253 8.22047 85.4998
-1.3253 8.13617 85.4998
-1.4096 8.05187 85.4998
-1.4096 7.96757 85.4998
-1.4939 7.88327 85.4998
-1.4939 7.79897 85.4998
-1.5782 7.71467 85.4998
-1.5782 7.63037 85.4998
-1.6625 7.54607 85.4998
-1.7468 7.46177 85.4998
-1.8311 7.37747 85.4998
-1.9154 7.29317 85.4998
-1.9997 7.29317 85.4998
-2.084 7.20887 85.4998
-2.1683 7.20887 85.4998
-2.2526 7.12457 85.4998
-2.3369 7.12457 85.4998
-2.4212 7.12457 85.4998
-2.5055 7.12457 85.4998
-2.5898 7.12457 85.4998
-2.6741 7.12457 85.4998
-2.7584 7.12457 85.4998
-2.8427 7.12457 85.4998
-2.927 7.20887 85.4998
-3.0113 7.20887 85.4998
-3.0956 7.20887 85.4998
-3.1799 7.20887 85.4998
-3.2642 7.29317 85.4998
-3.3485 7.29317 85.4998
-3.4328 7.37747 85.4998
-3.5171 7.46177 85.4998
-3.6014 7.54607 85.4998
-3.6857 7.63037 85.4998
-3.77 7.71467 85.4998
-3.77 7.79897 85.4998
-3.8543 7.88327 85.4998
-3.8543 7.96757 85.4998
-3.8543 8.05187 85.4998
-3.8543 8.13617 85.4998
-3.8543 8.22047 85.4998
-3.8543 8.30477 85.4998
-3.8543 8.38907 85.4998
-3.8543 8.47337 85.4998
-3.8543 8.55767 85.4998
-3.8543 8.64197 85.4998
-3.77 8.72627 85.4998
-3.77 8.81057 85.4998
-3.6857 8.89487 85.4998
-3.6857 8.97917 85.4998
-3.6014 9.06347 85.4998
-3.5171 9.14777 85.4998
-3.4328 9.23207 85.4998
-3.3485 9.31637 85.4998
-3.2642 9.40067 85.4998
-3.1799 9.48497 85.4998
-3.0956 9.48497 85.4998
-3.0113 9.56927 85.4998
-2.927 9.56927 85.4998
-2.8427 9.65357 85.4998
-2.8427 9.65357 85.6998
-2.7584 9.65357 85.6998
-2.6741 9.65357 85.6998
-2.5898 9.65357 85.6998
-2.5055 9.65357 85.6998
-2.4212 9.65357 85.6998
-2.3369 9.65357 85.6998
-2.2526 9.56927 85.6998
-2.1683 9.56927 85.6998
-2.084 9.56927 85.6998
-1.9997 9.48497 85.6998
-1.9154 9.48497 85.6998
-1.8311 9.40067 85.6998
-1.7468 9.31637 85.6998
-1.6625 9.23207 85.6998
-1.5782 9.14777 85.6998
-1.4939 9.06347 85.6998
-1.4939 8.97917 85.6998
-1.4096 8.89487 85.6998
-1.4096 8.81057 85.6998
-1.3253 8.72627 85.6998
-1.3253 8.64197 85.6998
-1.3253 8.55767 85.6998
-1.3253 8.47337 85.6998
-1.3253 8.38907 85.6998
-1.3253 8.30477 85.6998
-1.3253 8.22047 85.6998
-1.3253 8.13617 85.6998
-1.3253 8.05187 85.6998
-1.4096 7.96757 85.6998
-1.4096 7.88327 85.6998
-1.4939 7.79897 85.6998
-1.4939 7.71467 85.6998
-1.5782 7.63037 85.6998
-1.6625 7.54607 85.6998
-1.7468 7.46177 85.6998
-1.8311 7.37747 85.6998
-1.9154 7.29317 85.6998
-1.9997 7.29317 85.6998
-2.084 7.20887 85.6998
-2.1683 7.20887 85.6998
-2.2526 7.12457 85.6998
-2.3369 7.12457 85.6998
-2.4212 7.12457 85.6998
-2.5055 7.12457 85.6998
-2.5898 7.12457 85.6998
-2.6741 7.12457 85.6998
-2.7584 7.12457 85.6998
-2.8427 7.12457 85.6998
-2.927 7.12457 85.6998
-3.0113 7.12457 85.6998
-3.0956 7.20887 85.6998
-3.1799 7.20887 85.6998
-3.2642 7.29317 85.6998
-3.3485 7.29317 85.6998
-3.4328 7.37747 85.6998
-3.5171 7.46177 85.6998
-3.6014 7.54607 85.6998
-3.6857 7.63037 85.6998
-3.77 7.71467 85.6998
-3.77 7.79897 85.6998
-3.8543 7.88327 85.6998
-3.8543 7.96757 85.6998
-3.8543 8.05187 85.6998
-3.8543 8.13617 85.6998
-3.8543 8.22047 85.6998
-3.8543 8.30477 85.6998
-3.8543 8.38907 85.6998
-3.8543 8.47337 85.6998
-3.8543 8.55767 85.6998
-3.77 8.64197 85.6998
-3.77 8.72627 85.6998
-3.6857 8.81057 85.6998
-3.6857 8.89487 85.6998
-3.6014 8.97917 85.6998
-3.6014 9.06347 85.6998
-3.5171 9.14777 85.6998
-3.4328 9.23207 85.6998
-3.3485 9.31637 85.6998
-3.2642 9.40067 85.6998
-3.1799 9.48497 85.6998
-3.0956 9.48497 85.6998
-3.0113 9.56927 85.6998
-2.927 9.56927 85.6998
-2.8427 9.65357 85.6998
-3.0956 9.56927 85.8998
-3.0113 9.56927 85.8998
-2.927 9.56927 85.8998
-2.8427 9.56927 85.8998
-2.7584 9.56927 85.8998
-2.6741 9.56927 85.8998
-2.5898 9.56927 85.8998
-2.5055 9.56927 85.8998
-2.4212 9.56927 85.8998
-2.3369 9.56927 85.8998
-2.2526 9.56927 85.8998
-2.1683 9.48497 85.8998
-2.084 9.48497 85.8998
-1.9997 9.40067 85.8998
-1.9154 9.40067 85.8998
-1.8311 9.31637 85.8998
-1.7468 9.23207 85.8998
-1.6625 9.14777 85.8998
-1.5782 9.06347 85.8998
-1.4939 8.97917 85.8998
-1.4096 8.89487 85.8998
-1.4096 8.81057 85.8998
-1.3253 8.72627 85.8998
-1.3253 8.64197 85.8998
-1.3253 8.55767 85.8998
-1.3253 8.47337 85.8998
-1.3253 8.38907 85.8998
-1.3253 8.30477 85.8998
-1.3253 8.22047 85.8998
-1.4096 8.13617 85.8998
-1.4096 8.05187 85.8998
-1.4939 7.96757 85.8998
-1.4939 7.88327 85.8998
-1.5782 7.79897 85.8998
-1.6625 7.71467 85.8998
-1.7468 7.63037 85.8998
-1.7468 7.54607 85.8998
-1.8311 7.46177 85.8998
-1.9154 7.37747 85.8998
-1.9997 7.29317 85.8998
-2.084 7.29317 85.8998
-2.1683 7.20887 85.8998
-2.2526 7.20887 85.8998
-2.3369 7.12457 85.8998
-2.4212 7.12457 85.8998
-2.5055 7.12457 85.8998
-2.5898 7.12457 85.8998
-2.6741 7.12457 85.8998
-2.7584 7.12457 85.8998
-2.8427 7.12457 85.8998
-2.927 7.12457 85.8998
-3.0113 7.12457 85.8998
-3.0956 7.12457 85.8998
-3.1799 7.20887 85.8998
-3.2642 7.20887 85.8998
-3.3485 7.29317 85.8998
-3.4328 7.29317 85.8998
-3.5171 7.37747 85.8998
-3.6014 7.46177 85.8998
-3.6857 7.54607 85.8998
-3.6857 7.63037 85.8998
-3.77 7.71467 85.8998
-3.77 7.79897 85.8998
-3.8543 7.88327 85.8998
-3.8543 7.96757 85.8998
-3.8543 8.05187 85.8998
-3.8543 8.13617 85.8998
-3.8543 8.22047 85.8998
-3.8543 8.30477 85.8998
-3.8543 8.38907 85.8998
-3.8543 8.47337 85.8998
-3.8543 8.55767 85.8998
-3.77 8.64197 85.8998
-3.77 8.72627 85.8998
-3.6857 8.81057 85.8998
-3.6857 8.89487 85.8998
-3.6014 8.97917 85.8998
-3.6014 9.06347 85.8998
-3.5171 9.14777 85.8998
-3.5171 9.23207 85.8998
-3.4328 9.31637 85.8998
-3.3485 9.40067 85.8998
-3.2642 9.48497 85.8998
-3.1799 9.48497 85.8998
-3.0956 9.56927 85.8998
-3.0113 9.56927 86.0998
-2.927 9.56927 86.0998
-2.8427 9.56927 86.0998
-2.7584 9.56927 86.0998
-2.6741 9.56927 86.0998
-2.5898 9.56927 86.0998
-2.5055 9.56927 86.0998
-2.4212 9.56927 86.0998
-2.3369 9.56927 86.0998
-2.2526 9.48497 86.0998
-2.1683 9.48497 86.0998
-2.084 9.40067 86.0998
-1.9997 9.40067 86.0998
-1.9154 9.31637 86.0998
-1.8311 9.23207 86.0998
-1.7468 9.14777 86.0998
-1.6625 9.06347 86.0998
-1.5782 8.97917 86.0998
-1.4939 8.89487 86.0998
-1.4939 8.81057 86.0998
-1.4096 8.72627 86.0998
-1.4096 8.64197 86.0998
-1.4096 8.55767 86.0998
-1.4096 8.47337 86.0998
-1.4096 8.38907 86.0998
-1.4096 8.30477 86.0998
-1.4096 8.22047 86.0998
-1.4939 8.13617 86.0998
-1.4939 8.05187 86.0998
-1.5782 7.96757 86.0998
-1.5782 7.88327 86.0998
-1.6625 7.79897 86.0998
-1.7468 7.71467 86.0998
-1.8311 7.63037 86.0998
-1.9154 7.54607 86.0998
-1.9997 7.46177 86.0998
-2.084 7.37747 86.0998
-2.1683 7.29317 86.0998
-2.2526 7.29317 86.0998
-2.3369 7.20887 86.0998
-2.4212 7.20887 86.0998
-2.5055 7.20887 86.0998
-2.5898 7.20887 86.0998
-2.6741 7.20887 86.0998
-2.7584 7.20887 86.0998
-2.8427 7.20887 86.0998
-2.927 7.29317 86.0998
-3.0113 7.29317 86.0998
-3.0956 7.29317 86.0998
-3.1799 7.37747 86.0998
-3.2642 7.37747 86.0998
-3.3485 7.46177 86.0998
-3.4328 7.54607 86.0998
-3.5171 7.63037 86.0998
-3.5171 7.71467 86.0998
-3.6014 7.79897 86.0998
-3.6857 7.88327 86.0998
-3.6857 7.96757 86.0998
-3.77 8.05187 86.0998
-3.77 8.13617 86.0998
-3.77 8.22047 86.0998
-3.77 8.30477 86.0998
-3.77 8.38907 86.0998
-3.77 8.47337 86.0998
-3.77 8.55767 86.0998
-3.77 8.64197 86.0998
-3.6857 8.72627 86.0998
-3.6857 8.81057 86.0998
-3.6014 8.89487 86.0998
-3.6014 8.97917 86.0998
-3.5171 9.06347 86.0998
-3.5171 9.14777 86.0998
-3.4328 9.23207 86.0998
-3.3485 9.31637 86.0998
-3.2642 9.40067 86.0998
-3.1799 9.48497 86.0998
-3.0956 9.48497 86.0998
-3.0113 9.56927 86.0998
-2.6741 9.23207 86.2998
-2.5898 9.23207 86.2998
-2.5055 9.23207 86.2998
-2.4212 9.23207 86.2998
-2.3369 9.23207 86.2998
-2.2526 9.23207 86.2998
-2.1683 9.23207 86.2998
-2.084 9.14777 86.2998
-1.9997 9.14777 86.2998
-1.9154 9.06347 86.2998
-1.8311 8.97917 86.2998
-1.7468 8.89487 86.2998
-1.6625 8.81057 86.2998
-1.6625 8.72627 86.2998
-1.5782 8.64197 86.2998
-1.5782 8.55767 86.2998
-1.5782 8.47337 86.2998
-1.5782 8.38907 86.2998
-1.5782 8.30477 86.2998
-1.5782 8.22047 86.2998
-1.5782 8.13617 86.2998
-1.6625 8.05187 86.2998
-1.6625 7.96757 86.2998
-1.7468 7.88327 86.2998
-1.7468 7.79897 86.2998
-1.8311 7.71467 86.2998
-1.9154 7.63037 86.2998
-1.9997 7.54607 86.2998
-2.084 7.46177 86.2998
-2.1683 7.37747 86.2998
-2.2526 7.37747 86.2998
-2.3369 7.29317 86.2998
-2.4212 7.29317 86.2998
-2.5055 7.29317 86.2998
-2.5898 7.29317 86.2998
-2.6741 7.29317 86.2998
-2.7584 7.37747 86.2998
-2.8427 7.37747 86.2998
-2.927 7.46177 86.2998
-3.0113 7.46177 86.2998
-3.0956 7.54607 86.2998
-3.1799 7.63037 86.2998
-3.2642 7.71467 86.2998
-3.3485 7.79897 86.2998
-3.3485 7.88327 86.2998
-3.4328 7.96757 86.2998
-3.4328 8.05187 86.2998
-3.4328 8.13617 86.2998
-3.4328 8.22047 86.2998
-3.4328 8.30477 86.2998
-3.4328 8.38907 86.2998
-3.4328 8.47337 86.2998
-3.3485 8.55767 86.2998
-3.3485 8.64197 86.2998
-3.2642 8.72627 86.2998
-3.2642 8.81057 86.2998
-3.1799 8.89487 86.2998
-3.0956 8.97917 86.2998
-3.0113 9.06347 86.2998
-2.927 9.06347 86.2998
-2.8427 9.14777 86.2998
-2.7584 9.14777 86.2998
-2.6741 9.23207 86.2998
-2.5898 9.06347 86.4998
-2.5055 9.06347 86.4998
-2.4212 9.06347 86.4998
-2.3369 9.06347 86.4998
-2.2526 9.06347 86.4998
-2.1683 9.06347 86.4998
-2.084 8.97917 86.4998
-1.9997 8.97917 86.4998
-1.9154 8.89487 86.4998
-1.8311 8.81057 86.4998
-1.7468 8.72627 86.4998
-1.7468 8.64197 86.4998
-1.6625 8.55767 86.4998
-1.6625 8.47337 86.4998
-1.6625 8.38907 86.4998
-1.6625 8.30477 86.4998
-1.6625 8.22047 86.4998
-1.7468 8.13617 86.4998
-1.7468 8.05187 86.4998
-1.7468 7.96757 86.4998
-1.8311 7.88327 86.4998
-1.8311 7.79897 86.4998
-1.9154 7.71467 86.4998
-1.9997 7.63037 86.4998
-2.084 7.54607 86.4998
-2.1683 7.54607 86.4998
-2.2526 7.46177 86.4998
-2.3369 7.46177 86.4998
-2.4212 7.46177 86.4998
-2.5055 7.46177 86.4998
-2.5898 7.46177 86.4998
-2.6741 7.46177 86.4998
-2.7584 7.46177 86.4998
-2.8427 7.54607 86.4998
-2.927 7.54607 86.4998
-3.0113 7.63037 86.4998
-3.0956 7.71467 86.4998
-3.1799 7.79897 86.4998
-3.1799 7.88327 86.4998
-3.2642 7.96757 86.4998
-3.2642 8.05187 86.4998
-3.2642 8.13617 86.4998
-3.2642 8.22047 86.4998
-3.2642 8.30477 86.4998
-3.2642 8.38907 86.4998
-3.2642 8.47337 86.4998
-3.1799 8.55767 86.4998
-3.1799 8.64197 86.4998
-3.0956 8.72627 86.4998
-3.0113 8.81057 86.4998
-2.927 8.89487 86.4998
-2.8427 8.89487 86.4998
-2.7584 8.97917 86.4998
-2.6741 8.97917 86.4998
-2.5898 9.06347 86.4998
-2.6741 8.89487 86.6998
-2.5898 8.89487 86.6998
-2.5055 8.89487 86.6998
-2.4212 8.89487 86.6998
-2.3369 8.89487 86.6998
-2.2526 8.81057 86.6998
-2.1683 8.81057 86.6998
-2.084 8.72627 86.6998
-1.9997 8.64197 86.6998
-1.9154 8.55767 86.6998
-1.9154 8.47337 86.6998
-1.8311 8.38907 86.6998
-1.8311 8.30477 86.6998
-1.8311 8.22047 86.6998
-1.8311 8.13617 86.6998
-1.8311 8.05187 86.6998
-1.9154 7.96757 86.6998
-1.9154 7.88327 86.6998
-1.9997 7.79897 86.6998
-2.084 7.71467 86.6998
-2.1683 7.63037 86.6998
-2.2526 7.63037 86.6998
-2.3369 7.54607 86.6998
-2.4212 7.54607 86.6998
-2.5055 7.54607 86.6998
-2.5898 7.54607 86.6998
-2.6741 7.54607 86.6998
-2.7584 7.63037 86.6998
-2.8427 7.63037 86.6998
-2.927 7.71467 86.6998
-3.0113 7.79897 86.6998
-3.0956 7.88327 86.6998
-3.0956 7.96757 86.6998
-3.1799 8.05187 86.6998
-3.1799 8.13617 86.6998
-3.1799 8.22047 86.6998
-3.1799 8.30477 86.6998
-3.1799 8.38907 86.6998
-3.0956 8.47337 86.6998
-3.0956 8.55767 86.6998
-3.0113 8.64197 86.6998
-2.927 8.72627 86.6998
-2.8427 8.81057 86.6998
-2.7584 8.81057 86.6998
-2.6741 8.89487 86.6998
