# Output from PinnacleROI.cpp
# First line is number of curves
# Second line is space-separated number of points in each curve
# Remainder are the points themselves
61
28 33 49 42 35 29 25 25 24 34 28 45 47 45 36 30 27 29 76 57 50 45 42 35 29 30 28 40 56 50 52 47 42 40 34 53 35 52 42 56 118 105 88 84 75 81 65 76 67 57 57 62 76 115 130 136 134 117 116 107 106 
2.6368 0.802071 96.2997
2.7211 0.802071 96.2997
2.8054 0.802071 96.2997
2.8054 0.717772 96.2997
2.8054 0.633471 96.2997
2.8054 0.549171 96.2997
2.7211 0.549171 96.2997
2.6368 0.46487 96.2997
2.5525 0.380571 96.2997
2.4682 0.29627 96.2997
2.3839 0.29627 96.2997
2.2996 0.211971 96.2997
2.2996 0.12767 96.2997
2.2153 0.12767 96.2997
2.131 0.0433712 96.2997
2.0467 0.0433712 96.2997
1.9624 0.0433712 96.2997
1.9624 0.12767 96.2997
1.9624 0.211971 96.2997
2.0467 0.29627 96.2997
2.131 0.380571 96.2997
2.131 0.46487 96.2997
2.2153 0.46487 96.2997
2.2996 0.549171 96.2997
2.3839 0.633471 96.2997
2.4682 0.717772 96.2997
2.5525 0.717772 96.2997
2.6368 0.802071 96.2997
2.974 1.05497 96.4997
3.0583 1.05497 96.4997
3.1426 1.05497 96.4997
3.1426 0.970671 96.4997
3.1426 0.886372 96.4997
3.0583 0.802071 96.4997
2.974 0.802071 96.4997
2.8897 0.717772 96.4997
2.8054 0.633471 96.4997
2.7211 0.633471 96.4997
2.6368 0.549171 96.4997
2.5525 0.46487 96.4997
2.4682 0.380571 96.4997
2.3839 0.29627 96.4997
2.2996 0.211971 96.4997
2.2153 0.12767 96.4997
2.131 0.12767 96.4997
2.0467 0.12767 96.4997
1.9624 0.12767 96.4997
1.9624 0.211971 96.4997
1.9624 0.29627 96.4997
2.0467 0.380571 96.4997
2.131 0.46487 96.4997
2.2153 0.549171 96.4997
2.2996 0.633471 96.4997
2.3839 0.717772 96.4997
2.4682 0.717772 96.4997
2.5525 0.802071 96.4997
2.6368 0.886372 96.4997
2.7211 0.970671 96.4997
2.8054 0.970671 96.4997
2.8897 0.970671 96.4997
2.974 1.05497 96.4997
3.6484 1.39217 96.6997
3.7327 1.30787 96.6997
3.817 1.22357 96.6997
3.817 1.13927 96.6997
3.7327 1.13927 96.6997
3.6484 1.13927 96.6997
3.5641 1.13927 96.6997
3.4798 1.05497 96.6997
3.3955 0.970671 96.6997
3.3112 0.970671 96.6997
3.2269 0.970671 96.6997
3.1426 0.886372 96.6997
3.0583 0.886372 96.6997
2.974 0.802071 96.6997
2.8897 0.802071 96.6997
2.8054 0.717772 96.6997
2.7211 0.717772 96.6997
2.6368 0.633471 96.6997
2.5525 0.549171 96.6997
2.4682 0.46487 96.6997
2.3839 0.46487 96.6997
2.2996 0.380571 96.6997
2.2996 0.29627 96.6997
2.2996 0.211971 96.6997
2.2153 0.211971 96.6997
2.131 0.211971 96.6997
2.0467 0.211971 96.6997
2.0467 0.29627 96.6997
2.0467 0.380571 96.6997
2.0467 0.46487 96.6997
2.131 0.549171 96.6997
2.2153 0.633471 96.6997
2.2996 0.717772 96.6997
2.3839 0.802071 96.6997
2.4682 0.802071 96.6997
2.5525 0.886372 96.6997
2.6368 0.970671 96.6997
2.7211 0.970671 96.6997
2.8054 1.05497 96.6997
2.8897 1.05497 96.6997
2.974 1.13927 96.6997
3.0583 1.22357 96.6997
3.1426 1.22357 96.6997
3.2269 1.22357 96.6997
3.3112 1.30787 96.6997
3.3955 1.30787 96.6997
3.4798 1.30787 96.6997
3.5641 1.30787 96.6997
3.6484 1.39217 96.6997
3.6484 1.56077 96.8997
3.7327 1.56077 96.8997
3.817 1.56077 96.8997
3.9013 1.56077 96.8997
3.9856 1.47647 96.8997
3.9856 1.39217 96.8997
3.9856 1.30787 96.8997
3.9856 1.22357 96.8997
3.9013 1.22357 96.8997
3.817 1.22357 96.8997
3.7327 1.13927 96.8997
3.6484 1.13927 96.8997
3.5641 1.13927 96.8997
3.4798 1.13927 96.8997
3.3955 1.13927 96.8997
3.3112 1.05497 96.8997
3.2269 1.05497 96.8997
3.1426 0.970671 96.8997
3.0583 0.886372 96.8997
2.974 0.802071 96.8997
2.8897 0.802071 96.8997
2.8054 0.717772 96.8997
2.7211 0.633471 96.8997
2.6368 0.633471 96.8997
2.5525 0.633471 96.8997
2.5525 0.717772 96.8997
2.5525 0.802071 96.8997
2.5525 0.886372 96.8997
2.6368 0.886372 96.8997
2.7211 0.970671 96.8997
2.8054 1.05497 96.8997
2.8897 1.05497 96.8997
2.974 1.13927 96.8997
2.974 1.22357 96.8997
3.0583 1.22357 96.8997
3.1426 1.30787 96.8997
3.2269 1.30787 96.8997
3.3112 1.39217 96.8997
3.3955 1.47647 96.8997
3.4798 1.47647 96.8997
3.5641 1.47647 96.8997
3.6484 1.56077 96.8997
3.3955 1.56077 97.0996
3.4798 1.56077 97.0996
3.5641 1.56077 97.0996
3.6484 1.56077 97.0996
3.7327 1.56077 97.0996
3.817 1.56077 97.0996
3.817 1.47647 97.0996
3.817 1.39217 97.0996
3.7327 1.30787 97.0996
3.6484 1.22357 97.0996
3.6484 1.13927 97.0996
3.5641 1.13927 97.0996
3.4798 1.05497 97.0996
3.3955 1.05497 97.0996
3.3112 0.970671 97.0996
3.2269 0.970671 97.0996
3.1426 0.970671 97.0996
3.0583 0.970671 97.0996
2.974 0.886372 97.0996
2.8897 0.802071 97.0996
2.8054 0.717772 97.0996
2.7211 0.717772 97.0996
2.6368 0.717772 97.0996
2.6368 0.802071 97.0996
2.6368 0.886372 97.0996
2.6368 0.970671 97.0996
2.7211 1.05497 97.0996
2.8054 1.13927 97.0996
2.8897 1.22357 97.0996
2.974 1.30787 97.0996
3.0583 1.30787 97.0996
3.1426 1.39217 97.0996
3.2269 1.47647 97.0996
3.3112 1.47647 97.0996
3.3955 1.56077 97.0996
3.3955 1.72937 97.2996
3.4798 1.72937 97.2996
3.5641 1.72937 97.2996
3.6484 1.72937 97.2996
3.7327 1.72937 97.2996
3.817 1.64507 97.2996
3.817 1.56077 97.2996
3.817 1.47647 97.2996
3.817 1.39217 97.2996
3.7327 1.39217 97.2996
3.6484 1.39217 97.2996
3.5641 1.39217 97.2996
3.4798 1.39217 97.2996
3.3955 1.39217 97.2996
3.3112 1.39217 97.2996
3.2269 1.30787 97.2996
3.1426 1.22357 97.2996
3.0583 1.13927 97.2996
2.974 1.13927 97.2996
2.8897 1.13927 97.2996
2.8897 1.22357 97.2996
2.8897 1.30787 97.2996
2.8897 1.39217 97.2996
2.974 1.47647 97.2996
3.0583 1.56077 97.2996
3.1426 1.56077 97.2996
3.2269 1.64507 97.2996
3.3112 1.64507 97.2996
3.3955 1.72937 97.2996
3.2269 1.72937 97.4996
3.3112 1.72937 97.4996
3.3955 1.72937 97.4996
3.4798 1.72937 97.4996
3.5641 1.72937 97.4996
3.6484 1.72937 97.4996
3.7327 1.72937 97.4996
3.817 1.72937 97.4996
3.817 1.64507 97.4996
3.817 1.56077 97.4996
3.817 1.47647 97.4996
3.7327 1.47647 97.4996
3.6484 1.47647 97.4996
3.5641 1.47647 97.4996
3.4798 1.47647 97.4996
3.3955 1.47647 97.4996
3.3112 1.47647 97.4996
3.2269 1.39217 97.4996
3.1426 1.39217 97.4996
3.0583 1.39217 97.4996
3.0583 1.47647 97.4996
3.0583 1.56077 97.4996
3.0583 1.64507 97.4996
3.1426 1.64507 97.4996
3.2269 1.72937 97.4996
3.1426 1.81367 97.6996
3.2269 1.81367 97.6996
3.3112 1.81367 97.6996
3.3955 1.81367 97.6996
3.4798 1.81367 97.6996
3.5641 1.81367 97.6996
3.6484 1.72937 97.6996
3.7327 1.64507 97.6996
3.817 1.64507 97.6996
3.817 1.56077 97.6996
3.817 1.47647 97.6996
3.817 1.39217 97.6996
3.7327 1.39217 97.6996
3.6484 1.39217 97.6996
3.5641 1.39217 97.6996
3.4798 1.47647 97.6996
3.3955 1.47647 97.6996
3.3112 1.56077 97.6996
3.2269 1.47647 97.6996
3.1426 1.47647 97.6996
3.0583 1.47647 97.6996
3.0583 1.56077 97.6996
3.0583 1.64507 97.6996
3.0583 1.72937 97.6996
3.1426 1.81367 97.6996
2.2996 0.886372 97.6996
2.3839 0.886372 97.6996
2.4682 0.886372 97.6996
2.4682 0.802071 97.6996
2.4682 0.717772 97.6996
2.4682 0.633471 97.6996
2.3839 0.633471 97.6996
2.2996 0.549171 97.6996
2.2153 0.46487 97.6996
2.131 0.380571 97.6996
2.0467 0.29627 97.6996
1.9624 0.211971 97.6996
1.8781 0.211971 97.6996
1.7938 0.211971 97.6996
1.7095 0.211971 97.6996
1.7095 0.29627 97.6996
1.7095 0.380571 97.6996
1.7938 0.46487 97.6996
1.8781 0.549171 97.6996
1.9624 0.633471 97.6996
2.0467 0.717772 97.6996
2.131 0.717772 97.6996
2.2153 0.802071 97.6996
2.2996 0.886372 97.6996
3.2269 1.72937 97.8996
3.3112 1.72937 97.8996
3.3955 1.72937 97.8996
3.4798 1.72937 97.8996
3.5641 1.72937 97.8996
3.6484 1.64507 97.8996
3.7327 1.64507 97.8996
3.817 1.64507 97.8996
3.9013 1.56077 97.8996
3.9856 1.56077 97.8996
3.9856 1.47647 97.8996
3.9856 1.39217 97.8996
3.9013 1.39217 97.8996
3.817 1.39217 97.8996
3.7327 1.39217 97.8996
3.6484 1.47647 97.8996
3.5641 1.39217 97.8996
3.4798 1.39217 97.8996
3.3955 1.39217 97.8996
3.3112 1.39217 97.8996
3.2269 1.30787 97.8996
3.1426 1.30787 97.8996
3.0583 1.22357 97.8996
2.974 1.13927 97.8996
2.8897 1.13927 97.8996
2.8054 1.13927 97.8996
2.8054 1.22357 97.8996
2.8054 1.30787 97.8996
2.8054 1.39217 97.8996
2.8897 1.47647 97.8996
2.974 1.56077 97.8996
3.0583 1.64507 97.8996
3.1426 1.64507 97.8996
3.2269 1.72937 97.8996
2.3839 0.886372 97.8996
2.4682 0.886372 97.8996
2.5525 0.886372 97.8996
2.5525 0.802071 97.8996
2.5525 0.717772 97.8996
2.5525 0.633471 97.8996
2.4682 0.633471 97.8996
2.3839 0.549171 97.8996
2.2996 0.46487 97.8996
2.2153 0.46487 97.8996
2.131 0.380571 97.8996
2.0467 0.380571 97.8996
1.9624 0.29627 97.8996
1.8781 0.211971 97.8996
1.7938 0.211971 97.8996
1.7095 0.211971 97.8996
1.6252 0.211971 97.8996
1.6252 0.29627 97.8996
1.6252 0.380571 97.8996
1.7095 0.46487 97.8996
1.7938 0.46487 97.8996
1.8781 0.549171 97.8996
1.9624 0.633471 97.8996
2.0467 0.633471 97.8996
2.131 0.717772 97.8996
2.2153 0.802071 97.8996
2.2996 0.802071 97.8996
2.3839 0.886372 97.8996
3.4798 1.64507 98.0996
3.5641 1.64507 98.0996
3.6484 1.64507 98.0996
3.7327 1.64507 98.0996
3.817 1.64507 98.0996
3.817 1.56077 98.0996
3.817 1.47647 98.0996
3.7327 1.47647 98.0996
3.6484 1.39217 98.0996
3.5641 1.39217 98.0996
3.4798 1.30787 98.0996
3.3955 1.30787 98.0996
3.3112 1.22357 98.0996
3.2269 1.13927 98.0996
3.1426 1.13927 98.0996
3.0583 1.05497 98.0996
2.974 0.970671 98.0996
2.8897 0.970671 98.0996
2.8054 0.886372 98.0996
2.7211 0.802071 98.0996
2.6368 0.717772 98.0996
2.5525 0.717772 98.0996
2.4682 0.633471 98.0996
2.3839 0.549171 98.0996
2.2996 0.549171 98.0996
2.2153 0.549171 98.0996
2.131 0.549171 98.0996
2.131 0.633471 98.0996
2.131 0.717772 98.0996
2.2153 0.802071 98.0996
2.2996 0.802071 98.0996
2.3839 0.886372 98.0996
2.4682 0.970671 98.0996
2.5525 0.970671 98.0996
2.6368 1.05497 98.0996
2.7211 1.13927 98.0996
2.8054 1.22357 98.0996
2.8897 1.30787 98.0996
2.974 1.30787 98.0996
3.0583 1.39217 98.0996
3.1426 1.39217 98.0996
3.2269 1.47647 98.0996
3.3112 1.56077 98.0996
3.3955 1.56077 98.0996
3.4798 1.64507 98.0996
3.4798 1.89797 98.2996
3.5641 1.89797 98.2996
3.6484 1.89797 98.2996
3.7327 1.81367 98.2996
3.817 1.81367 98.2996
3.817 1.72937 98.2996
3.817 1.64507 98.2996
3.817 1.56077 98.2996
3.817 1.47647 98.2996
3.7327 1.47647 98.2996
3.6484 1.47647 98.2996
3.5641 1.39217 98.2996
3.4798 1.39217 98.2996
3.3955 1.39217 98.2996
3.3112 1.39217 98.2996
3.2269 1.30787 98.2996
3.1426 1.30787 98.2996
3.0583 1.22357 98.2996
2.974 1.13927 98.2996
2.974 1.05497 98.2996
2.8897 0.970671 98.2996
2.8054 0.886372 98.2996
2.7211 0.886372 98.2996
2.6368 0.802071 98.2996
2.6368 0.717772 98.2996
2.5525 0.633471 98.2996
2.4682 0.633471 98.2996
2.3839 0.633471 98.2996
2.3839 0.717772 98.2996
2.3839 0.802071 98.2996
2.4682 0.886372 98.2996
2.4682 0.970671 98.2996
2.5525 1.05497 98.2996
2.6368 1.13927 98.2996
2.7211 1.22357 98.2996
2.7211 1.30787 98.2996
2.8054 1.39217 98.2996
2.8054 1.47647 98.2996
2.8897 1.56077 98.2996
2.8897 1.64507 98.2996
2.974 1.72937 98.2996
3.0583 1.81367 98.2996
3.1426 1.81367 98.2996
3.2269 1.81367 98.2996
3.3112 1.81367 98.2996
3.3955 1.81367 98.2996
3.4798 1.89797 98.2996
2.974 1.89797 98.4996
3.0583 1.89797 98.4996
3.1426 1.89797 98.4996
3.2269 1.89797 98.4996
3.3112 1.89797 98.4996
3.3955 1.89797 98.4996
3.4798 1.89797 98.4996
3.5641 1.89797 98.4996
3.6484 1.89797 98.4996
3.7327 1.81367 98.4996
3.7327 1.72937 98.4996
3.7327 1.64507 98.4996
3.6484 1.64507 98.4996
3.5641 1.56077 98.4996
3.4798 1.56077 98.4996
3.3955 1.56077 98.4996
3.3112 1.47647 98.4996
3.2269 1.47647 98.4996
3.1426 1.39217 98.4996
3.0583 1.30787 98.4996
2.974 1.22357 98.4996
2.974 1.13927 98.4996
2.8897 1.05497 98.4996
2.8054 0.970671 98.4996
2.8054 0.886372 98.4996
2.7211 0.802071 98.4996
2.7211 0.717772 98.4996
2.6368 0.717772 98.4996
2.5525 0.717772 98.4996
2.4682 0.717772 98.4996
2.4682 0.802071 98.4996
2.4682 0.886372 98.4996
2.4682 0.970671 98.4996
2.4682 1.05497 98.4996
2.4682 1.13927 98.4996
2.4682 1.22357 98.4996
2.5525 1.30787 98.4996
2.5525 1.39217 98.4996
2.6368 1.47647 98.4996
2.6368 1.56077 98.4996
2.7211 1.64507 98.4996
2.8054 1.72937 98.4996
2.8054 1.81367 98.4996
2.8897 1.81367 98.4996
2.974 1.89797 98.4996
3.1426 1.98227 98.6996
3.2269 1.98227 98.6996
3.3112 1.98227 98.6996
3.3955 1.89797 98.6996
3.4798 1.89797 98.6996
3.5641 1.89797 98.6996
3.6484 1.89797 98.6996
3.6484 1.81367 98.6996
3.6484 1.72937 98.6996
3.5641 1.72937 98.6996
3.4798 1.64507 98.6996
3.3955 1.64507 98.6996
3.3112 1.56077 98.6996
3.2269 1.47647 98.6996
3.1426 1.39217 98.6996
3.0583 1.30787 98.6996
2.974 1.22357 98.6996
2.974 1.13927 98.6996
2.8897 1.13927 98.6996
2.8054 1.05497 98.6996
2.8054 0.970671 98.6996
2.7211 0.970671 98.6996
2.6368 0.970671 98.6996
2.6368 1.05497 98.6996
2.6368 1.13927 98.6996
2.6368 1.22357 98.6996
2.6368 1.30787 98.6996
2.6368 1.39217 98.6996
2.6368 1.47647 98.6996
2.7211 1.56077 98.6996
2.8054 1.64507 98.6996
2.8054 1.72937 98.6996
2.8897 1.81367 98.6996
2.974 1.81367 98.6996
3.0583 1.89797 98.6996
3.1426 1.98227 98.6996
3.1426 1.98227 98.8996
3.2269 1.98227 98.8996
3.3112 1.98227 98.8996
3.3955 1.98227 98.8996
3.4798 1.98227 98.8996
3.5641 1.98227 98.8996
3.6484 1.89797 98.8996
3.6484 1.81367 98.8996
3.6484 1.72937 98.8996
3.6484 1.64507 98.8996
3.5641 1.56077 98.8996
3.4798 1.47647 98.8996
3.3955 1.47647 98.8996
3.3112 1.39217 98.8996
3.2269 1.30787 98.8996
3.1426 1.22357 98.8996
3.0583 1.22357 98.8996
2.974 1.22357 98.8996
2.8897 1.22357 98.8996
2.8054 1.22357 98.8996
2.7211 1.22357 98.8996
2.7211 1.30787 98.8996
2.7211 1.39217 98.8996
2.7211 1.47647 98.8996
2.7211 1.56077 98.8996
2.8054 1.64507 98.8996
2.8897 1.72937 98.8996
2.974 1.81367 98.8996
3.0583 1.89797 98.8996
3.1426 1.98227 98.8996
2.974 1.89797 99.0996
3.0583 1.89797 99.0996
3.1426 1.89797 99.0996
3.2269 1.89797 99.0996
3.3112 1.89797 99.0996
3.3955 1.89797 99.0996
3.4798 1.89797 99.0996
3.5641 1.89797 99.0996
3.6484 1.89797 99.0996
3.7327 1.89797 99.0996
3.7327 1.81367 99.0996
3.7327 1.72937 99.0996
3.6484 1.64507 99.0996
3.5641 1.64507 99.0996
3.4798 1.56077 99.0996
3.3955 1.47647 99.0996
3.3112 1.47647 99.0996
3.2269 1.39217 99.0996
3.1426 1.39217 99.0996
3.0583 1.39217 99.0996
2.974 1.39217 99.0996
2.8897 1.47647 99.0996
2.8897 1.56077 99.0996
2.8897 1.64507 99.0996
2.8897 1.72937 99.0996
2.8897 1.81367 99.0996
2.974 1.89797 99.0996
2.2153 0.802071 99.0996
2.2996 0.802071 99.0996
2.3839 0.802071 99.0996
2.4682 0.802071 99.0996
2.4682 0.717772 99.0996
2.4682 0.633471 99.0996
2.3839 0.549171 99.0996
2.2996 0.46487 99.0996
2.2153 0.46487 99.0996
2.131 0.380571 99.0996
2.0467 0.29627 99.0996
1.9624 0.29627 99.0996
1.8781 0.29627 99.0996
1.7938 0.211971 99.0996
1.7095 0.211971 99.0996
1.6252 0.12767 99.0996
1.5409 0.12767 99.0996
1.4566 0.12767 99.0996
1.4566 0.211971 99.0996
1.4566 0.29627 99.0996
1.5409 0.380571 99.0996
1.6252 0.380571 99.0996
1.7095 0.46487 99.0996
1.7938 0.46487 99.0996
1.8781 0.549171 99.0996
1.9624 0.633471 99.0996
2.0467 0.633471 99.0996
2.131 0.717772 99.0996
2.2153 0.802071 99.0996
2.974 1.89797 99.2996
3.0583 1.89797 99.2996
3.1426 1.89797 99.2996
3.2269 1.89797 99.2996
3.3112 1.89797 99.2996
3.3955 1.89797 99.2996
3.4798 1.89797 99.2996
3.5641 1.81367 99.2996
3.6484 1.81367 99.2996
3.7327 1.81367 99.2996
3.817 1.81367 99.2996
3.817 1.72937 99.2996
3.817 1.64507 99.2996
3.7327 1.64507 99.2996
3.6484 1.56077 99.2996
3.5641 1.47647 99.2996
3.5641 1.39217 99.2996
3.5641 1.30787 99.2996
3.5641 1.22357 99.2996
3.4798 1.13927 99.2996
3.3955 1.05497 99.2996
3.3112 0.970671 99.2996
3.2269 0.886372 99.2996
3.1426 0.802071 99.2996
3.0583 0.802071 99.2996
2.974 0.717772 99.2996
2.8897 0.717772 99.2996
2.8054 0.633471 99.2996
2.7211 0.633471 99.2996
2.6368 0.633471 99.2996
2.5525 0.549171 99.2996
2.4682 0.46487 99.2996
2.3839 0.46487 99.2996
2.2996 0.46487 99.2996
2.2153 0.380571 99.2996
2.131 0.380571 99.2996
2.0467 0.29627 99.2996
1.9624 0.29627 99.2996
1.8781 0.211971 99.2996
1.7938 0.211971 99.2996
1.7095 0.12767 99.2996
1.6252 0.12767 99.2996
1.5409 0.12767 99.2996
1.4566 0.12767 99.2996
1.4566 0.211971 99.2996
1.4566 0.29627 99.2996
1.5409 0.29627 99.2996
1.6252 0.380571 99.2996
1.7095 0.380571 99.2996
1.7938 0.46487 99.2996
1.8781 0.549171 99.2996
1.9624 0.549171 99.2996
2.0467 0.549171 99.2996
2.131 0.633471 99.2996
2.2153 0.633471 99.2996
2.2996 0.717772 99.2996
2.3839 0.717772 99.2996
2.4682 0.802071 99.2996
2.5525 0.802071 99.2996
2.6368 0.886372 99.2996
2.7211 0.886372 99.2996
2.8054 0.970671 99.2996
2.8897 0.970671 99.2996
2.974 1.05497 99.2996
3.0583 1.13927 99.2996
3.1426 1.22357 99.2996
3.2269 1.30787 99.2996
3.1426 1.39217 99.2996
3.0583 1.39217 99.2996
2.974 1.39217 99.2996
2.8897 1.47647 99.2996
2.8054 1.56077 99.2996
2.8054 1.64507 99.2996
2.8054 1.72937 99.2996
2.8897 1.81367 99.2996
2.974 1.89797 99.2996
3.0583 1.81367 99.4996
3.1426 1.81367 99.4996
3.2269 1.81367 99.4996
3.3112 1.81367 99.4996
3.3955 1.72937 99.4996
3.4798 1.72937 99.4996
3.5641 1.72937 99.4996
3.6484 1.64507 99.4996
3.7327 1.64507 99.4996
3.817 1.64507 99.4996
3.9013 1.64507 99.4996
3.9856 1.64507 99.4996
3.9856 1.56077 99.4996
3.9856 1.47647 99.4996
3.9013 1.39217 99.4996
3.817 1.39217 99.4996
3.7327 1.30787 99.4996
3.6484 1.30787 99.4996
3.5641 1.30787 99.4996
3.4798 1.22357 99.4996
3.3955 1.13927 99.4996
3.3112 1.13927 99.4996
3.2269 1.05497 99.4996
3.1426 0.970671 99.4996
3.0583 0.886372 99.4996
3.0583 0.802071 99.4996
2.974 0.802071 99.4996
2.8897 0.717772 99.4996
2.8054 0.717772 99.4996
2.7211 0.633471 99.4996
2.6368 0.633471 99.4996
2.5525 0.633471 99.4996
2.4682 0.633471 99.4996
2.3839 0.549171 99.4996
2.2996 0.549171 99.4996
2.2153 0.549171 99.4996
2.131 0.549171 99.4996
2.0467 0.549171 99.4996
2.0467 0.633471 99.4996
2.0467 0.717772 99.4996
2.131 0.802071 99.4996
2.2153 0.802071 99.4996
2.2996 0.886372 99.4996
2.3839 0.886372 99.4996
2.4682 0.886372 99.4996
2.5525 0.886372 99.4996
2.6368 0.970671 99.4996
2.6368 1.05497 99.4996
2.7211 1.13927 99.4996
2.7211 1.22357 99.4996
2.8054 1.30787 99.4996
2.8054 1.39217 99.4996
2.8897 1.47647 99.4996
2.8897 1.56077 99.4996
2.974 1.64507 99.4996
3.0583 1.72937 99.4996
3.0583 1.81367 99.4996
3.1426 1.72937 99.6996
3.2269 1.72937 99.6996
3.3112 1.72937 99.6996
3.3955 1.64507 99.6996
3.4798 1.64507 99.6996
3.5641 1.64507 99.6996
3.6484 1.64507 99.6996
3.7327 1.64507 99.6996
3.817 1.64507 99.6996
3.817 1.56077 99.6996
3.817 1.47647 99.6996
3.817 1.39217 99.6996
3.817 1.30787 99.6996
3.817 1.22357 99.6996
3.817 1.13927 99.6996
3.7327 1.13927 99.6996
3.6484 1.05497 99.6996
3.5641 1.05497 99.6996
3.4798 0.970671 99.6996
3.3955 0.970671 99.6996
3.3112 0.970671 99.6996
3.2269 0.970671 99.6996
3.1426 0.886372 99.6996
3.0583 0.886372 99.6996
2.974 0.802071 99.6996
2.8897 0.802071 99.6996
2.8054 0.717772 99.6996
2.7211 0.633471 99.6996
2.6368 0.549171 99.6996
2.5525 0.549171 99.6996
2.4682 0.549171 99.6996
2.3839 0.549171 99.6996
2.2996 0.549171 99.6996
2.2153 0.549171 99.6996
2.131 0.549171 99.6996
2.131 0.633471 99.6996
2.131 0.717772 99.6996
2.2153 0.717772 99.6996
2.2996 0.802071 99.6996
2.3839 0.886372 99.6996
2.4682 0.970671 99.6996
2.5525 1.05497 99.6996
2.6368 1.13927 99.6996
2.7211 1.22357 99.6996
2.8054 1.30787 99.6996
2.8897 1.39217 99.6996
2.974 1.47647 99.6996
2.974 1.56077 99.6996
3.0583 1.64507 99.6996
3.1426 1.72937 99.6996
3.1426 1.64507 99.8996
3.2269 1.64507 99.8996
3.3112 1.64507 99.8996
3.3955 1.64507 99.8996
3.4798 1.64507 99.8996
3.5641 1.64507 99.8996
3.6484 1.64507 99.8996
3.7327 1.64507 99.8996
3.7327 1.56077 99.8996
3.7327 1.47647 99.8996
3.7327 1.39217 99.8996
3.7327 1.30787 99.8996
3.7327 1.22357 99.8996
3.7327 1.13927 99.8996
3.6484 1.05497 99.8996
3.5641 1.05497 99.8996
3.4798 0.970671 99.8996
3.3955 0.970671 99.8996
3.3112 0.970671 99.8996
3.2269 0.886372 99.8996
3.1426 0.886372 99.8996
3.0583 0.802071 99.8996
2.974 0.717772 99.8996
2.8897 0.633471 99.8996
2.8054 0.633471 99.8996
2.7211 0.549171 99.8996
2.6368 0.549171 99.8996
2.5525 0.46487 99.8996
2.4682 0.46487 99.8996
2.3839 0.46487 99.8996
2.2996 0.549171 99.8996
2.2996 0.633471 99.8996
2.2996 0.717772 99.8996
2.2996 0.802071 99.8996
2.3839 0.886372 99.8996
2.4682 0.970671 99.8996
2.5525 1.05497 99.8996
2.6368 1.13927 99.8996
2.7211 1.13927 99.8996
2.8054 1.22357 99.8996
2.8054 1.30787 99.8996
2.8897 1.39217 99.8996
2.974 1.47647 99.8996
3.0583 1.56077 99.8996
3.1426 1.64507 99.8996
3.3112 1.56077 100.1
3.3955 1.56077 100.1
3.4798 1.56077 100.1
3.5641 1.56077 100.1
3.6484 1.56077 100.1
3.6484 1.47647 100.1
3.6484 1.39217 100.1
3.6484 1.30787 100.1
3.6484 1.22357 100.1
3.6484 1.13927 100.1
3.6484 1.05497 100.1
3.6484 0.970671 100.1
3.5641 0.886372 100.1
3.4798 0.886372 100.1
3.3955 0.886372 100.1
3.3112 0.886372 100.1
3.2269 0.886372 100.1
3.1426 0.802071 100.1
3.0583 0.802071 100.1
2.974 0.717772 100.1
2.8897 0.717772 100.1
2.8054 0.717772 100.1
2.7211 0.633471 100.1
2.6368 0.633471 100.1
2.5525 0.633471 100.1
2.4682 0.633471 100.1
2.3839 0.633471 100.1
2.2996 0.633471 100.1
2.2996 0.717772 100.1
2.2996 0.802071 100.1
2.3839 0.886372 100.1
2.4682 0.886372 100.1
2.5525 0.970671 100.1
2.6368 1.05497 100.1
2.7211 1.13927 100.1
2.8054 1.22357 100.1
2.8897 1.22357 100.1
2.974 1.30787 100.1
3.0583 1.39217 100.1
3.1426 1.47647 100.1
3.2269 1.47647 100.1
3.3112 1.56077 100.1
3.4798 1.39217 100.3
3.5641 1.39217 100.3
3.5641 1.30787 100.3
3.5641 1.22357 100.3
3.5641 1.13927 100.3
3.5641 1.05497 100.3
3.6484 0.970671 100.3
3.6484 0.886372 100.3
3.5641 0.886372 100.3
3.4798 0.802071 100.3
3.3955 0.802071 100.3
3.3112 0.802071 100.3
3.2269 0.717772 100.3
3.1426 0.717772 100.3
3.0583 0.717772 100.3
2.974 0.717772 100.3
2.8897 0.717772 100.3
2.8054 0.717772 100.3
2.7211 0.717772 100.3
2.6368 0.717772 100.3
2.5525 0.802071 100.3
2.5525 0.886372 100.3
2.5525 0.970671 100.3
2.5525 1.05497 100.3
2.6368 1.05497 100.3
2.7211 1.13927 100.3
2.8054 1.22357 100.3
2.8897 1.22357 100.3
2.974 1.22357 100.3
3.0583 1.30787 100.3
3.1426 1.30787 100.3
3.2269 1.30787 100.3
3.3112 1.30787 100.3
3.3955 1.30787 100.3
3.4798 1.39217 100.3
3.3955 1.30787 100.5
3.4798 1.30787 100.5
3.4798 1.22357 100.5
3.4798 1.13927 100.5
3.4798 1.05497 100.5
3.5641 0.970671 100.5
3.4798 0.970671 100.5
3.3955 0.886372 100.5
3.3112 0.802071 100.5
3.2269 0.802071 100.5
3.1426 0.802071 100.5
3.0583 0.802071 100.5
2.974 0.802071 100.5
2.8897 0.802071 100.5
2.8054 0.886372 100.5
2.7211 0.886372 100.5
2.6368 0.886372 100.5
2.6368 0.970671 100.5
2.6368 1.05497 100.5
2.6368 1.13927 100.5
2.7211 1.13927 100.5
2.8054 1.13927 100.5
2.8897 1.13927 100.5
2.974 1.13927 100.5
3.0583 1.22357 100.5
3.1426 1.22357 100.5
3.2269 1.22357 100.5
3.3112 1.22357 100.5
3.3955 1.30787 100.5
1.7938 0.549171 100.5
1.8781 0.549171 100.5
1.9624 0.549171 100.5
2.0467 0.549171 100.5
2.131 0.549171 100.5
2.131 0.46487 100.5
2.131 0.380571 100.5
2.0467 0.380571 100.5
1.9624 0.29627 100.5
1.8781 0.29627 100.5
1.7938 0.211971 100.5
1.7095 0.211971 100.5
1.6252 0.12767 100.5
1.5409 0.0433712 100.5
1.4566 -0.0409298 100.5
1.3723 -0.125229 100.5
1.288 -0.20953 100.5
1.2037 -0.20953 100.5
1.1194 -0.20953 100.5
1.1194 -0.125229 100.5
1.1194 -0.0409298 100.5
1.1194 0.0433712 100.5
1.2037 0.12767 100.5
1.288 0.12767 100.5
1.3723 0.211971 100.5
1.4566 0.29627 100.5
1.5409 0.380571 100.5
1.6252 0.46487 100.5
1.7095 0.46487 100.5
1.7938 0.549171 100.5
2.974 1.22357 100.7
3.0583 1.22357 100.7
3.1426 1.22357 100.7
3.2269 1.22357 100.7
3.3112 1.22357 100.7
3.3955 1.22357 100.7
3.4798 1.22357 100.7
3.4798 1.13927 100.7
3.4798 1.05497 100.7
3.5641 0.970671 100.7
3.5641 0.886372 100.7
3.6484 0.802071 100.7
3.5641 0.802071 100.7
3.4798 0.717772 100.7
3.3955 0.717772 100.7
3.3112 0.717772 100.7
3.2269 0.717772 100.7
3.1426 0.717772 100.7
3.0583 0.717772 100.7
2.974 0.717772 100.7
2.974 0.802071 100.7
2.8897 0.886372 100.7
2.8054 0.886372 100.7
2.8054 0.970671 100.7
2.8054 1.05497 100.7
2.8054 1.13927 100.7
2.8897 1.13927 100.7
2.974 1.22357 100.7
2.2153 0.549171 100.7
2.2996 0.549171 100.7
2.3839 0.549171 100.7
2.4682 0.549171 100.7
2.4682 0.46487 100.7
2.4682 0.380571 100.7
2.3839 0.29627 100.7
2.2996 0.29627 100.7
2.2153 0.211971 100.7
2.131 0.12767 100.7
2.0467 0.12767 100.7
1.9624 0.0433712 100.7
1.8781 -0.0409298 100.7
1.7938 -0.0409298 100.7
1.7095 -0.125229 100.7
1.6252 -0.20953 100.7
1.5409 -0.20953 100.7
1.4566 -0.293829 100.7
1.3723 -0.37813 100.7
1.288 -0.462429 100.7
1.2037 -0.462429 100.7
1.1194 -0.462429 100.7
1.1194 -0.37813 100.7
1.1194 -0.293829 100.7
1.1194 -0.20953 100.7
1.1194 -0.125229 100.7
1.1194 -0.0409298 100.7
1.2037 0.0433712 100.7
1.288 0.0433712 100.7
1.3723 0.12767 100.7
1.4566 0.12767 100.7
1.5409 0.12767 100.7
1.6252 0.211971 100.7
1.7095 0.211971 100.7
1.7938 0.29627 100.7
1.8781 0.380571 100.7
1.9624 0.380571 100.7
2.0467 0.46487 100.7
2.131 0.46487 100.7
2.2153 0.549171 100.7
3.2269 1.22357 100.9
3.3112 1.22357 100.9
3.3955 1.22357 100.9
3.4798 1.22357 100.9
3.4798 1.13927 100.9
3.4798 1.05497 100.9
3.5641 0.970671 100.9
3.5641 0.886372 100.9
3.6484 0.802071 100.9
3.6484 0.717772 100.9
3.6484 0.633471 100.9
3.5641 0.549171 100.9
3.4798 0.46487 100.9
3.3955 0.46487 100.9
3.3112 0.380571 100.9
3.2269 0.29627 100.9
3.1426 0.211971 100.9
3.0583 0.211971 100.9
2.974 0.12767 100.9
2.8897 0.0433712 100.9
2.8054 0.0433712 100.9
2.7211 0.0433712 100.9
2.6368 0.0433712 100.9
2.5525 0.0433712 100.9
2.4682 -0.0409298 100.9
2.3839 -0.125229 100.9
2.2996 -0.20953 100.9
2.2153 -0.20953 100.9
2.131 -0.20953 100.9
2.0467 -0.20953 100.9
1.9624 -0.20953 100.9
1.8781 -0.20953 100.9
1.7938 -0.20953 100.9
1.7095 -0.20953 100.9
1.6252 -0.20953 100.9
1.6252 -0.125229 100.9
1.6252 -0.0409298 100.9
1.7095 0.0433712 100.9
1.7938 0.12767 100.9
1.8781 0.211971 100.9
1.9624 0.29627 100.9
2.0467 0.29627 100.9
2.131 0.380571 100.9
2.2153 0.46487 100.9
2.2996 0.46487 100.9
2.3839 0.549171 100.9
2.4682 0.633471 100.9
2.5525 0.717772 100.9
2.6368 0.802071 100.9
2.7211 0.802071 100.9
2.8054 0.886372 100.9
2.8897 0.970671 100.9
2.974 1.05497 100.9
3.0583 1.13927 100.9
3.1426 1.13927 100.9
3.2269 1.22357 100.9
3.4798 1.13927 101.1
3.4798 1.05497 101.1
3.5641 0.970671 101.1
3.5641 0.886372 101.1
3.6484 0.802071 101.1
3.6484 0.717772 101.1
3.6484 0.633471 101.1
3.5641 0.549171 101.1
3.4798 0.46487 101.1
3.3955 0.46487 101.1
3.3112 0.46487 101.1
3.2269 0.380571 101.1
3.1426 0.380571 101.1
3.0583 0.29627 101.1
2.974 0.211971 101.1
2.8897 0.211971 101.1
2.8054 0.211971 101.1
2.7211 0.12767 101.1
2.6368 0.12767 101.1
2.5525 0.0433712 101.1
2.4682 0.0433712 101.1
2.3839 0.0433712 101.1
2.2996 -0.0409298 101.1
2.2153 -0.125229 101.1
2.131 -0.125229 101.1
2.0467 -0.125229 101.1
1.9624 -0.125229 101.1
1.9624 -0.0409298 101.1
1.9624 0.0433712 101.1
1.9624 0.12767 101.1
1.9624 0.211971 101.1
1.9624 0.29627 101.1
2.0467 0.380571 101.1
2.131 0.46487 101.1
2.2153 0.549171 101.1
2.2996 0.633471 101.1
2.3839 0.717772 101.1
2.4682 0.802071 101.1
2.5525 0.802071 101.1
2.6368 0.886372 101.1
2.7211 0.886372 101.1
2.8054 0.970671 101.1
2.8897 1.05497 101.1
2.974 1.05497 101.1
3.0583 1.05497 101.1
3.1426 1.05497 101.1
3.2269 1.05497 101.1
3.3112 1.05497 101.1
3.3955 1.05497 101.1
3.4798 1.13927 101.1
3.3112 1.13927 101.3
3.3955 1.13927 101.3
3.4798 1.13927 101.3
3.4798 1.05497 101.3
3.5641 0.970671 101.3
3.5641 0.886372 101.3
3.6484 0.802071 101.3
3.6484 0.717772 101.3
3.6484 0.633471 101.3
3.7327 0.549171 101.3
3.6484 0.549171 101.3
3.5641 0.46487 101.3
3.4798 0.46487 101.3
3.3955 0.46487 101.3
3.3112 0.380571 101.3
3.2269 0.380571 101.3
3.1426 0.29627 101.3
3.0583 0.29627 101.3
2.974 0.29627 101.3
2.8897 0.29627 101.3
2.8054 0.29627 101.3
2.7211 0.29627 101.3
2.6368 0.211971 101.3
2.5525 0.12767 101.3
2.4682 0.12767 101.3
2.3839 0.0433712 101.3
2.2996 -0.0409298 101.3
2.2153 -0.125229 101.3
2.131 -0.20953 101.3
2.0467 -0.20953 101.3
1.9624 -0.20953 101.3
1.9624 -0.125229 101.3
1.9624 -0.0409298 101.3
1.9624 0.0433712 101.3
1.9624 0.12767 101.3
2.0467 0.211971 101.3
2.0467 0.29627 101.3
2.131 0.380571 101.3
2.2153 0.46487 101.3
2.2996 0.549171 101.3
2.3839 0.633471 101.3
2.4682 0.717772 101.3
2.5525 0.802071 101.3
2.6368 0.802071 101.3
2.7211 0.886372 101.3
2.8054 0.886372 101.3
2.8897 0.970671 101.3
2.974 0.970671 101.3
3.0583 0.970671 101.3
3.1426 1.05497 101.3
3.2269 1.05497 101.3
3.3112 1.13927 101.3
3.3955 1.22357 101.5
3.4798 1.22357 101.5
3.5641 1.22357 101.5
3.5641 1.13927 101.5
3.5641 1.05497 101.5
3.6484 0.970671 101.5
3.6484 0.886372 101.5
3.7327 0.802071 101.5
3.7327 0.717772 101.5
3.7327 0.633471 101.5
3.6484 0.549171 101.5
3.5641 0.46487 101.5
3.4798 0.380571 101.5
3.3955 0.29627 101.5
3.3112 0.29627 101.5
3.2269 0.211971 101.5
3.1426 0.211971 101.5
3.0583 0.12767 101.5
2.974 0.12767 101.5
2.8897 0.12767 101.5
2.8054 0.0433712 101.5
2.7211 0.0433712 101.5
2.6368 0.0433712 101.5
2.5525 0.0433712 101.5
2.4682 0.0433712 101.5
2.3839 0.0433712 101.5
2.2996 0.12767 101.5
2.2996 0.211971 101.5
2.2153 0.29627 101.5
2.2153 0.380571 101.5
2.2153 0.46487 101.5
2.2153 0.549171 101.5
2.2153 0.633471 101.5
2.2996 0.717772 101.5
2.3839 0.717772 101.5
2.4682 0.802071 101.5
2.5525 0.802071 101.5
2.6368 0.802071 101.5
2.7211 0.886372 101.5
2.8054 0.886372 101.5
2.8897 0.970671 101.5
2.974 1.05497 101.5
3.0583 1.05497 101.5
3.1426 1.13927 101.5
3.2269 1.13927 101.5
3.3112 1.13927 101.5
3.3955 1.22357 101.5
3.5641 1.05497 101.7
3.6484 1.05497 101.7
3.7327 0.970671 101.7
3.7327 0.886372 101.7
3.7327 0.802071 101.7
3.817 0.717772 101.7
3.817 0.633471 101.7
3.817 0.549171 101.7
3.817 0.46487 101.7
3.7327 0.46487 101.7
3.6484 0.46487 101.7
3.5641 0.380571 101.7
3.4798 0.29627 101.7
3.3955 0.29627 101.7
3.3112 0.29627 101.7
3.2269 0.29627 101.7
3.1426 0.211971 101.7
3.0583 0.211971 101.7
2.974 0.12767 101.7
2.8897 0.12767 101.7
2.8054 0.12767 101.7
2.7211 0.12767 101.7
2.6368 0.12767 101.7
2.6368 0.211971 101.7
2.6368 0.29627 101.7
2.5525 0.380571 101.7
2.4682 0.380571 101.7
2.4682 0.46487 101.7
2.4682 0.549171 101.7
2.5525 0.633471 101.7
2.6368 0.717772 101.7
2.7211 0.802071 101.7
2.8054 0.802071 101.7
2.8897 0.886372 101.7
2.974 0.886372 101.7
3.0583 0.970671 101.7
3.1426 0.970671 101.7
3.2269 0.970671 101.7
3.3112 0.970671 101.7
3.3955 0.970671 101.7
3.4798 0.970671 101.7
3.5641 1.05497 101.7
3.5641 1.13927 101.9
3.6484 1.13927 101.9
3.7327 1.13927 101.9
3.7327 1.05497 101.9
3.7327 0.970671 101.9
3.7327 0.886372 101.9
3.7327 0.802071 101.9
3.817 0.717772 101.9
3.817 0.633471 101.9
3.817 0.549171 101.9
3.9013 0.46487 101.9
3.817 0.46487 101.9
3.7327 0.46487 101.9
3.6484 0.46487 101.9
3.5641 0.380571 101.9
3.4798 0.380571 101.9
3.3955 0.380571 101.9
3.3112 0.380571 101.9
3.2269 0.29627 101.9
3.1426 0.29627 101.9
3.0583 0.29627 101.9
2.974 0.29627 101.9
2.8897 0.29627 101.9
2.8054 0.29627 101.9
2.7211 0.380571 101.9
2.6368 0.380571 101.9
2.6368 0.46487 101.9
2.6368 0.549171 101.9
2.6368 0.633471 101.9
2.7211 0.633471 101.9
2.8054 0.717772 101.9
2.8897 0.802071 101.9
2.974 0.886372 101.9
3.0583 0.886372 101.9
3.1426 0.970671 101.9
3.2269 0.970671 101.9
3.3112 0.970671 101.9
3.3955 1.05497 101.9
3.4798 1.05497 101.9
3.5641 1.13927 101.9
3.6484 0.970671 102.1
3.7327 0.970671 102.1
3.817 0.970671 102.1
3.817 0.886372 102.1
3.817 0.802071 102.1
3.9013 0.717772 102.1
3.9013 0.633471 102.1
3.9013 0.549171 102.1
3.9856 0.46487 102.1
3.9856 0.380571 102.1
3.9013 0.380571 102.1
3.817 0.29627 102.1
3.7327 0.29627 102.1
3.6484 0.211971 102.1
3.5641 0.211971 102.1
3.4798 0.12767 102.1
3.3955 0.12767 102.1
3.3112 0.12767 102.1
3.2269 0.12767 102.1
3.1426 0.12767 102.1
3.0583 0.211971 102.1
2.974 0.29627 102.1
2.8897 0.29627 102.1
2.8897 0.380571 102.1
2.8897 0.46487 102.1
2.974 0.549171 102.1
3.0583 0.633471 102.1
3.1426 0.717772 102.1
3.2269 0.802071 102.1
3.3112 0.802071 102.1
3.3955 0.802071 102.1
3.4798 0.886372 102.1
3.5641 0.886372 102.1
3.6484 0.970671 102.1
2.5525 -0.631029 102.1
2.6368 -0.631029 102.1
2.7211 -0.631029 102.1
2.8054 -0.631029 102.1
2.8897 -0.631029 102.1
2.8897 -0.71533 102.1
2.8897 -0.799629 102.1
2.8897 -0.88393 102.1
2.8054 -0.968229 102.1
2.8054 -1.05253 102.1
2.7211 -1.13683 102.1
2.6368 -1.22113 102.1
2.5525 -1.22113 102.1
2.4682 -1.30543 102.1
2.3839 -1.30543 102.1
2.2996 -1.30543 102.1
2.2153 -1.30543 102.1
2.131 -1.30543 102.1
2.0467 -1.30543 102.1
1.9624 -1.30543 102.1
1.8781 -1.30543 102.1
1.7938 -1.30543 102.1
1.7095 -1.30543 102.1
1.6252 -1.30543 102.1
1.5409 -1.30543 102.1
1.4566 -1.30543 102.1
1.3723 -1.30543 102.1
1.288 -1.22113 102.1
1.2037 -1.22113 102.1
1.1194 -1.22113 102.1
1.0351 -1.22113 102.1
0.950798 -1.22113 102.1
0.950798 -1.13683 102.1
0.950798 -1.05253 102.1
1.0351 -1.05253 102.1
1.1194 -1.05253 102.1
1.2037 -1.05253 102.1
1.288 -1.05253 102.1
1.3723 -0.968229 102.1
1.4566 -0.968229 102.1
1.5409 -0.968229 102.1
1.6252 -0.968229 102.1
1.7095 -0.968229 102.1
1.7938 -0.88393 102.1
1.8781 -0.88393 102.1
1.9624 -0.88393 102.1
2.0467 -0.799629 102.1
2.131 -0.799629 102.1
2.2153 -0.799629 102.1
2.2996 -0.71533 102.1
2.3839 -0.71533 102.1
2.4682 -0.71533 102.1
2.5525 -0.631029 102.1
3.817 0.886372 102.3
3.9013 0.886372 102.3
3.9013 0.802071 102.3
3.9856 0.717772 102.3
3.9856 0.633471 102.3
3.9856 0.549171 102.3
4.0699 0.46487 102.3
4.0699 0.380571 102.3
4.1542 0.29627 102.3
4.2385 0.211971 102.3
4.3228 0.12767 102.3
4.2385 0.12767 102.3
4.1542 0.0433712 102.3
4.0699 0.0433712 102.3
3.9856 0.0433712 102.3
3.9013 0.0433712 102.3
3.817 0.0433712 102.3
3.7327 0.0433712 102.3
3.6484 0.0433712 102.3
3.5641 0.12767 102.3
3.4798 0.211971 102.3
3.3955 0.29627 102.3
3.3112 0.29627 102.3
3.2269 0.29627 102.3
3.2269 0.380571 102.3
3.2269 0.46487 102.3
3.2269 0.549171 102.3
3.2269 0.633471 102.3
3.3112 0.717772 102.3
3.3955 0.717772 102.3
3.4798 0.802071 102.3
3.5641 0.802071 102.3
3.6484 0.802071 102.3
3.7327 0.802071 102.3
3.817 0.886372 102.3
2.2153 -0.462429 102.3
2.2996 -0.462429 102.3
2.3839 -0.462429 102.3
2.4682 -0.462429 102.3
2.5525 -0.462429 102.3
2.6368 -0.462429 102.3
2.7211 -0.54673 102.3
2.7211 -0.631029 102.3
2.7211 -0.71533 102.3
2.7211 -0.799629 102.3
2.7211 -0.88393 102.3
2.6368 -0.968229 102.3
2.5525 -0.968229 102.3
2.4682 -0.968229 102.3
2.3839 -0.968229 102.3
2.2996 -0.968229 102.3
2.2153 -1.05253 102.3
2.131 -1.05253 102.3
2.0467 -1.05253 102.3
1.9624 -1.05253 102.3
1.8781 -1.05253 102.3
1.7938 -1.05253 102.3
1.7095 -1.05253 102.3
1.6252 -1.13683 102.3
1.5409 -1.13683 102.3
1.4566 -1.22113 102.3
1.3723 -1.30543 102.3
1.288 -1.30543 102.3
1.2037 -1.38973 102.3
1.1194 -1.38973 102.3
1.0351 -1.38973 102.3
0.950798 -1.38973 102.3
0.866499 -1.38973 102.3
0.866499 -1.30543 102.3
0.866499 -1.22113 102.3
0.866499 -1.13683 102.3
0.950798 -1.05253 102.3
1.0351 -1.05253 102.3
1.1194 -0.968229 102.3
1.2037 -0.968229 102.3
1.288 -0.968229 102.3
1.3723 -0.968229 102.3
1.4566 -0.88393 102.3
1.5409 -0.88393 102.3
1.6252 -0.799629 102.3
1.7095 -0.71533 102.3
1.7938 -0.631029 102.3
1.8781 -0.631029 102.3
1.9624 -0.631029 102.3
2.0467 -0.54673 102.3
2.131 -0.54673 102.3
2.2153 -0.462429 102.3
3.9856 0.886372 102.5
4.0699 0.886372 102.5
4.1542 0.886372 102.5
4.2385 0.886372 102.5
4.3228 0.802071 102.5
4.3228 0.717772 102.5
4.3228 0.633471 102.5
4.4071 0.549171 102.5
4.4914 0.46487 102.5
4.5757 0.380571 102.5
4.66 0.29627 102.5
4.7443 0.211971 102.5
4.8286 0.12767 102.5
4.7443 0.12767 102.5
4.66 0.12767 102.5
4.5757 0.12767 102.5
4.4914 0.0433712 102.5
4.4071 0.0433712 102.5
4.3228 0.0433712 102.5
4.2385 -0.0409298 102.5
4.1542 -0.0409298 102.5
4.0699 -0.0409298 102.5
3.9856 -0.0409298 102.5
3.9013 -0.0409298 102.5
3.817 0.0433712 102.5
3.7327 0.0433712 102.5
3.6484 0.12767 102.5
3.5641 0.211971 102.5
3.4798 0.29627 102.5
3.3955 0.29627 102.5
3.3112 0.29627 102.5
3.3112 0.380571 102.5
3.3112 0.46487 102.5
3.3112 0.549171 102.5
3.3955 0.633471 102.5
3.4798 0.633471 102.5
3.5641 0.633471 102.5
3.6484 0.717772 102.5
3.7327 0.802071 102.5
3.817 0.802071 102.5
3.9013 0.802071 102.5
3.9856 0.886372 102.5
2.3839 -0.37813 102.5
2.4682 -0.37813 102.5
2.5525 -0.37813 102.5
2.6368 -0.37813 102.5
2.7211 -0.37813 102.5
2.8054 -0.37813 102.5
2.8897 -0.462429 102.5
2.974 -0.462429 102.5
2.974 -0.54673 102.5
2.974 -0.631029 102.5
2.974 -0.71533 102.5
2.8897 -0.71533 102.5
2.8054 -0.799629 102.5
2.7211 -0.88393 102.5
2.6368 -0.88393 102.5
2.5525 -0.968229 102.5
2.4682 -0.968229 102.5
2.3839 -0.968229 102.5
2.2996 -1.05253 102.5
2.2153 -1.13683 102.5
2.131 -1.13683 102.5
2.0467 -1.13683 102.5
1.9624 -1.22113 102.5
1.8781 -1.22113 102.5
1.7938 -1.22113 102.5
1.7095 -1.22113 102.5
1.6252 -1.22113 102.5
1.5409 -1.22113 102.5
1.4566 -1.30543 102.5
1.3723 -1.30543 102.5
1.288 -1.30543 102.5
1.2037 -1.30543 102.5
1.1194 -1.30543 102.5
1.0351 -1.30543 102.5
0.950798 -1.30543 102.5
0.866499 -1.30543 102.5
0.866499 -1.22113 102.5
0.866499 -1.13683 102.5
0.950798 -1.13683 102.5
1.0351 -1.13683 102.5
1.1194 -1.13683 102.5
1.2037 -1.13683 102.5
1.288 -1.13683 102.5
1.3723 -1.05253 102.5
1.4566 -1.05253 102.5
1.5409 -0.968229 102.5
1.6252 -0.88393 102.5
1.7095 -0.799629 102.5
1.7938 -0.71533 102.5
1.8781 -0.631029 102.5
1.9624 -0.631029 102.5
2.0467 -0.54673 102.5
2.131 -0.462429 102.5
2.2153 -0.462429 102.5
2.2996 -0.462429 102.5
2.3839 -0.37813 102.5
4.2385 0.802071 102.7
4.3228 0.802071 102.7
4.4071 0.802071 102.7
4.4914 0.802071 102.7
4.5757 0.802071 102.7
4.66 0.802071 102.7
4.7443 0.802071 102.7
4.8286 0.717772 102.7
4.9129 0.633471 102.7
4.9972 0.549171 102.7
5.0815 0.46487 102.7
5.1658 0.380571 102.7
5.2501 0.29627 102.7
5.3344 0.29627 102.7
5.4187 0.29627 102.7
5.503 0.29627 102.7
5.5873 0.29627 102.7
5.6716 0.29627 102.7
5.7559 0.211971 102.7
5.6716 0.12767 102.7
5.6716 0.0433712 102.7
5.5873 -0.0409298 102.7
5.503 -0.0409298 102.7
5.4187 -0.0409298 102.7
5.3344 -0.125229 102.7
5.2501 -0.125229 102.7
5.1658 -0.125229 102.7
5.0815 -0.125229 102.7
4.9972 -0.125229 102.7
4.9129 -0.0409298 102.7
4.8286 -0.0409298 102.7
4.7443 -0.0409298 102.7
4.66 0.0433712 102.7
4.5757 0.0433712 102.7
4.4914 0.0433712 102.7
4.4071 0.0433712 102.7
4.3228 0.0433712 102.7
4.2385 0.0433712 102.7
4.1542 0.12767 102.7
4.0699 0.12767 102.7
3.9856 0.211971 102.7
3.9013 0.211971 102.7
3.817 0.29627 102.7
3.7327 0.29627 102.7
3.6484 0.211971 102.7
3.5641 0.12767 102.7
3.5641 0.0433712 102.7
3.5641 -0.0409298 102.7
3.4798 -0.125229 102.7
3.4798 -0.20953 102.7
3.4798 -0.293829 102.7
3.4798 -0.37813 102.7
3.4798 -0.462429 102.7
3.3955 -0.54673 102.7
3.3112 -0.631029 102.7
3.2269 -0.71533 102.7
3.1426 -0.799629 102.7
3.0583 -0.799629 102.7
2.974 -0.799629 102.7
2.8897 -0.799629 102.7
2.8054 -0.799629 102.7
2.7211 -0.799629 102.7
2.6368 -0.799629 102.7
2.5525 -0.799629 102.7
2.4682 -0.88393 102.7
2.3839 -0.88393 102.7
2.2996 -0.88393 102.7
2.2153 -0.88393 102.7
2.131 -0.968229 102.7
2.0467 -0.968229 102.7
1.9624 -0.968229 102.7
1.8781 -0.968229 102.7
1.7938 -1.05253 102.7
1.7095 -1.05253 102.7
1.6252 -1.05253 102.7
1.6252 -0.968229 102.7
1.6252 -0.88393 102.7
1.6252 -0.799629 102.7
1.7095 -0.799629 102.7
1.7938 -0.71533 102.7
1.8781 -0.631029 102.7
1.9624 -0.631029 102.7
2.0467 -0.54673 102.7
2.131 -0.54673 102.7
2.2153 -0.54673 102.7
2.2996 -0.54673 102.7
2.3839 -0.54673 102.7
2.4682 -0.462429 102.7
2.5525 -0.462429 102.7
2.6368 -0.462429 102.7
2.7211 -0.462429 102.7
2.8054 -0.462429 102.7
2.8897 -0.462429 102.7
2.974 -0.37813 102.7
2.974 -0.293829 102.7
2.974 -0.20953 102.7
2.974 -0.125229 102.7
2.974 -0.0409298 102.7
2.974 0.0433712 102.7
2.974 0.12767 102.7
3.0583 0.211971 102.7
3.0583 0.29627 102.7
3.1426 0.29627 102.7
3.2269 0.380571 102.7
3.2269 0.46487 102.7
3.3112 0.549171 102.7
3.3955 0.549171 102.7
3.4798 0.549171 102.7
3.5641 0.549171 102.7
3.6484 0.633471 102.7
3.6484 0.717772 102.7
3.7327 0.717772 102.7
3.817 0.717772 102.7
3.9013 0.717772 102.7
3.9856 0.717772 102.7
4.0699 0.717772 102.7
4.1542 0.717772 102.7
4.2385 0.802071 102.7
4.8286 1.22357 102.9
4.9129 1.22357 102.9
4.9972 1.22357 102.9
5.0815 1.22357 102.9
5.1658 1.13927 102.9
5.1658 1.05497 102.9
5.1658 0.970671 102.9
5.2501 0.886372 102.9
5.3344 0.802071 102.9
5.4187 0.717772 102.9
5.503 0.717772 102.9
5.5873 0.717772 102.9
5.5873 0.633471 102.9
5.6716 0.549171 102.9
5.6716 0.46487 102.9
5.6716 0.380571 102.9
5.6716 0.29627 102.9
5.7559 0.211971 102.9
5.8402 0.12767 102.9
5.9245 0.0433712 102.9
6.0088 -0.0409298 102.9
6.0931 -0.0409298 102.9
6.1774 -0.125229 102.9
6.1774 -0.20953 102.9
6.1774 -0.293829 102.9
6.1774 -0.37813 102.9
6.0931 -0.37813 102.9
6.0088 -0.37813 102.9
5.9245 -0.37813 102.9
5.8402 -0.293829 102.9
5.7559 -0.293829 102.9
5.6716 -0.293829 102.9
5.5873 -0.293829 102.9
5.503 -0.20953 102.9
5.4187 -0.20953 102.9
5.3344 -0.20953 102.9
5.2501 -0.20953 102.9
5.1658 -0.20953 102.9
5.0815 -0.20953 102.9
4.9972 -0.125229 102.9
4.9129 -0.125229 102.9
4.8286 -0.125229 102.9
4.7443 -0.0409298 102.9
4.66 -0.0409298 102.9
4.5757 0.0433712 102.9
4.4914 0.0433712 102.9
4.4071 0.12767 102.9
4.3228 0.12767 102.9
4.2385 0.0433712 102.9
4.1542 0.0433712 102.9
4.0699 0.0433712 102.9
3.9856 -0.0409298 102.9
3.9013 -0.0409298 102.9
3.817 -0.125229 102.9
3.817 -0.20953 102.9
3.817 -0.293829 102.9
3.817 -0.37813 102.9
3.817 -0.462429 102.9
3.817 -0.54673 102.9
3.817 -0.631029 102.9
3.817 -0.71533 102.9
3.7327 -0.71533 102.9
3.6484 -0.71533 102.9
3.5641 -0.71533 102.9
3.4798 -0.799629 102.9
3.3955 -0.799629 102.9
3.3112 -0.799629 102.9
3.2269 -0.71533 102.9
3.1426 -0.71533 102.9
3.0583 -0.71533 102.9
2.974 -0.71533 102.9
2.8897 -0.631029 102.9
2.8897 -0.54673 102.9
2.8897 -0.462429 102.9
2.8897 -0.37813 102.9
2.974 -0.37813 102.9
3.0583 -0.37813 102.9
3.1426 -0.37813 102.9
3.2269 -0.37813 102.9
3.3112 -0.37813 102.9
3.3955 -0.37813 102.9
3.4798 -0.293829 102.9
3.5641 -0.20953 102.9
3.5641 -0.125229 102.9
3.5641 -0.0409298 102.9
3.5641 0.0433712 102.9
3.6484 0.12767 102.9
3.6484 0.211971 102.9
3.7327 0.29627 102.9
3.817 0.380571 102.9
3.817 0.46487 102.9
3.817 0.549171 102.9
3.9013 0.633471 102.9
3.9856 0.633471 102.9
4.0699 0.633471 102.9
4.1542 0.633471 102.9
4.2385 0.633471 102.9
4.3228 0.717772 102.9
4.3228 0.802071 102.9
4.4071 0.802071 102.9
4.4914 0.886372 102.9
4.5757 0.970671 102.9
4.66 1.05497 102.9
4.7443 1.13927 102.9
4.8286 1.22357 102.9
4.8286 0.970671 103.1
4.9129 0.970671 103.1
4.9972 0.970671 103.1
5.0815 0.970671 103.1
5.1658 0.970671 103.1
5.2501 0.970671 103.1
5.3344 0.886372 103.1
5.4187 0.802071 103.1
5.503 0.802071 103.1
5.5873 0.717772 103.1
5.6716 0.633471 103.1
5.7559 0.549171 103.1
5.8402 0.46487 103.1
5.9245 0.380571 103.1
6.0088 0.29627 103.1
6.0088 0.211971 103.1
6.0931 0.12767 103.1
6.1774 0.0433712 103.1
6.2617 -0.0409298 103.1
6.2617 -0.125229 103.1
6.346 -0.20953 103.1
6.346 -0.293829 103.1
6.346 -0.37813 103.1
6.346 -0.462429 103.1
6.346 -0.54673 103.1
6.346 -0.631029 103.1
6.2617 -0.631029 103.1
6.1774 -0.631029 103.1
6.0931 -0.631029 103.1
6.0088 -0.631029 103.1
5.9245 -0.54673 103.1
5.8402 -0.462429 103.1
5.7559 -0.37813 103.1
5.6716 -0.37813 103.1
5.6716 -0.293829 103.1
5.5873 -0.20953 103.1
5.503 -0.20953 103.1
5.4187 -0.20953 103.1
5.3344 -0.125229 103.1
5.2501 -0.125229 103.1
5.1658 -0.0409298 103.1
5.0815 -0.0409298 103.1
4.9972 -0.0409298 103.1
4.9129 -0.0409298 103.1
4.8286 0.0433712 103.1
4.7443 0.0433712 103.1
4.66 0.0433712 103.1
4.5757 0.0433712 103.1
4.4914 0.0433712 103.1
4.4071 0.0433712 103.1
4.3228 0.0433712 103.1
4.2385 -0.0409298 103.1
4.1542 -0.125229 103.1
4.1542 -0.20953 103.1
4.0699 -0.293829 103.1
3.9856 -0.37813 103.1
3.9856 -0.462429 103.1
3.9856 -0.54673 103.1
3.9856 -0.631029 103.1
3.9013 -0.71533 103.1
3.817 -0.71533 103.1
3.7327 -0.71533 103.1
3.7327 -0.631029 103.1
3.7327 -0.54673 103.1
3.7327 -0.462429 103.1
3.817 -0.37813 103.1
3.817 -0.293829 103.1
3.817 -0.20953 103.1
3.9013 -0.125229 103.1
3.9013 -0.0409298 103.1
3.9856 0.0433712 103.1
3.9856 0.12767 103.1
3.9856 0.211971 103.1
3.9856 0.29627 103.1
3.9856 0.380571 103.1
3.9856 0.46487 103.1
3.9856 0.549171 103.1
4.0699 0.549171 103.1
4.1542 0.549171 103.1
4.2385 0.549171 103.1
4.3228 0.549171 103.1
4.4071 0.549171 103.1
4.4914 0.633471 103.1
4.5757 0.633471 103.1
4.66 0.717772 103.1
4.66 0.802071 103.1
4.7443 0.886372 103.1
4.8286 0.970671 103.1
4.9129 0.970671 103.3
4.9972 0.970671 103.3
5.0815 0.970671 103.3
5.1658 0.970671 103.3
5.2501 0.970671 103.3
5.3344 0.970671 103.3
5.4187 0.970671 103.3
5.503 0.970671 103.3
5.5873 0.886372 103.3
5.6716 0.802071 103.3
5.6716 0.717772 103.3
5.7559 0.633471 103.3
5.8402 0.549171 103.3
5.9245 0.46487 103.3
5.9245 0.380571 103.3
6.0088 0.29627 103.3
6.0088 0.211971 103.3
6.0931 0.12767 103.3
6.1774 0.0433712 103.3
6.1774 -0.0409298 103.3
6.2617 -0.125229 103.3
6.2617 -0.20953 103.3
6.346 -0.293829 103.3
6.346 -0.37813 103.3
6.346 -0.462429 103.3
6.346 -0.54673 103.3
6.346 -0.631029 103.3
6.2617 -0.631029 103.3
6.1774 -0.631029 103.3
6.0931 -0.631029 103.3
6.0088 -0.631029 103.3
5.9245 -0.54673 103.3
5.8402 -0.54673 103.3
5.7559 -0.462429 103.3
5.6716 -0.37813 103.3
5.5873 -0.37813 103.3
5.503 -0.37813 103.3
5.4187 -0.293829 103.3
5.3344 -0.293829 103.3
5.2501 -0.20953 103.3
5.1658 -0.20953 103.3
5.0815 -0.125229 103.3
4.9972 -0.125229 103.3
4.9129 -0.0409298 103.3
4.8286 0.0433712 103.3
4.7443 0.12767 103.3
4.66 0.12767 103.3
4.5757 0.12767 103.3
4.4914 0.0433712 103.3
4.4071 -0.0409298 103.3
4.4071 -0.125229 103.3
4.4071 -0.20953 103.3
4.3228 -0.293829 103.3
4.3228 -0.37813 103.3
4.2385 -0.462429 103.3
4.1542 -0.54673 103.3
4.0699 -0.54673 103.3
3.9856 -0.54673 103.3
3.9856 -0.462429 103.3
3.9856 -0.37813 103.3
3.9856 -0.293829 103.3
3.9856 -0.20953 103.3
3.9856 -0.125229 103.3
3.9856 -0.0409298 103.3
3.9856 0.0433712 103.3
3.9856 0.12767 103.3
3.9856 0.211971 103.3
3.9856 0.29627 103.3
3.9856 0.380571 103.3
3.9856 0.46487 103.3
4.0699 0.46487 103.3
4.1542 0.46487 103.3
4.2385 0.46487 103.3
4.3228 0.46487 103.3
4.4071 0.46487 103.3
4.4914 0.46487 103.3
4.5757 0.380571 103.3
4.66 0.46487 103.3
4.66 0.549171 103.3
4.7443 0.633471 103.3
4.8286 0.717772 103.3
4.8286 0.802071 103.3
4.8286 0.886372 103.3
4.9129 0.970671 103.3
4.8286 0.970671 103.5
4.9129 0.970671 103.5
4.9972 0.970671 103.5
5.0815 0.970671 103.5
5.1658 0.970671 103.5
5.2501 0.970671 103.5
5.3344 0.970671 103.5
5.3344 0.886372 103.5
5.4187 0.802071 103.5
5.503 0.802071 103.5
5.5873 0.717772 103.5
5.5873 0.633471 103.5
5.6716 0.549171 103.5
5.7559 0.46487 103.5
5.8402 0.380571 103.5
5.9245 0.29627 103.5
6.0088 0.211971 103.5
6.0088 0.12767 103.5
6.0931 0.0433712 103.5
6.1774 -0.0409298 103.5
6.1774 -0.125229 103.5
6.2617 -0.20953 103.5
6.346 -0.293829 103.5
6.4303 -0.37813 103.5
6.5146 -0.462429 103.5
6.5146 -0.54673 103.5
6.5146 -0.631029 103.5
6.5146 -0.71533 103.5
6.5146 -0.799629 103.5
6.4303 -0.799629 103.5
6.346 -0.799629 103.5
6.2617 -0.799629 103.5
6.1774 -0.71533 103.5
6.0931 -0.631029 103.5
6.0088 -0.54673 103.5
5.9245 -0.462429 103.5
5.8402 -0.37813 103.5
5.7559 -0.293829 103.5
5.6716 -0.293829 103.5
5.5873 -0.20953 103.5
5.503 -0.125229 103.5
5.4187 -0.125229 103.5
5.3344 -0.0409298 103.5
5.2501 -0.0409298 103.5
5.1658 -0.0409298 103.5
5.0815 0.0433712 103.5
4.9972 0.0433712 103.5
4.9129 0.12767 103.5
4.8286 0.12767 103.5
4.7443 0.12767 103.5
4.66 0.0433712 103.5
4.5757 -0.0409298 103.5
4.4914 -0.125229 103.5
4.4914 -0.20953 103.5
4.4914 -0.293829 103.5
4.4071 -0.293829 103.5
4.3228 -0.293829 103.5
4.3228 -0.20953 103.5
4.2385 -0.125229 103.5
4.2385 -0.0409298 103.5
4.1542 0.0433712 103.5
4.1542 0.12767 103.5
4.1542 0.211971 103.5
4.1542 0.29627 103.5
4.1542 0.380571 103.5
4.1542 0.46487 103.5
4.1542 0.549171 103.5
4.2385 0.549171 103.5
4.3228 0.549171 103.5
4.4071 0.633471 103.5
4.4914 0.633471 103.5
4.5757 0.717772 103.5
4.66 0.802071 103.5
4.7443 0.886372 103.5
4.8286 0.970671 103.5
5.1658 1.05497 103.7
5.2501 1.05497 103.7
5.3344 1.05497 103.7
5.4187 1.05497 103.7
5.503 1.05497 103.7
5.5873 1.05497 103.7
5.6716 1.05497 103.7
5.6716 0.970671 103.7
5.7559 0.886372 103.7
5.7559 0.802071 103.7
5.8402 0.717772 103.7
5.9245 0.633471 103.7
5.9245 0.549171 103.7
6.0088 0.46487 103.7
6.0088 0.380571 103.7
6.0931 0.29627 103.7
6.1774 0.211971 103.7
6.2617 0.12767 103.7
6.346 0.0433712 103.7
6.4303 -0.0409298 103.7
6.5146 -0.125229 103.7
6.5989 -0.20953 103.7
6.5989 -0.293829 103.7
6.6832 -0.37813 103.7
6.7675 -0.462429 103.7
6.7675 -0.54673 103.7
6.8518 -0.631029 103.7
6.8518 -0.71533 103.7
6.8518 -0.799629 103.7
6.8518 -0.88393 103.7
6.8518 -0.968229 103.7
6.7675 -0.968229 103.7
6.6832 -0.968229 103.7
6.5989 -0.968229 103.7
6.5146 -0.968229 103.7
6.5146 -0.88393 103.7
6.4303 -0.799629 103.7
6.346 -0.71533 103.7
6.346 -0.631029 103.7
6.2617 -0.54673 103.7
6.1774 -0.54673 103.7
6.0931 -0.462429 103.7
6.0088 -0.37813 103.7
5.9245 -0.37813 103.7
5.8402 -0.37813 103.7
5.7559 -0.293829 103.7
5.6716 -0.293829 103.7
5.5873 -0.20953 103.7
5.503 -0.20953 103.7
5.4187 -0.125229 103.7
5.3344 -0.0409298 103.7
5.2501 -0.0409298 103.7
5.1658 0.0433712 103.7
5.0815 0.12767 103.7
4.9972 0.12767 103.7
4.9129 0.12767 103.7
4.8286 0.12767 103.7
4.7443 0.0433712 103.7
4.7443 -0.0409298 103.7
4.7443 -0.125229 103.7
4.7443 -0.20953 103.7
4.66 -0.20953 103.7
4.5757 -0.20953 103.7
4.4914 -0.20953 103.7
4.4914 -0.125229 103.7
4.4914 -0.0409298 103.7
4.4914 0.0433712 103.7
4.4914 0.12767 103.7
4.4914 0.211971 103.7
4.4914 0.29627 103.7
4.4914 0.380571 103.7
4.4914 0.46487 103.7
4.5757 0.549171 103.7
4.5757 0.633471 103.7
4.66 0.633471 103.7
4.7443 0.633471 103.7
4.8286 0.717772 103.7
4.9129 0.802071 103.7
4.9972 0.886372 103.7
5.0815 0.970671 103.7
5.1658 1.05497 103.7
5.2501 0.802071 103.9
5.3344 0.802071 103.9
5.4187 0.802071 103.9
5.503 0.802071 103.9
5.5873 0.802071 103.9
5.6716 0.802071 103.9
5.7559 0.717772 103.9
5.8402 0.717772 103.9
5.9245 0.633471 103.9
6.0088 0.549171 103.9
6.0931 0.46487 103.9
6.1774 0.380571 103.9
6.2617 0.29627 103.9
6.346 0.211971 103.9
6.4303 0.12767 103.9
6.5146 0.0433712 103.9
6.5989 -0.0409298 103.9
6.6832 -0.125229 103.9
6.7675 -0.20953 103.9
6.7675 -0.293829 103.9
6.8518 -0.37813 103.9
6.8518 -0.462429 103.9
6.8518 -0.54673 103.9
6.8518 -0.631029 103.9
6.8518 -0.71533 103.9
6.8518 -0.799629 103.9
6.8518 -0.88393 103.9
6.7675 -0.88393 103.9
6.6832 -0.88393 103.9
6.5989 -0.88393 103.9
6.5146 -0.88393 103.9
6.4303 -0.799629 103.9
6.4303 -0.71533 103.9
6.346 -0.631029 103.9
6.2617 -0.54673 103.9
6.1774 -0.462429 103.9
6.1774 -0.37813 103.9
6.0931 -0.293829 103.9
6.0088 -0.20953 103.9
5.9245 -0.20953 103.9
5.8402 -0.125229 103.9
5.7559 -0.0409298 103.9
5.6716 0.0433712 103.9
5.5873 0.0433712 103.9
5.503 0.12767 103.9
5.4187 0.12767 103.9
5.3344 0.211971 103.9
5.2501 0.211971 103.9
5.1658 0.29627 103.9
5.0815 0.29627 103.9
4.9972 0.211971 103.9
4.9129 0.12767 103.9
4.8286 0.12767 103.9
4.7443 0.12767 103.9
4.66 0.12767 103.9
4.66 0.211971 103.9
4.66 0.29627 103.9
4.66 0.380571 103.9
4.7443 0.46487 103.9
4.8286 0.46487 103.9
4.9129 0.549171 103.9
4.9972 0.633471 103.9
5.0815 0.633471 103.9
5.1658 0.717772 103.9
5.2501 0.802071 103.9
5.4187 0.886372 104.1
5.503 0.886372 104.1
5.5873 0.886372 104.1
5.6716 0.886372 104.1
5.7559 0.886372 104.1
5.8402 0.886372 104.1
5.9245 0.886372 104.1
6.0088 0.886372 104.1
6.0931 0.802071 104.1
6.1774 0.802071 104.1
6.2617 0.717772 104.1
6.346 0.633471 104.1
6.4303 0.549171 104.1
6.4303 0.46487 104.1
6.5146 0.380571 104.1
6.5989 0.29627 104.1
6.5989 0.211971 104.1
6.6832 0.12767 104.1
6.7675 0.0433712 104.1
6.8518 -0.0409298 104.1
6.8518 -0.125229 104.1
6.9361 -0.20953 104.1
6.9361 -0.293829 104.1
7.0204 -0.37813 104.1
7.0204 -0.462429 104.1
7.0204 -0.54673 104.1
7.1047 -0.631029 104.1
7.1047 -0.71533 104.1
7.189 -0.799629 104.1
7.189 -0.88393 104.1
7.189 -0.968229 104.1
7.189 -1.05253 104.1
7.189 -1.13683 104.1
7.1047 -1.13683 104.1
7.0204 -1.13683 104.1
6.9361 -1.05253 104.1
6.8518 -1.05253 104.1
6.7675 -1.05253 104.1
6.7675 -0.968229 104.1
6.6832 -0.88393 104.1
6.6832 -0.799629 104.1
6.6832 -0.71533 104.1
6.5989 -0.631029 104.1
6.5146 -0.54673 104.1
6.4303 -0.462429 104.1
6.346 -0.37813 104.1
6.2617 -0.293829 104.1
6.1774 -0.293829 104.1
6.0931 -0.20953 104.1
6.0088 -0.20953 104.1
5.9245 -0.125229 104.1
5.8402 -0.0409298 104.1
5.7559 -0.0409298 104.1
5.6716 -0.0409298 104.1
5.5873 0.0433712 104.1
5.503 0.0433712 104.1
5.4187 0.12767 104.1
5.3344 0.12767 104.1
5.2501 0.12767 104.1
5.1658 0.12767 104.1
5.0815 0.211971 104.1
4.9972 0.211971 104.1
4.9129 0.12767 104.1
4.8286 0.12767 104.1
4.7443 0.12767 104.1
4.7443 0.211971 104.1
4.7443 0.29627 104.1
4.7443 0.380571 104.1
4.8286 0.46487 104.1
4.9129 0.46487 104.1
4.9972 0.549171 104.1
5.0815 0.633471 104.1
5.1658 0.717772 104.1
5.2501 0.802071 104.1
5.3344 0.802071 104.1
5.4187 0.886372 104.1
5.4187 0.970671 104.3
5.503 0.970671 104.3
5.5873 0.970671 104.3
5.6716 0.970671 104.3
5.7559 0.970671 104.3
5.8402 0.970671 104.3
5.9245 0.970671 104.3
6.0088 0.970671 104.3
6.0931 0.970671 104.3
6.1774 0.886372 104.3
6.2617 0.802071 104.3
6.346 0.802071 104.3
6.346 0.717772 104.3
6.4303 0.633471 104.3
6.5146 0.549171 104.3
6.5989 0.46487 104.3
6.6832 0.46487 104.3
6.6832 0.380571 104.3
6.7675 0.29627 104.3
6.8518 0.211971 104.3
6.8518 0.12767 104.3
6.9361 0.0433712 104.3
6.9361 -0.0409298 104.3
6.9361 -0.125229 104.3
6.9361 -0.20953 104.3
6.9361 -0.293829 104.3
7.0204 -0.37813 104.3
7.0204 -0.462429 104.3
7.1047 -0.54673 104.3
7.1047 -0.631029 104.3
7.1047 -0.71533 104.3
7.1047 -0.799629 104.3
7.1047 -0.88393 104.3
7.0204 -0.88393 104.3
6.9361 -0.88393 104.3
6.8518 -0.88393 104.3
6.7675 -0.88393 104.3
6.7675 -0.799629 104.3
6.6832 -0.71533 104.3
6.6832 -0.631029 104.3
6.5989 -0.54673 104.3
6.5989 -0.462429 104.3
6.5146 -0.37813 104.3
6.4303 -0.293829 104.3
6.346 -0.20953 104.3
6.2617 -0.20953 104.3
6.1774 -0.125229 104.3
6.0931 -0.125229 104.3
6.0088 -0.0409298 104.3
5.9245 -0.0409298 104.3
5.8402 0.0433712 104.3
5.7559 0.12767 104.3
5.6716 0.12767 104.3
5.5873 0.211971 104.3
5.503 0.29627 104.3
5.4187 0.29627 104.3
5.3344 0.29627 104.3
5.2501 0.380571 104.3
5.1658 0.380571 104.3
5.0815 0.380571 104.3
5.0815 0.46487 104.3
5.0815 0.549171 104.3
5.1658 0.633471 104.3
5.1658 0.717772 104.3
5.2501 0.802071 104.3
5.3344 0.886372 104.3
5.4187 0.970671 104.3
5.5873 0.717772 104.5
5.6716 0.717772 104.5
5.7559 0.717772 104.5
5.8402 0.717772 104.5
5.9245 0.717772 104.5
6.0088 0.717772 104.5
6.0931 0.717772 104.5
6.1774 0.717772 104.5
6.2617 0.717772 104.5
6.346 0.717772 104.5
6.4303 0.717772 104.5
6.5146 0.633471 104.5
6.5989 0.633471 104.5
6.6832 0.633471 104.5
6.6832 0.549171 104.5
6.7675 0.46487 104.5
6.8518 0.380571 104.5
6.9361 0.29627 104.5
7.0204 0.29627 104.5
7.1047 0.211971 104.5
7.189 0.12767 104.5
7.189 0.0433712 104.5
7.2733 -0.0409298 104.5
7.3576 -0.125229 104.5
7.3576 -0.20953 104.5
7.4419 -0.293829 104.5
7.4419 -0.37813 104.5
7.5262 -0.462429 104.5
7.5262 -0.54673 104.5
7.5262 -0.631029 104.5
7.5262 -0.71533 104.5
7.4419 -0.799629 104.5
7.3576 -0.799629 104.5
7.2733 -0.799629 104.5
7.189 -0.799629 104.5
7.1047 -0.71533 104.5
7.0204 -0.71533 104.5
6.9361 -0.631029 104.5
6.8518 -0.54673 104.5
6.7675 -0.462429 104.5
6.6832 -0.37813 104.5
6.5989 -0.37813 104.5
6.5146 -0.293829 104.5
6.4303 -0.20953 104.5
6.346 -0.20953 104.5
6.2617 -0.125229 104.5
6.1774 -0.0409298 104.5
6.0931 0.0433712 104.5
6.0088 0.0433712 104.5
5.9245 0.12767 104.5
5.8402 0.211971 104.5
5.7559 0.29627 104.5
5.6716 0.380571 104.5
5.5873 0.46487 104.5
5.5873 0.549171 104.5
5.5873 0.633471 104.5
5.5873 0.717772 104.5
5.7559 0.802071 104.7
5.8402 0.802071 104.7
5.9245 0.802071 104.7
6.0088 0.802071 104.7
6.0931 0.802071 104.7
6.1774 0.802071 104.7
6.2617 0.802071 104.7
6.346 0.802071 104.7
6.4303 0.802071 104.7
6.5146 0.802071 104.7
6.5989 0.717772 104.7
6.6832 0.633471 104.7
6.7675 0.633471 104.7
6.8518 0.549171 104.7
6.9361 0.549171 104.7
7.0204 0.46487 104.7
7.1047 0.380571 104.7
7.189 0.29627 104.7
7.2733 0.211971 104.7
7.3576 0.211971 104.7
7.3576 0.12767 104.7
7.4419 0.0433712 104.7
7.5262 0.0433712 104.7
7.6105 -0.0409298 104.7
7.6105 -0.125229 104.7
7.6105 -0.20953 104.7
7.6105 -0.293829 104.7
7.6105 -0.37813 104.7
7.6105 -0.462429 104.7
7.6105 -0.54673 104.7
7.5262 -0.631029 104.7
7.4419 -0.631029 104.7
7.3576 -0.631029 104.7
7.2733 -0.631029 104.7
7.2733 -0.54673 104.7
7.189 -0.462429 104.7
7.1047 -0.37813 104.7
7.0204 -0.37813 104.7
6.9361 -0.293829 104.7
6.8518 -0.20953 104.7
6.7675 -0.20953 104.7
6.6832 -0.125229 104.7
6.5989 -0.125229 104.7
6.5146 -0.0409298 104.7
6.4303 -0.0409298 104.7
6.346 0.0433712 104.7
6.2617 0.12767 104.7
6.1774 0.211971 104.7
6.0931 0.29627 104.7
6.0088 0.29627 104.7
5.9245 0.380571 104.7
5.8402 0.380571 104.7
5.7559 0.46487 104.7
5.6716 0.549171 104.7
5.6716 0.633471 104.7
5.6716 0.717772 104.7
5.7559 0.802071 104.7
5.7559 0.802071 104.9
5.8402 0.802071 104.9
5.9245 0.802071 104.9
6.0088 0.802071 104.9
6.0931 0.802071 104.9
6.1774 0.802071 104.9
6.2617 0.802071 104.9
6.346 0.802071 104.9
6.4303 0.802071 104.9
6.5146 0.802071 104.9
6.5989 0.802071 104.9
6.6832 0.802071 104.9
6.7675 0.717772 104.9
6.8518 0.717772 104.9
6.9361 0.633471 104.9
7.0204 0.633471 104.9
7.1047 0.633471 104.9
7.189 0.633471 104.9
7.2733 0.549171 104.9
7.3576 0.46487 104.9
7.4419 0.46487 104.9
7.5262 0.380571 104.9
7.6105 0.29627 104.9
7.6948 0.211971 104.9
7.7791 0.12767 104.9
7.8634 0.0433712 104.9
7.8634 -0.0409298 104.9
7.9477 -0.125229 104.9
7.9477 -0.20953 104.9
7.9477 -0.293829 104.9
7.9477 -0.37813 104.9
7.9477 -0.462429 104.9
7.9477 -0.54673 104.9
7.8634 -0.54673 104.9
7.7791 -0.631029 104.9
7.6948 -0.631029 104.9
7.6105 -0.631029 104.9
7.5262 -0.631029 104.9
7.4419 -0.54673 104.9
7.3576 -0.462429 104.9
7.2733 -0.462429 104.9
7.189 -0.462429 104.9
7.1047 -0.462429 104.9
7.0204 -0.37813 104.9
6.9361 -0.293829 104.9
6.8518 -0.20953 104.9
6.7675 -0.20953 104.9
6.6832 -0.125229 104.9
6.5989 -0.0409298 104.9
6.5146 -0.0409298 104.9
6.4303 0.0433712 104.9
6.346 0.12767 104.9
6.2617 0.211971 104.9
6.1774 0.29627 104.9
6.0931 0.29627 104.9
6.0088 0.380571 104.9
5.9245 0.46487 104.9
5.8402 0.46487 104.9
5.7559 0.549171 104.9
5.7559 0.633471 104.9
5.7559 0.717772 104.9
5.7559 0.802071 104.9
6.2617 0.633471 105.1
6.346 0.633471 105.1
6.4303 0.633471 105.1
6.5146 0.633471 105.1
6.5989 0.633471 105.1
6.6832 0.633471 105.1
6.7675 0.549171 105.1
6.8518 0.549171 105.1
6.9361 0.549171 105.1
7.0204 0.46487 105.1
7.1047 0.380571 105.1
7.189 0.380571 105.1
7.2733 0.380571 105.1
7.3576 0.380571 105.1
7.4419 0.46487 105.1
7.5262 0.46487 105.1
7.6105 0.46487 105.1
7.6948 0.46487 105.1
7.7791 0.46487 105.1
7.8634 0.380571 105.1
7.9477 0.380571 105.1
8.032 0.380571 105.1
8.1163 0.29627 105.1
8.2006 0.29627 105.1
8.2849 0.211971 105.1
8.3692 0.211971 105.1
8.4535 0.12767 105.1
8.5378 0.0433712 105.1
8.6221 -0.0409298 105.1
8.6221 -0.125229 105.1
8.7064 -0.20953 105.1
8.7064 -0.293829 105.1
8.7064 -0.37813 105.1
8.7907 -0.462429 105.1
8.7907 -0.54673 105.1
8.7907 -0.631029 105.1
8.7907 -0.71533 105.1
8.7907 -0.799629 105.1
8.7907 -0.88393 105.1
8.7907 -0.968229 105.1
8.7064 -0.968229 105.1
8.6221 -0.968229 105.1
8.5378 -0.968229 105.1
8.4535 -0.88393 105.1
8.3692 -0.88393 105.1
8.2849 -0.88393 105.1
8.2006 -0.799629 105.1
8.1163 -0.799629 105.1
8.032 -0.799629 105.1
7.9477 -0.799629 105.1
7.8634 -0.71533 105.1
7.7791 -0.71533 105.1
7.6948 -0.631029 105.1
7.6105 -0.631029 105.1
7.5262 -0.631029 105.1
7.4419 -0.54673 105.1
7.3576 -0.54673 105.1
7.2733 -0.54673 105.1
7.189 -0.54673 105.1
7.189 -0.462429 105.1
7.189 -0.37813 105.1
7.189 -0.293829 105.1
7.1047 -0.20953 105.1
7.0204 -0.125229 105.1
6.9361 -0.125229 105.1
6.8518 -0.0409298 105.1
6.7675 -0.0409298 105.1
6.6832 0.0433712 105.1
6.5989 0.0433712 105.1
6.5146 0.12767 105.1
6.4303 0.211971 105.1
6.346 0.29627 105.1
6.2617 0.380571 105.1
6.2617 0.46487 105.1
6.2617 0.549171 105.1
6.2617 0.633471 105.1
7.0204 0.886372 105.3
7.1047 0.886372 105.3
7.189 0.886372 105.3
7.2733 0.886372 105.3
7.3576 0.886372 105.3
7.4419 0.886372 105.3
7.5262 0.886372 105.3
7.6105 0.886372 105.3
7.6948 0.886372 105.3
7.7791 0.886372 105.3
7.8634 0.886372 105.3
7.9477 0.802071 105.3
8.032 0.802071 105.3
8.1163 0.802071 105.3
8.2006 0.802071 105.3
8.2849 0.802071 105.3
8.3692 0.717772 105.3
8.4535 0.717772 105.3
8.5378 0.717772 105.3
8.6221 0.717772 105.3
8.7064 0.717772 105.3
8.7907 0.633471 105.3
8.875 0.633471 105.3
8.9593 0.549171 105.3
9.0436 0.549171 105.3
9.1279 0.46487 105.3
9.2122 0.46487 105.3
9.2965 0.46487 105.3
9.3808 0.380571 105.3
9.4651 0.29627 105.3
9.5494 0.29627 105.3
9.6337 0.29627 105.3
9.718 0.211971 105.3
9.8023 0.211971 105.3
9.8866 0.211971 105.3
9.9709 0.12767 105.3
10.0552 0.12767 105.3
10.1395 0.12767 105.3
10.2238 0.0433712 105.3
10.3081 -0.0409298 105.3
10.3924 -0.0409298 105.3
10.4767 -0.0409298 105.3
10.561 -0.0409298 105.3
10.6453 -0.0409298 105.3
10.7296 -0.125229 105.3
10.8139 -0.125229 105.3
10.8982 -0.125229 105.3
10.8982 -0.20953 105.3
10.8982 -0.293829 105.3
10.8982 -0.37813 105.3
10.8982 -0.462429 105.3
10.8982 -0.54673 105.3
10.8139 -0.54673 105.3
10.7296 -0.631029 105.3
10.6453 -0.631029 105.3
10.561 -0.631029 105.3
10.4767 -0.631029 105.3
10.3924 -0.631029 105.3
10.3081 -0.631029 105.3
10.2238 -0.631029 105.3
10.1395 -0.631029 105.3
10.0552 -0.631029 105.3
9.9709 -0.631029 105.3
9.8866 -0.631029 105.3
9.8023 -0.631029 105.3
9.718 -0.631029 105.3
9.6337 -0.631029 105.3
9.5494 -0.631029 105.3
9.4651 -0.631029 105.3
9.3808 -0.631029 105.3
9.2965 -0.631029 105.3
9.2122 -0.631029 105.3
9.1279 -0.631029 105.3
9.0436 -0.631029 105.3
8.9593 -0.631029 105.3
8.875 -0.631029 105.3
8.7907 -0.631029 105.3
8.7064 -0.631029 105.3
8.6221 -0.631029 105.3
8.5378 -0.631029 105.3
8.4535 -0.631029 105.3
8.3692 -0.631029 105.3
8.2849 -0.631029 105.3
8.2006 -0.631029 105.3
8.1163 -0.631029 105.3
8.032 -0.631029 105.3
7.9477 -0.54673 105.3
7.8634 -0.54673 105.3
7.7791 -0.54673 105.3
7.6948 -0.54673 105.3
7.6105 -0.54673 105.3
7.5262 -0.462429 105.3
7.4419 -0.37813 105.3
7.3576 -0.37813 105.3
7.2733 -0.37813 105.3
7.189 -0.293829 105.3
7.1047 -0.20953 105.3
7.0204 -0.20953 105.3
6.9361 -0.125229 105.3
6.8518 -0.125229 105.3
6.7675 -0.0409298 105.3
6.6832 0.0433712 105.3
6.5989 0.12767 105.3
6.5146 0.211971 105.3
6.5146 0.29627 105.3
6.5146 0.380571 105.3
6.5146 0.46487 105.3
6.5146 0.549171 105.3
6.5146 0.633471 105.3
6.5989 0.717772 105.3
6.6832 0.802071 105.3
6.7675 0.802071 105.3
6.8518 0.802071 105.3
6.9361 0.802071 105.3
7.0204 0.886372 105.3
7.6948 0.970671 105.5
7.7791 0.970671 105.5
7.8634 0.970671 105.5
7.9477 0.970671 105.5
8.032 0.970671 105.5
8.1163 0.970671 105.5
8.2006 0.970671 105.5
8.2849 0.970671 105.5
8.3692 0.970671 105.5
8.4535 0.970671 105.5
8.5378 0.970671 105.5
8.6221 0.970671 105.5
8.7064 0.970671 105.5
8.7907 0.970671 105.5
8.875 0.886372 105.5
8.875 0.802071 105.5
8.9593 0.717772 105.5
9.0436 0.633471 105.5
9.0436 0.549171 105.5
9.1279 0.46487 105.5
9.2122 0.380571 105.5
9.2965 0.29627 105.5
9.3808 0.29627 105.5
9.4651 0.211971 105.5
9.5494 0.211971 105.5
9.6337 0.211971 105.5
9.718 0.211971 105.5
9.8023 0.12767 105.5
9.8866 0.12767 105.5
9.9709 0.12767 105.5
10.0552 0.12767 105.5
10.1395 0.12767 105.5
10.2238 0.12767 105.5
10.3081 0.12767 105.5
10.3924 0.12767 105.5
10.4767 0.12767 105.5
10.561 0.12767 105.5
10.6453 0.12767 105.5
10.7296 0.12767 105.5
10.8139 0.12767 105.5
10.8982 0.12767 105.5
10.9825 0.12767 105.5
11.0668 0.12767 105.5
11.1511 0.12767 105.5
11.2354 0.12767 105.5
11.3197 0.12767 105.5
11.404 0.12767 105.5
11.4883 0.12767 105.5
11.5726 0.12767 105.5
11.6569 0.12767 105.5
11.7412 0.12767 105.5
11.8255 0.12767 105.5
11.9098 0.12767 105.5
11.9098 0.0433712 105.5
11.9098 -0.0409298 105.5
11.9098 -0.125229 105.5
11.9098 -0.20953 105.5
11.9098 -0.293829 105.5
11.9098 -0.37813 105.5
11.9098 -0.462429 105.5
11.9098 -0.54673 105.5
11.8255 -0.631029 105.5
11.7412 -0.71533 105.5
11.6569 -0.71533 105.5
11.5726 -0.799629 105.5
11.4883 -0.799629 105.5
11.404 -0.799629 105.5
11.3197 -0.88393 105.5
11.2354 -0.88393 105.5
11.1511 -0.88393 105.5
11.0668 -0.88393 105.5
10.9825 -0.88393 105.5
10.8982 -0.88393 105.5
10.8139 -0.88393 105.5
10.7296 -0.88393 105.5
10.6453 -0.88393 105.5
10.561 -0.88393 105.5
10.4767 -0.799629 105.5
10.3924 -0.799629 105.5
10.3081 -0.799629 105.5
10.2238 -0.799629 105.5
10.1395 -0.799629 105.5
10.0552 -0.799629 105.5
9.9709 -0.71533 105.5
9.8866 -0.71533 105.5
9.8023 -0.631029 105.5
9.718 -0.631029 105.5
9.6337 -0.631029 105.5
9.5494 -0.631029 105.5
9.4651 -0.631029 105.5
9.3808 -0.631029 105.5
9.2965 -0.54673 105.5
9.2122 -0.54673 105.5
9.1279 -0.54673 105.5
9.0436 -0.54673 105.5
8.9593 -0.54673 105.5
8.875 -0.462429 105.5
8.7907 -0.462429 105.5
8.7064 -0.462429 105.5
8.6221 -0.462429 105.5
8.5378 -0.462429 105.5
8.4535 -0.462429 105.5
8.3692 -0.462429 105.5
8.2849 -0.462429 105.5
8.2006 -0.462429 105.5
8.1163 -0.462429 105.5
8.032 -0.462429 105.5
7.9477 -0.37813 105.5
7.8634 -0.37813 105.5
7.7791 -0.37813 105.5
7.6948 -0.293829 105.5
7.6105 -0.293829 105.5
7.5262 -0.20953 105.5
7.4419 -0.20953 105.5
7.3576 -0.20953 105.5
7.2733 -0.125229 105.5
7.2733 -0.0409298 105.5
7.189 0.0433712 105.5
7.189 0.12767 105.5
7.189 0.211971 105.5
7.189 0.29627 105.5
7.189 0.380571 105.5
7.189 0.46487 105.5
7.189 0.549171 105.5
7.2733 0.633471 105.5
7.3576 0.717772 105.5
7.4419 0.717772 105.5
7.5262 0.802071 105.5
7.6105 0.886372 105.5
7.6948 0.970671 105.5
8.3692 1.05497 105.7
8.4535 1.05497 105.7
8.5378 1.05497 105.7
8.6221 1.05497 105.7
8.7064 0.970671 105.7
8.7907 0.970671 105.7
8.875 0.886372 105.7
8.875 0.802071 105.7
8.875 0.717772 105.7
8.875 0.633471 105.7
8.9593 0.549171 105.7
8.9593 0.46487 105.7
8.9593 0.380571 105.7
9.0436 0.29627 105.7
9.0436 0.211971 105.7
9.1279 0.12767 105.7
9.2122 0.12767 105.7
9.2965 0.0433712 105.7
9.3808 0.0433712 105.7
9.4651 0.0433712 105.7
9.5494 -0.0409298 105.7
9.6337 -0.0409298 105.7
9.718 -0.0409298 105.7
9.8023 -0.0409298 105.7
9.8866 -0.0409298 105.7
9.9709 -0.0409298 105.7
10.0552 -0.0409298 105.7
10.1395 -0.0409298 105.7
10.2238 -0.0409298 105.7
10.3081 -0.0409298 105.7
10.3924 -0.0409298 105.7
10.4767 -0.0409298 105.7
10.561 0.0433712 105.7
10.6453 0.0433712 105.7
10.7296 0.0433712 105.7
10.8139 0.0433712 105.7
10.8982 0.0433712 105.7
10.9825 0.0433712 105.7
11.0668 0.0433712 105.7
11.1511 0.0433712 105.7
11.2354 0.0433712 105.7
11.3197 0.0433712 105.7
11.404 0.12767 105.7
11.4883 0.12767 105.7
11.5726 0.12767 105.7
11.6569 0.12767 105.7
11.7412 0.12767 105.7
11.8255 0.12767 105.7
11.9098 0.12767 105.7
11.9941 0.12767 105.7
12.0784 0.12767 105.7
12.1627 0.0433712 105.7
12.247 -0.0409298 105.7
12.247 -0.125229 105.7
12.247 -0.20953 105.7
12.247 -0.293829 105.7
12.247 -0.37813 105.7
12.247 -0.462429 105.7
12.247 -0.54673 105.7
12.1627 -0.631029 105.7
12.0784 -0.71533 105.7
11.9941 -0.799629 105.7
11.9098 -0.799629 105.7
11.8255 -0.799629 105.7
11.7412 -0.88393 105.7
11.6569 -0.88393 105.7
11.5726 -0.968229 105.7
11.4883 -0.968229 105.7
11.404 -0.968229 105.7
11.3197 -0.968229 105.7
11.2354 -0.968229 105.7
11.1511 -0.968229 105.7
11.0668 -0.968229 105.7
10.9825 -0.968229 105.7
10.8982 -0.968229 105.7
10.8139 -0.968229 105.7
10.7296 -0.968229 105.7
10.6453 -0.968229 105.7
10.561 -0.88393 105.7
10.4767 -0.88393 105.7
10.3924 -0.88393 105.7
10.3081 -0.799629 105.7
10.2238 -0.799629 105.7
10.1395 -0.71533 105.7
10.0552 -0.71533 105.7
9.9709 -0.631029 105.7
9.8866 -0.631029 105.7
9.8023 -0.54673 105.7
9.718 -0.54673 105.7
9.6337 -0.54673 105.7
9.5494 -0.462429 105.7
9.4651 -0.462429 105.7
9.3808 -0.462429 105.7
9.2965 -0.37813 105.7
9.2122 -0.37813 105.7
9.1279 -0.293829 105.7
9.0436 -0.293829 105.7
8.9593 -0.293829 105.7
8.875 -0.37813 105.7
8.7907 -0.37813 105.7
8.7064 -0.37813 105.7
8.6221 -0.37813 105.7
8.5378 -0.37813 105.7
8.4535 -0.37813 105.7
8.3692 -0.37813 105.7
8.2849 -0.37813 105.7
8.2006 -0.37813 105.7
8.1163 -0.37813 105.7
8.032 -0.37813 105.7
7.9477 -0.37813 105.7
7.8634 -0.37813 105.7
7.7791 -0.37813 105.7
7.6948 -0.37813 105.7
7.6105 -0.293829 105.7
7.5262 -0.293829 105.7
7.4419 -0.20953 105.7
7.3576 -0.125229 105.7
7.2733 -0.0409298 105.7
7.189 -0.0409298 105.7
7.189 0.0433712 105.7
7.189 0.12767 105.7
7.189 0.211971 105.7
7.2733 0.211971 105.7
7.3576 0.211971 105.7
7.4419 0.29627 105.7
7.5262 0.380571 105.7
7.6105 0.46487 105.7
7.6948 0.549171 105.7
7.7791 0.633471 105.7
7.8634 0.717772 105.7
7.9477 0.802071 105.7
8.032 0.886372 105.7
8.1163 0.970671 105.7
8.2006 0.970671 105.7
8.2849 0.970671 105.7
8.3692 1.05497 105.7
8.9593 1.22357 105.9
9.0436 1.22357 105.9
9.1279 1.22357 105.9
9.2122 1.13927 105.9
9.2965 1.13927 105.9
9.3808 1.05497 105.9
9.4651 1.05497 105.9
9.5494 0.970671 105.9
9.6337 0.970671 105.9
9.718 0.970671 105.9
9.8023 0.970671 105.9
9.8866 0.970671 105.9
9.8866 0.886372 105.9
9.8866 0.802071 105.9
9.8023 0.802071 105.9
9.718 0.717772 105.9
9.718 0.633471 105.9
9.6337 0.633471 105.9
9.5494 0.549171 105.9
9.4651 0.549171 105.9
9.3808 0.46487 105.9
9.2965 0.380571 105.9
9.2122 0.29627 105.9
9.1279 0.211971 105.9
9.0436 0.12767 105.9
9.1279 0.0433712 105.9
9.2122 -0.0409298 105.9
9.2965 -0.125229 105.9
9.3808 -0.125229 105.9
9.4651 -0.125229 105.9
9.5494 -0.125229 105.9
9.6337 -0.125229 105.9
9.718 -0.125229 105.9
9.8023 -0.125229 105.9
9.8866 -0.125229 105.9
9.9709 -0.125229 105.9
10.0552 -0.125229 105.9
10.1395 -0.125229 105.9
10.2238 -0.125229 105.9
10.3081 -0.125229 105.9
10.3924 -0.125229 105.9
10.4767 -0.125229 105.9
10.561 -0.125229 105.9
10.6453 -0.125229 105.9
10.7296 -0.125229 105.9
10.8139 -0.125229 105.9
10.8982 -0.125229 105.9
10.9825 -0.125229 105.9
11.0668 -0.125229 105.9
11.1511 -0.20953 105.9
11.2354 -0.20953 105.9
11.2354 -0.293829 105.9
11.2354 -0.37813 105.9
11.2354 -0.462429 105.9
11.2354 -0.54673 105.9
11.2354 -0.631029 105.9
11.2354 -0.71533 105.9
11.2354 -0.799629 105.9
11.1511 -0.88393 105.9
11.0668 -0.968229 105.9
10.9825 -0.968229 105.9
10.8982 -0.968229 105.9
10.8139 -0.968229 105.9
10.7296 -0.968229 105.9
10.6453 -0.968229 105.9
10.561 -0.968229 105.9
10.4767 -0.968229 105.9
10.3924 -0.968229 105.9
10.3081 -0.968229 105.9
10.2238 -0.88393 105.9
10.1395 -0.88393 105.9
10.0552 -0.88393 105.9
9.9709 -0.799629 105.9
9.8866 -0.799629 105.9
9.8023 -0.799629 105.9
9.718 -0.799629 105.9
9.6337 -0.71533 105.9
9.5494 -0.71533 105.9
9.4651 -0.71533 105.9
9.3808 -0.71533 105.9
9.2965 -0.631029 105.9
9.2122 -0.631029 105.9
9.1279 -0.631029 105.9
9.0436 -0.631029 105.9
8.9593 -0.631029 105.9
8.875 -0.631029 105.9
8.7907 -0.54673 105.9
8.7064 -0.54673 105.9
8.6221 -0.54673 105.9
8.5378 -0.54673 105.9
8.4535 -0.462429 105.9
8.3692 -0.462429 105.9
8.2849 -0.37813 105.9
8.2006 -0.37813 105.9
8.1163 -0.37813 105.9
8.032 -0.37813 105.9
7.9477 -0.293829 105.9
7.8634 -0.293829 105.9
7.7791 -0.20953 105.9
7.6948 -0.125229 105.9
7.6105 -0.125229 105.9
7.5262 -0.0409298 105.9
7.4419 -0.0409298 105.9
7.3576 0.0433712 105.9
7.2733 0.0433712 105.9
7.2733 0.12767 105.9
7.189 0.211971 105.9
7.1047 0.211971 105.9
7.1047 0.29627 105.9
7.1047 0.380571 105.9
7.189 0.380571 105.9
7.2733 0.380571 105.9
7.3576 0.380571 105.9
7.4419 0.380571 105.9
7.5262 0.380571 105.9
7.6105 0.380571 105.9
7.6948 0.380571 105.9
7.7791 0.380571 105.9
7.8634 0.380571 105.9
7.9477 0.380571 105.9
8.032 0.380571 105.9
8.1163 0.46487 105.9
8.2006 0.46487 105.9
8.2849 0.549171 105.9
8.3692 0.633471 105.9
8.3692 0.717772 105.9
8.3692 0.802071 105.9
8.4535 0.886372 105.9
8.5378 0.970671 105.9
8.6221 0.970671 105.9
8.7064 1.05497 105.9
8.7907 1.13927 105.9
8.875 1.13927 105.9
8.9593 1.22357 105.9
9.2965 1.05497 106.1
9.3808 1.05497 106.1
9.4651 1.05497 106.1
9.5494 1.05497 106.1
9.6337 1.05497 106.1
9.718 1.05497 106.1
9.8023 1.05497 106.1
9.8866 1.05497 106.1
9.9709 1.05497 106.1
10.0552 0.970671 106.1
10.1395 0.886372 106.1
10.2238 0.802071 106.1
10.3081 0.802071 106.1
10.3924 0.717772 106.1
10.4767 0.633471 106.1
10.561 0.549171 106.1
10.6453 0.549171 106.1
10.7296 0.46487 106.1
10.8139 0.46487 106.1
10.8982 0.380571 106.1
10.9825 0.380571 106.1
11.0668 0.380571 106.1
11.1511 0.29627 106.1
11.2354 0.29627 106.1
11.3197 0.211971 106.1
11.404 0.211971 106.1
11.4883 0.12767 106.1
11.5726 0.12767 106.1
11.6569 0.0433712 106.1
11.6569 -0.0409298 106.1
11.6569 -0.125229 106.1
11.6569 -0.20953 106.1
11.6569 -0.293829 106.1
11.6569 -0.37813 106.1
11.5726 -0.462429 106.1
11.4883 -0.54673 106.1
11.404 -0.631029 106.1
11.3197 -0.71533 106.1
11.2354 -0.71533 106.1
11.1511 -0.799629 106.1
11.0668 -0.799629 106.1
10.9825 -0.799629 106.1
10.8982 -0.799629 106.1
10.8139 -0.799629 106.1
10.7296 -0.799629 106.1
10.6453 -0.799629 106.1
10.561 -0.799629 106.1
10.4767 -0.799629 106.1
10.3924 -0.799629 106.1
10.3081 -0.799629 106.1
10.2238 -0.799629 106.1
10.1395 -0.799629 106.1
10.0552 -0.799629 106.1
9.9709 -0.799629 106.1
9.8866 -0.799629 106.1
9.8023 -0.799629 106.1
9.718 -0.799629 106.1
9.6337 -0.799629 106.1
9.5494 -0.71533 106.1
9.4651 -0.71533 106.1
9.3808 -0.631029 106.1
9.2965 -0.631029 106.1
9.2122 -0.54673 106.1
9.1279 -0.54673 106.1
9.0436 -0.54673 106.1
8.9593 -0.462429 106.1
8.875 -0.462429 106.1
8.7907 -0.37813 106.1
8.7064 -0.293829 106.1
8.6221 -0.293829 106.1
8.5378 -0.293829 106.1
8.4535 -0.293829 106.1
8.3692 -0.293829 106.1
8.2849 -0.293829 106.1
8.2006 -0.293829 106.1
8.1163 -0.20953 106.1
8.032 -0.20953 106.1
7.9477 -0.125229 106.1
7.8634 -0.125229 106.1
7.7791 -0.125229 106.1
7.6948 -0.0409298 106.1
7.6105 -0.0409298 106.1
7.5262 -0.0409298 106.1
7.5262 0.0433712 106.1
7.4419 0.12767 106.1
7.4419 0.211971 106.1
7.4419 0.29627 106.1
7.5262 0.29627 106.1
7.6105 0.29627 106.1
7.6948 0.29627 106.1
7.7791 0.29627 106.1
7.8634 0.29627 106.1
7.9477 0.29627 106.1
8.032 0.29627 106.1
8.1163 0.29627 106.1
8.2006 0.29627 106.1
8.2849 0.211971 106.1
8.3692 0.211971 106.1
8.4535 0.211971 106.1
8.5378 0.12767 106.1
8.6221 0.12767 106.1
8.7064 0.12767 106.1
8.7907 0.12767 106.1
8.875 0.12767 106.1
8.9593 0.0433712 106.1
9.0436 0.12767 106.1
9.0436 0.211971 106.1
9.1279 0.29627 106.1
9.1279 0.380571 106.1
9.1279 0.46487 106.1
9.1279 0.549171 106.1
9.1279 0.633471 106.1
9.1279 0.717772 106.1
9.1279 0.802071 106.1
9.1279 0.886372 106.1
9.2122 0.970671 106.1
9.2965 1.05497 106.1
7.6105 1.30787 106.3
7.6948 1.30787 106.3
7.7791 1.30787 106.3
7.8634 1.30787 106.3
7.9477 1.30787 106.3
8.032 1.30787 106.3
8.1163 1.30787 106.3
8.2006 1.30787 106.3
8.2849 1.30787 106.3
8.3692 1.30787 106.3
8.4535 1.30787 106.3
8.5378 1.30787 106.3
8.6221 1.22357 106.3
8.7064 1.13927 106.3
8.7907 1.05497 106.3
8.875 1.05497 106.3
8.9593 1.05497 106.3
9.0436 0.970671 106.3
9.1279 0.970671 106.3
9.2122 0.886372 106.3
9.2965 0.802071 106.3
9.3808 0.802071 106.3
9.4651 0.802071 106.3
9.5494 0.717772 106.3
9.6337 0.717772 106.3
9.718 0.717772 106.3
9.8023 0.633471 106.3
9.8866 0.549171 106.3
9.9709 0.549171 106.3
10.0552 0.549171 106.3
10.1395 0.46487 106.3
10.2238 0.46487 106.3
10.3081 0.380571 106.3
10.3924 0.380571 106.3
10.4767 0.29627 106.3
10.561 0.29627 106.3
10.6453 0.29627 106.3
10.7296 0.211971 106.3
10.8139 0.12767 106.3
10.8982 0.12767 106.3
10.8982 0.0433712 106.3
10.9825 -0.0409298 106.3
11.0668 -0.125229 106.3
11.1511 -0.125229 106.3
11.1511 -0.20953 106.3
11.1511 -0.293829 106.3
11.2354 -0.37813 106.3
11.3197 -0.37813 106.3
11.3197 -0.462429 106.3
11.3197 -0.54673 106.3
11.404 -0.631029 106.3
11.404 -0.71533 106.3
11.4883 -0.799629 106.3
11.4883 -0.88393 106.3
11.4883 -0.968229 106.3
11.4883 -1.05253 106.3
11.404 -1.13683 106.3
11.3197 -1.13683 106.3
11.2354 -1.13683 106.3
11.1511 -1.13683 106.3
11.0668 -1.13683 106.3
10.9825 -1.13683 106.3
10.8982 -1.13683 106.3
10.8139 -1.13683 106.3
10.7296 -1.13683 106.3
10.6453 -1.13683 106.3
10.561 -1.13683 106.3
10.4767 -1.13683 106.3
10.3924 -1.13683 106.3
10.3081 -1.13683 106.3
10.2238 -1.13683 106.3
10.1395 -1.05253 106.3
10.0552 -1.05253 106.3
9.9709 -1.05253 106.3
9.8866 -1.05253 106.3
9.8023 -1.05253 106.3
9.718 -0.968229 106.3
9.6337 -0.88393 106.3
9.5494 -0.799629 106.3
9.4651 -0.799629 106.3
9.3808 -0.799629 106.3
9.2965 -0.799629 106.3
9.2965 -0.71533 106.3
9.2122 -0.631029 106.3
9.1279 -0.631029 106.3
9.0436 -0.54673 106.3
8.9593 -0.462429 106.3
8.875 -0.37813 106.3
8.7907 -0.37813 106.3
8.7064 -0.293829 106.3
8.6221 -0.293829 106.3
8.5378 -0.20953 106.3
8.4535 -0.20953 106.3
8.3692 -0.125229 106.3
8.2849 -0.125229 106.3
8.2006 -0.0409298 106.3
8.1163 -0.0409298 106.3
8.032 -0.0409298 106.3
7.9477 0.0433712 106.3
7.8634 0.12767 106.3
7.7791 0.12767 106.3
7.6948 0.211971 106.3
7.6105 0.211971 106.3
7.5262 0.29627 106.3
7.4419 0.380571 106.3
7.4419 0.46487 106.3
7.4419 0.549171 106.3
7.3576 0.633471 106.3
7.3576 0.717772 106.3
7.3576 0.802071 106.3
7.3576 0.886372 106.3
7.3576 0.970671 106.3
7.3576 1.05497 106.3
7.4419 1.13927 106.3
7.5262 1.22357 106.3
7.6105 1.30787 106.3
8.2849 0.802071 106.5
8.3692 0.802071 106.5
8.4535 0.802071 106.5
8.5378 0.802071 106.5
8.6221 0.802071 106.5
8.7064 0.802071 106.5
8.7907 0.802071 106.5
8.875 0.802071 106.5
8.9593 0.717772 106.5
9.0436 0.633471 106.5
9.1279 0.633471 106.5
9.2122 0.549171 106.5
9.2965 0.549171 106.5
9.3808 0.46487 106.5
9.4651 0.46487 106.5
9.5494 0.380571 106.5
9.6337 0.380571 106.5
9.718 0.380571 106.5
9.8023 0.29627 106.5
9.8866 0.29627 106.5
9.9709 0.29627 106.5
10.0552 0.211971 106.5
10.1395 0.12767 106.5
10.2238 0.12767 106.5
10.3081 0.12767 106.5
10.3924 0.12767 106.5
10.4767 0.0433712 106.5
10.561 0.0433712 106.5
10.6453 -0.0409298 106.5
10.7296 -0.125229 106.5
10.8139 -0.125229 106.5
10.8982 -0.125229 106.5
10.9825 -0.20953 106.5
11.0668 -0.20953 106.5
11.1511 -0.293829 106.5
11.2354 -0.37813 106.5
11.3197 -0.37813 106.5
11.404 -0.462429 106.5
11.404 -0.54673 106.5
11.4883 -0.631029 106.5
11.5726 -0.631029 106.5
11.6569 -0.71533 106.5
11.7412 -0.799629 106.5
11.8255 -0.88393 106.5
11.8255 -0.968229 106.5
11.9098 -1.05253 106.5
11.9098 -1.13683 106.5
11.9098 -1.22113 106.5
11.9098 -1.30543 106.5
11.9098 -1.38973 106.5
11.9098 -1.47403 106.5
11.9098 -1.55833 106.5
11.8255 -1.64263 106.5
11.7412 -1.64263 106.5
11.6569 -1.64263 106.5
11.5726 -1.72693 106.5
11.4883 -1.72693 106.5
11.404 -1.72693 106.5
11.3197 -1.72693 106.5
11.2354 -1.72693 106.5
11.1511 -1.64263 106.5
11.0668 -1.64263 106.5
10.9825 -1.55833 106.5
10.8982 -1.55833 106.5
10.8139 -1.55833 106.5
10.7296 -1.55833 106.5
10.6453 -1.47403 106.5
10.561 -1.47403 106.5
10.4767 -1.47403 106.5
10.4767 -1.38973 106.5
10.3924 -1.30543 106.5
10.3081 -1.30543 106.5
10.2238 -1.30543 106.5
10.1395 -1.22113 106.5
10.0552 -1.13683 106.5
9.9709 -1.13683 106.5
9.8866 -1.05253 106.5
9.8023 -0.968229 106.5
9.718 -0.968229 106.5
9.718 -0.88393 106.5
9.6337 -0.799629 106.5
9.5494 -0.799629 106.5
9.5494 -0.71533 106.5
9.4651 -0.631029 106.5
9.4651 -0.54673 106.5
9.4651 -0.462429 106.5
9.3808 -0.37813 106.5
9.2965 -0.293829 106.5
9.2122 -0.293829 106.5
9.1279 -0.293829 106.5
9.0436 -0.20953 106.5
8.9593 -0.125229 106.5
8.875 -0.0409298 106.5
8.7907 -0.0409298 106.5
8.7064 0.0433712 106.5
8.6221 0.0433712 106.5
8.5378 0.12767 106.5
8.4535 0.12767 106.5
8.3692 0.211971 106.5
8.2849 0.211971 106.5
8.2849 0.29627 106.5
8.2006 0.380571 106.5
8.2006 0.46487 106.5
8.2006 0.549171 106.5
8.2006 0.633471 106.5
8.2849 0.717772 106.5
8.2849 0.802071 106.5
8.7907 0.46487 106.7
8.875 0.46487 106.7
8.9593 0.46487 106.7
9.0436 0.46487 106.7
9.1279 0.46487 106.7
9.2122 0.380571 106.7
9.2965 0.380571 106.7
9.3808 0.380571 106.7
9.4651 0.29627 106.7
9.5494 0.29627 106.7
9.6337 0.211971 106.7
9.718 0.211971 106.7
9.8023 0.12767 106.7
9.8866 0.0433712 106.7
9.9709 -0.0409298 106.7
10.0552 -0.0409298 106.7
10.1395 -0.125229 106.7
10.1395 -0.20953 106.7
10.2238 -0.293829 106.7
10.3081 -0.293829 106.7
10.3924 -0.37813 106.7
10.4767 -0.37813 106.7
10.561 -0.462429 106.7
10.6453 -0.54673 106.7
10.7296 -0.631029 106.7
10.8139 -0.631029 106.7
10.8982 -0.71533 106.7
10.9825 -0.799629 106.7
11.0668 -0.799629 106.7
11.1511 -0.88393 106.7
11.2354 -0.968229 106.7
11.3197 -0.968229 106.7
11.404 -0.968229 106.7
11.4883 -1.05253 106.7
11.5726 -1.05253 106.7
11.6569 -1.05253 106.7
11.7412 -1.05253 106.7
11.8255 -1.05253 106.7
11.9098 -1.13683 106.7
11.9941 -1.13683 106.7
12.0784 -1.13683 106.7
12.1627 -1.22113 106.7
12.247 -1.30543 106.7
12.3313 -1.38973 106.7
12.3313 -1.47403 106.7
12.3313 -1.55833 106.7
12.3313 -1.64263 106.7
12.3313 -1.72693 106.7
12.3313 -1.81123 106.7
12.247 -1.89553 106.7
12.247 -1.97983 106.7
12.1627 -2.06413 106.7
12.0784 -2.14843 106.7
11.9941 -2.23273 106.7
11.9098 -2.31703 106.7
11.9098 -2.40133 106.7
11.8255 -2.40133 106.7
11.7412 -2.48563 106.7
11.6569 -2.56993 106.7
11.5726 -2.56993 106.7
11.4883 -2.56993 106.7
11.404 -2.56993 106.7
11.3197 -2.56993 106.7
11.2354 -2.56993 106.7
11.1511 -2.48563 106.7
11.0668 -2.48563 106.7
10.9825 -2.48563 106.7
10.9825 -2.40133 106.7
10.8982 -2.31703 106.7
10.8139 -2.31703 106.7
10.7296 -2.31703 106.7
10.6453 -2.23273 106.7
10.561 -2.14843 106.7
10.4767 -2.14843 106.7
10.4767 -2.06413 106.7
10.3924 -1.97983 106.7
10.3081 -1.97983 106.7
10.2238 -1.89553 106.7
10.2238 -1.81123 106.7
10.1395 -1.72693 106.7
10.1395 -1.64263 106.7
10.0552 -1.55833 106.7
10.0552 -1.47403 106.7
9.9709 -1.38973 106.7
9.9709 -1.30543 106.7
9.8866 -1.22113 106.7
9.8866 -1.13683 106.7
9.8866 -1.05253 106.7
9.8023 -0.968229 106.7
9.718 -0.88393 106.7
9.6337 -0.799629 106.7
9.5494 -0.71533 106.7
9.4651 -0.631029 106.7
9.3808 -0.54673 106.7
9.2965 -0.462429 106.7
9.2122 -0.37813 106.7
9.1279 -0.293829 106.7
9.0436 -0.20953 106.7
9.0436 -0.125229 106.7
8.9593 -0.0409298 106.7
8.875 0.0433712 106.7
8.7907 0.12767 106.7
8.7907 0.211971 106.7
8.7907 0.29627 106.7
8.7907 0.380571 106.7
8.7907 0.46487 106.7
