# Output from PinnacleROI.cpp
# First line is number of curves
# Second line is space-separated number of points in each curve
# Remainder are the points themselves
12
45 57 69 78 82 84 87 85 82 75 64 47 
3.3955 9.48497 86.2998
3.4798 9.48497 86.2998
3.5641 9.48497 86.2998
3.6484 9.48497 86.2998
3.7327 9.48497 86.2998
3.817 9.40067 86.2998
3.9013 9.40067 86.2998
3.9856 9.31637 86.2998
4.0699 9.23207 86.2998
4.1542 9.14777 86.2998
4.1542 9.06347 86.2998
4.2385 8.97917 86.2998
4.2385 8.89487 86.2998
4.2385 8.81057 86.2998
4.2385 8.72627 86.2998
4.2385 8.64197 86.2998
4.1542 8.55767 86.2998
4.1542 8.47337 86.2998
4.0699 8.38907 86.2998
3.9856 8.30477 86.2998
3.9013 8.22047 86.2998
3.817 8.22047 86.2998
3.7327 8.13617 86.2998
3.6484 8.13617 86.2998
3.5641 8.13617 86.2998
3.4798 8.13617 86.2998
3.3955 8.13617 86.2998
3.3112 8.22047 86.2998
3.2269 8.22047 86.2998
3.1426 8.30477 86.2998
3.0583 8.38907 86.2998
2.974 8.47337 86.2998
2.974 8.55767 86.2998
2.8897 8.64197 86.2998
2.8897 8.72627 86.2998
2.8897 8.81057 86.2998
2.8897 8.89487 86.2998
2.8897 8.97917 86.2998
2.974 9.06347 86.2998
2.974 9.14777 86.2998
3.0583 9.23207 86.2998
3.1426 9.31637 86.2998
3.2269 9.40067 86.2998
3.3112 9.40067 86.2998
3.3955 9.48497 86.2998
3.3112 9.56927 86.0998
3.3955 9.56927 86.0998
3.4798 9.56927 86.0998
3.5641 9.56927 86.0998
3.6484 9.56927 86.0998
3.7327 9.56927 86.0998
3.817 9.56927 86.0998
3.9013 9.56927 86.0998
3.9856 9.56927 86.0998
4.0699 9.48497 86.0998
4.1542 9.48497 86.0998
4.2385 9.40067 86.0998
4.3228 9.31637 86.0998
4.4071 9.23207 86.0998
4.4071 9.14777 86.0998
4.4914 9.06347 86.0998
4.4914 8.97917 86.0998
4.4914 8.89487 86.0998
4.4914 8.81057 86.0998
4.4914 8.72627 86.0998
4.4914 8.64197 86.0998
4.4914 8.55767 86.0998
4.4071 8.47337 86.0998
4.4071 8.38907 86.0998
4.3228 8.30477 86.0998
4.2385 8.22047 86.0998
4.1542 8.13617 86.0998
4.0699 8.05187 86.0998
3.9856 8.05187 86.0998
3.9013 7.96757 86.0998
3.817 7.96757 86.0998
3.7327 7.96757 86.0998
3.6484 7.96757 86.0998
3.5641 7.96757 86.0998
3.4798 8.05187 86.0998
3.3955 8.05187 86.0998
3.3112 8.05187 86.0998
3.2269 8.13617 86.0998
3.1426 8.13617 86.0998
3.0583 8.22047 86.0998
2.974 8.30477 86.0998
2.8897 8.38907 86.0998
2.8054 8.47337 86.0998
2.8054 8.55767 86.0998
2.7211 8.64197 86.0998
2.7211 8.72627 86.0998
2.7211 8.81057 86.0998
2.7211 8.89487 86.0998
2.7211 8.97917 86.0998
2.8054 9.06347 86.0998
2.8054 9.14777 86.0998
2.8897 9.23207 86.0998
2.974 9.31637 86.0998
3.0583 9.40067 86.0998
3.1426 9.48497 86.0998
3.2269 9.48497 86.0998
3.3112 9.56927 86.0998
3.3955 9.99077 85.8998
3.4798 9.99077 85.8998
3.5641 9.99077 85.8998
3.6484 9.99077 85.8998
3.7327 9.99077 85.8998
3.817 9.99077 85.8998
3.9013 9.90647 85.8998
3.9856 9.90647 85.8998
4.0699 9.82217 85.8998
4.1542 9.73787 85.8998
4.2385 9.65357 85.8998
4.3228 9.56927 85.8998
4.4071 9.48497 85.8998
4.4914 9.40067 85.8998
4.5757 9.31637 85.8998
4.5757 9.23207 85.8998
4.66 9.14777 85.8998
4.66 9.06347 85.8998
4.66 8.97917 85.8998
4.66 8.89487 85.8998
4.66 8.81057 85.8998
4.66 8.72627 85.8998
4.66 8.64197 85.8998
4.66 8.55767 85.8998
4.5757 8.47337 85.8998
4.5757 8.38907 85.8998
4.4914 8.30477 85.8998
4.4071 8.22047 85.8998
4.3228 8.13617 85.8998
4.2385 8.05187 85.8998
4.1542 7.96757 85.8998
4.0699 7.96757 85.8998
3.9856 7.88327 85.8998
3.9013 7.88327 85.8998
3.817 7.88327 85.8998
3.7327 7.88327 85.8998
3.6484 7.88327 85.8998
3.5641 7.88327 85.8998
3.4798 7.88327 85.8998
3.3955 7.88327 85.8998
3.3112 7.88327 85.8998
3.2269 7.88327 85.8998
3.1426 7.96757 85.8998
3.0583 7.96757 85.8998
2.974 8.05187 85.8998
2.8897 8.13617 85.8998
2.8054 8.22047 85.8998
2.7211 8.30477 85.8998
2.7211 8.38907 85.8998
2.6368 8.47337 85.8998
2.6368 8.55767 85.8998
2.6368 8.64197 85.8998
2.6368 8.72627 85.8998
2.6368 8.81057 85.8998
2.6368 8.89487 85.8998
2.6368 8.97917 85.8998
2.6368 9.06347 85.8998
2.6368 9.14777 85.8998
2.7211 9.23207 85.8998
2.7211 9.31637 85.8998
2.8054 9.40067 85.8998
2.8054 9.48497 85.8998
2.8897 9.56927 85.8998
2.974 9.65357 85.8998
3.0583 9.73787 85.8998
3.1426 9.82217 85.8998
3.2269 9.90647 85.8998
3.3112 9.90647 85.8998
3.3955 9.99077 85.8998
3.1426 10.0751 85.6998
3.2269 10.0751 85.6998
3.3112 10.0751 85.6998
3.3955 10.0751 85.6998
3.4798 10.0751 85.6998
3.5641 10.0751 85.6998
3.6484 10.0751 85.6998
3.7327 10.0751 85.6998
3.817 10.0751 85.6998
3.9013 9.99077 85.6998
3.9856 9.99077 85.6998
4.0699 9.90647 85.6998
4.1542 9.82217 85.6998
4.2385 9.73787 85.6998
4.3228 9.65357 85.6998
4.4071 9.56927 85.6998
4.4914 9.48497 85.6998
4.5757 9.40067 85.6998
4.66 9.31637 85.6998
4.66 9.23207 85.6998
4.7443 9.14777 85.6998
4.7443 9.06347 85.6998
4.7443 8.97917 85.6998
4.7443 8.89487 85.6998
4.7443 8.81057 85.6998
4.7443 8.72627 85.6998
4.7443 8.64197 85.6998
4.7443 8.55767 85.6998
4.66 8.47337 85.6998
4.66 8.38907 85.6998
4.5757 8.30477 85.6998
4.5757 8.22047 85.6998
4.4914 8.13617 85.6998
4.4071 8.05187 85.6998
4.3228 7.96757 85.6998
4.2385 7.88327 85.6998
4.1542 7.88327 85.6998
4.0699 7.79897 85.6998
3.9856 7.79897 85.6998
3.9013 7.71467 85.6998
3.817 7.71467 85.6998
3.7327 7.71467 85.6998
3.6484 7.71467 85.6998
3.5641 7.71467 85.6998
3.4798 7.71467 85.6998
3.3955 7.79897 85.6998
3.3112 7.79897 85.6998
3.2269 7.79897 85.6998
3.1426 7.79897 85.6998
3.0583 7.88327 85.6998
2.974 7.88327 85.6998
2.8897 7.96757 85.6998
2.8054 8.05187 85.6998
2.7211 8.13617 85.6998
2.6368 8.22047 85.6998
2.5525 8.30477 85.6998
2.4682 8.38907 85.6998
2.3839 8.47337 85.6998
2.3839 8.55767 85.6998
2.2996 8.64197 85.6998
2.2996 8.72627 85.6998
2.2996 8.81057 85.6998
2.2996 8.89487 85.6998
2.2996 8.97917 85.6998
2.2996 9.06347 85.6998
2.2996 9.14777 85.6998
2.3839 9.23207 85.6998
2.3839 9.31637 85.6998
2.4682 9.40067 85.6998
2.4682 9.48497 85.6998
2.5525 9.56927 85.6998
2.6368 9.65357 85.6998
2.7211 9.73787 85.6998
2.8054 9.82217 85.6998
2.8897 9.90647 85.6998
2.974 9.99077 85.6998
3.0583 9.99077 85.6998
3.1426 10.0751 85.6998
3.1426 10.0751 85.4998
3.2269 10.0751 85.4998
3.3112 10.0751 85.4998
3.3955 10.0751 85.4998
3.4798 10.0751 85.4998
3.5641 10.0751 85.4998
3.6484 10.0751 85.4998
3.7327 10.0751 85.4998
3.817 10.0751 85.4998
3.9013 10.0751 85.4998
3.9856 9.99077 85.4998
4.0699 9.99077 85.4998
4.1542 9.90647 85.4998
4.2385 9.82217 85.4998
4.3228 9.82217 85.4998
4.4071 9.73787 85.4998
4.4914 9.65357 85.4998
4.5757 9.56927 85.4998
4.66 9.48497 85.4998
4.7443 9.40067 85.4998
4.8286 9.31637 85.4998
4.8286 9.23207 85.4998
4.9129 9.14777 85.4998
4.9129 9.06347 85.4998
4.9129 8.97917 85.4998
4.9129 8.89487 85.4998
4.9129 8.81057 85.4998
4.9129 8.72627 85.4998
4.9129 8.64197 85.4998
4.8286 8.55767 85.4998
4.8286 8.47337 85.4998
4.7443 8.38907 85.4998
4.66 8.30477 85.4998
4.66 8.22047 85.4998
4.5757 8.13617 85.4998
4.4914 8.05187 85.4998
4.4071 7.96757 85.4998
4.3228 7.88327 85.4998
4.2385 7.88327 85.4998
4.1542 7.79897 85.4998
4.0699 7.79897 85.4998
3.9856 7.79897 85.4998
3.9013 7.79897 85.4998
3.817 7.71467 85.4998
3.7327 7.71467 85.4998
3.6484 7.71467 85.4998
3.5641 7.71467 85.4998
3.4798 7.71467 85.4998
3.3955 7.71467 85.4998
3.3112 7.71467 85.4998
3.2269 7.71467 85.4998
3.1426 7.79897 85.4998
3.0583 7.79897 85.4998
2.974 7.88327 85.4998
2.8897 7.88327 85.4998
2.8054 7.96757 85.4998
2.7211 8.05187 85.4998
2.6368 8.13617 85.4998
2.5525 8.22047 85.4998
2.4682 8.30477 85.4998
2.4682 8.38907 85.4998
2.3839 8.47337 85.4998
2.3839 8.55767 85.4998
2.3839 8.64197 85.4998
2.3839 8.72627 85.4998
2.3839 8.81057 85.4998
2.3839 8.89487 85.4998
2.3839 8.97917 85.4998
2.3839 9.06347 85.4998
2.3839 9.14777 85.4998
2.3839 9.23207 85.4998
2.4682 9.31637 85.4998
2.4682 9.40067 85.4998
2.5525 9.48497 85.4998
2.6368 9.56927 85.4998
2.6368 9.65357 85.4998
2.7211 9.73787 85.4998
2.8054 9.82217 85.4998
2.8897 9.90647 85.4998
2.974 9.99077 85.4998
3.0583 9.99077 85.4998
3.1426 10.0751 85.4998
3.1426 10.1594 85.2998
3.2269 10.1594 85.2998
3.3112 10.1594 85.2998
3.3955 10.1594 85.2998
3.4798 10.1594 85.2998
3.5641 10.1594 85.2998
3.6484 10.1594 85.2998
3.7327 10.1594 85.2998
3.817 10.1594 85.2998
3.9013 10.1594 85.2998
3.9856 10.0751 85.2998
4.0699 10.0751 85.2998
4.1542 9.99077 85.2998
4.2385 9.90647 85.2998
4.3228 9.90647 85.2998
4.4071 9.82217 85.2998
4.4914 9.73787 85.2998
4.5757 9.65357 85.2998
4.66 9.56927 85.2998
4.7443 9.48497 85.2998
4.7443 9.40067 85.2998
4.8286 9.31637 85.2998
4.8286 9.23207 85.2998
4.9129 9.14777 85.2998
4.9129 9.06347 85.2998
4.9129 8.97917 85.2998
4.9129 8.89487 85.2998
4.9129 8.81057 85.2998
4.9129 8.72627 85.2998
4.8286 8.64197 85.2998
4.8286 8.55767 85.2998
4.7443 8.47337 85.2998
4.7443 8.38907 85.2998
4.66 8.30477 85.2998
4.5757 8.22047 85.2998
4.5757 8.13617 85.2998
4.4914 8.05187 85.2998
4.4071 7.96757 85.2998
4.3228 7.88327 85.2998
4.2385 7.88327 85.2998
4.1542 7.79897 85.2998
4.0699 7.79897 85.2998
3.9856 7.71467 85.2998
3.9013 7.71467 85.2998
3.817 7.71467 85.2998
3.7327 7.71467 85.2998
3.6484 7.71467 85.2998
3.5641 7.71467 85.2998
3.4798 7.71467 85.2998
3.3955 7.71467 85.2998
3.3112 7.71467 85.2998
3.2269 7.71467 85.2998
3.1426 7.71467 85.2998
3.0583 7.79897 85.2998
2.974 7.79897 85.2998
2.8897 7.88327 85.2998
2.8054 7.96757 85.2998
2.7211 8.05187 85.2998
2.6368 8.13617 85.2998
2.5525 8.22047 85.2998
2.4682 8.30477 85.2998
2.3839 8.38907 85.2998
2.3839 8.47337 85.2998
2.2996 8.55767 85.2998
2.2996 8.64197 85.2998
2.2996 8.72627 85.2998
2.2996 8.81057 85.2998
2.2996 8.89487 85.2998
2.2996 8.97917 85.2998
2.2996 9.06347 85.2998
2.2996 9.14777 85.2998
2.2996 9.23207 85.2998
2.3839 9.31637 85.2998
2.3839 9.40067 85.2998
2.4682 9.48497 85.2998
2.4682 9.56927 85.2998
2.5525 9.65357 85.2998
2.6368 9.73787 85.2998
2.7211 9.82217 85.2998
2.8054 9.90647 85.2998
2.8897 9.99077 85.2998
2.974 10.0751 85.2998
3.0583 10.0751 85.2998
3.1426 10.1594 85.2998
3.1426 10.1594 85.0998
3.2269 10.1594 85.0998
3.3112 10.1594 85.0998
3.3955 10.1594 85.0998
3.4798 10.1594 85.0998
3.5641 10.1594 85.0998
3.6484 10.1594 85.0998
3.7327 10.1594 85.0998
3.817 10.1594 85.0998
3.9013 10.0751 85.0998
3.9856 10.0751 85.0998
4.0699 10.0751 85.0998
4.1542 9.99077 85.0998
4.2385 9.99077 85.0998
4.3228 9.90647 85.0998
4.4071 9.82217 85.0998
4.4914 9.73787 85.0998
4.5757 9.65357 85.0998
4.66 9.56927 85.0998
4.7443 9.48497 85.0998
4.7443 9.40067 85.0998
4.8286 9.31637 85.0998
4.8286 9.23207 85.0998
4.8286 9.14777 85.0998
4.8286 9.06347 85.0998
4.8286 8.97917 85.0998
4.8286 8.89487 85.0998
4.8286 8.81057 85.0998
4.8286 8.72627 85.0998
4.8286 8.64197 85.0998
4.8286 8.55767 85.0998
4.8286 8.47337 85.0998
4.8286 8.38907 85.0998
4.7443 8.30477 85.0998
4.7443 8.22047 85.0998
4.66 8.13617 85.0998
4.5757 8.05187 85.0998
4.4914 7.96757 85.0998
4.4071 7.88327 85.0998
4.3228 7.88327 85.0998
4.2385 7.79897 85.0998
4.1542 7.79897 85.0998
4.0699 7.71467 85.0998
3.9856 7.71467 85.0998
3.9013 7.63037 85.0998
3.817 7.63037 85.0998
3.7327 7.63037 85.0998
3.6484 7.63037 85.0998
3.5641 7.63037 85.0998
3.4798 7.63037 85.0998
3.3955 7.63037 85.0998
3.3112 7.71467 85.0998
3.2269 7.71467 85.0998
3.1426 7.71467 85.0998
3.0583 7.71467 85.0998
2.974 7.79897 85.0998
2.8897 7.79897 85.0998
2.8054 7.88327 85.0998
2.7211 7.96757 85.0998
2.6368 8.05187 85.0998
2.5525 8.13617 85.0998
2.4682 8.22047 85.0998
2.3839 8.30477 85.0998
2.2996 8.38907 85.0998
2.2996 8.47337 85.0998
2.2153 8.55767 85.0998
2.2153 8.64197 85.0998
2.2153 8.72627 85.0998
2.2153 8.81057 85.0998
2.2153 8.89487 85.0998
2.2153 8.97917 85.0998
2.2153 9.06347 85.0998
2.2153 9.14777 85.0998
2.2153 9.23207 85.0998
2.2996 9.31637 85.0998
2.2996 9.40067 85.0998
2.3839 9.48497 85.0998
2.3839 9.56927 85.0998
2.4682 9.65357 85.0998
2.5525 9.73787 85.0998
2.6368 9.82217 85.0998
2.7211 9.90647 85.0998
2.8054 9.99077 85.0998
2.8897 9.99077 85.0998
2.974 10.0751 85.0998
3.0583 10.0751 85.0998
3.1426 10.1594 85.0998
3.3112 10.1594 84.8998
3.3955 10.1594 84.8998
3.4798 10.1594 84.8998
3.5641 10.1594 84.8998
3.6484 10.1594 84.8998
3.7327 10.1594 84.8998
3.817 10.1594 84.8998
3.9013 10.1594 84.8998
3.9856 10.1594 84.8998
4.0699 10.0751 84.8998
4.1542 10.0751 84.8998
4.2385 9.99077 84.8998
4.3228 9.99077 84.8998
4.4071 9.90647 84.8998
4.4914 9.82217 84.8998
4.5757 9.73787 84.8998
4.66 9.65357 84.8998
4.7443 9.56927 84.8998
4.8286 9.48497 84.8998
4.8286 9.40067 84.8998
4.9129 9.31637 84.8998
4.9129 9.23207 84.8998
4.9129 9.14777 84.8998
4.9129 9.06347 84.8998
4.9129 8.97917 84.8998
4.9129 8.89487 84.8998
4.9129 8.81057 84.8998
4.9129 8.72627 84.8998
4.9129 8.64197 84.8998
4.9129 8.55767 84.8998
4.8286 8.47337 84.8998
4.8286 8.38907 84.8998
4.7443 8.30477 84.8998
4.7443 8.22047 84.8998
4.66 8.13617 84.8998
4.5757 8.05187 84.8998
4.4914 7.96757 84.8998
4.4071 7.88327 84.8998
4.3228 7.88327 84.8998
4.2385 7.79897 84.8998
4.1542 7.79897 84.8998
4.0699 7.71467 84.8998
3.9856 7.71467 84.8998
3.9013 7.63037 84.8998
3.817 7.63037 84.8998
3.7327 7.63037 84.8998
3.6484 7.63037 84.8998
3.5641 7.63037 84.8998
3.4798 7.71467 84.8998
3.3955 7.71467 84.8998
3.3112 7.71467 84.8998
3.2269 7.71467 84.8998
3.1426 7.71467 84.8998
3.0583 7.79897 84.8998
2.974 7.79897 84.8998
2.8897 7.88327 84.8998
2.8054 7.96757 84.8998
2.7211 8.05187 84.8998
2.6368 8.13617 84.8998
2.5525 8.22047 84.8998
2.4682 8.30477 84.8998
2.4682 8.38907 84.8998
2.3839 8.47337 84.8998
2.3839 8.55767 84.8998
2.3839 8.64197 84.8998
2.2996 8.72627 84.8998
2.2996 8.81057 84.8998
2.2996 8.89487 84.8998
2.2996 8.97917 84.8998
2.2996 9.06347 84.8998
2.2996 9.14777 84.8998
2.2996 9.23207 84.8998
2.3839 9.31637 84.8998
2.3839 9.40067 84.8998
2.4682 9.48497 84.8998
2.5525 9.56927 84.8998
2.6368 9.65357 84.8998
2.7211 9.73787 84.8998
2.8054 9.82217 84.8998
2.8897 9.90647 84.8998
2.974 9.99077 84.8998
3.0583 9.99077 84.8998
3.1426 10.0751 84.8998
3.2269 10.0751 84.8998
3.3112 10.1594 84.8998
3.3112 10.1594 84.6998
3.3955 10.1594 84.6998
3.4798 10.1594 84.6998
3.5641 10.1594 84.6998
3.6484 10.1594 84.6998
3.7327 10.1594 84.6998
3.817 10.1594 84.6998
3.9013 10.0751 84.6998
3.9856 10.0751 84.6998
4.0699 9.99077 84.6998
4.1542 9.99077 84.6998
4.2385 9.90647 84.6998
4.3228 9.90647 84.6998
4.4071 9.82217 84.6998
4.4914 9.73787 84.6998
4.5757 9.65357 84.6998
4.66 9.56927 84.6998
4.66 9.48497 84.6998
4.7443 9.40067 84.6998
4.7443 9.31637 84.6998
4.8286 9.23207 84.6998
4.8286 9.14777 84.6998
4.8286 9.06347 84.6998
4.8286 8.97917 84.6998
4.8286 8.89487 84.6998
4.8286 8.81057 84.6998
4.8286 8.72627 84.6998
4.7443 8.64197 84.6998
4.7443 8.55767 84.6998
4.66 8.47337 84.6998
4.66 8.38907 84.6998
4.5757 8.30477 84.6998
4.5757 8.22047 84.6998
4.4914 8.13617 84.6998
4.4071 8.05187 84.6998
4.3228 7.96757 84.6998
4.2385 7.96757 84.6998
4.1542 7.88327 84.6998
4.0699 7.88327 84.6998
3.9856 7.79897 84.6998
3.9013 7.79897 84.6998
3.817 7.71467 84.6998
3.7327 7.71467 84.6998
3.6484 7.71467 84.6998
3.5641 7.71467 84.6998
3.4798 7.71467 84.6998
3.3955 7.71467 84.6998
3.3112 7.71467 84.6998
3.2269 7.79897 84.6998
3.1426 7.79897 84.6998
3.0583 7.88327 84.6998
2.974 7.88327 84.6998
2.8897 7.96757 84.6998
2.8054 7.96757 84.6998
2.7211 8.05187 84.6998
2.6368 8.13617 84.6998
2.5525 8.22047 84.6998
2.4682 8.30477 84.6998
2.4682 8.38907 84.6998
2.3839 8.47337 84.6998
2.3839 8.55767 84.6998
2.3839 8.64197 84.6998
2.3839 8.72627 84.6998
2.3839 8.81057 84.6998
2.3839 8.89487 84.6998
2.3839 8.97917 84.6998
2.3839 9.06347 84.6998
2.3839 9.14777 84.6998
2.3839 9.23207 84.6998
2.3839 9.31637 84.6998
2.4682 9.40067 84.6998
2.4682 9.48497 84.6998
2.5525 9.56927 84.6998
2.6368 9.65357 84.6998
2.7211 9.73787 84.6998
2.8054 9.82217 84.6998
2.8897 9.90647 84.6998
2.974 9.99077 84.6998
3.0583 9.99077 84.6998
3.1426 10.0751 84.6998
3.2269 10.0751 84.6998
3.3112 10.1594 84.6998
3.2269 9.99077 84.4998
3.3112 9.99077 84.4998
3.3955 9.99077 84.4998
3.4798 9.99077 84.4998
3.5641 9.99077 84.4998
3.6484 9.99077 84.4998
3.7327 9.99077 84.4998
3.817 9.99077 84.4998
3.9013 9.99077 84.4998
3.9856 9.99077 84.4998
4.0699 9.90647 84.4998
4.1542 9.90647 84.4998
4.2385 9.82217 84.4998
4.3228 9.73787 84.4998
4.4071 9.65357 84.4998
4.4914 9.56927 84.4998
4.5757 9.48497 84.4998
4.66 9.40067 84.4998
4.66 9.31637 84.4998
4.7443 9.23207 84.4998
4.7443 9.14777 84.4998
4.7443 9.06347 84.4998
4.7443 8.97917 84.4998
4.7443 8.89487 84.4998
4.7443 8.81057 84.4998
4.7443 8.72627 84.4998
4.66 8.64197 84.4998
4.66 8.55767 84.4998
4.5757 8.47337 84.4998
4.5757 8.38907 84.4998
4.4914 8.30477 84.4998
4.4071 8.22047 84.4998
4.3228 8.13617 84.4998
4.2385 8.05187 84.4998
4.1542 7.96757 84.4998
4.0699 7.96757 84.4998
3.9856 7.88327 84.4998
3.9013 7.88327 84.4998
3.817 7.88327 84.4998
3.7327 7.88327 84.4998
3.6484 7.88327 84.4998
3.5641 7.88327 84.4998
3.4798 7.88327 84.4998
3.3955 7.88327 84.4998
3.3112 7.88327 84.4998
3.2269 7.88327 84.4998
3.1426 7.96757 84.4998
3.0583 7.96757 84.4998
2.974 8.05187 84.4998
2.8897 8.13617 84.4998
2.8054 8.13617 84.4998
2.7211 8.22047 84.4998
2.6368 8.30477 84.4998
2.5525 8.38907 84.4998
2.5525 8.47337 84.4998
2.4682 8.55767 84.4998
2.4682 8.64197 84.4998
2.4682 8.72627 84.4998
2.4682 8.81057 84.4998
2.4682 8.89487 84.4998
2.4682 8.97917 84.4998
2.4682 9.06347 84.4998
2.4682 9.14777 84.4998
2.4682 9.23207 84.4998
2.4682 9.31637 84.4998
2.5525 9.40067 84.4998
2.5525 9.48497 84.4998
2.6368 9.56927 84.4998
2.7211 9.65357 84.4998
2.8054 9.73787 84.4998
2.8897 9.82217 84.4998
2.974 9.82217 84.4998
3.0583 9.90647 84.4998
3.1426 9.90647 84.4998
3.2269 9.99077 84.4998
3.2269 9.82217 84.2998
3.3112 9.82217 84.2998
3.3955 9.82217 84.2998
3.4798 9.82217 84.2998
3.5641 9.82217 84.2998
3.6484 9.82217 84.2998
3.7327 9.82217 84.2998
3.817 9.82217 84.2998
3.9013 9.82217 84.2998
3.9856 9.73787 84.2998
4.0699 9.73787 84.2998
4.1542 9.65357 84.2998
4.2385 9.56927 84.2998
4.3228 9.48497 84.2998
4.4071 9.40067 84.2998
4.4071 9.31637 84.2998
4.4914 9.23207 84.2998
4.4914 9.14777 84.2998
4.4914 9.06347 84.2998
4.4914 8.97917 84.2998
4.4914 8.89487 84.2998
4.4914 8.81057 84.2998
4.4914 8.72627 84.2998
4.4914 8.64197 84.2998
4.4914 8.55767 84.2998
4.4071 8.47337 84.2998
4.4071 8.38907 84.2998
4.3228 8.30477 84.2998
4.2385 8.22047 84.2998
4.1542 8.13617 84.2998
4.0699 8.13617 84.2998
3.9856 8.05187 84.2998
3.9013 8.05187 84.2998
3.817 7.96757 84.2998
3.7327 7.96757 84.2998
3.6484 7.96757 84.2998
3.5641 7.96757 84.2998
3.4798 7.96757 84.2998
3.3955 7.96757 84.2998
3.3112 7.96757 84.2998
3.2269 8.05187 84.2998
3.1426 8.05187 84.2998
3.0583 8.13617 84.2998
2.974 8.22047 84.2998
2.8897 8.30477 84.2998
2.8054 8.38907 84.2998
2.7211 8.47337 84.2998
2.7211 8.55767 84.2998
2.6368 8.64197 84.2998
2.6368 8.72627 84.2998
2.6368 8.81057 84.2998
2.6368 8.89487 84.2998
2.6368 8.97917 84.2998
2.6368 9.06347 84.2998
2.6368 9.14777 84.2998
2.6368 9.23207 84.2998
2.7211 9.31637 84.2998
2.7211 9.40067 84.2998
2.8054 9.48497 84.2998
2.8897 9.56927 84.2998
2.974 9.65357 84.2998
3.0583 9.73787 84.2998
3.1426 9.73787 84.2998
3.2269 9.82217 84.2998
3.3112 9.56927 84.0998
3.3955 9.56927 84.0998
3.4798 9.56927 84.0998
3.5641 9.56927 84.0998
3.6484 9.56927 84.0998
3.7327 9.48497 84.0998
3.817 9.48497 84.0998
3.9013 9.40067 84.0998
3.9856 9.31637 84.0998
4.0699 9.23207 84.0998
4.0699 9.14777 84.0998
4.1542 9.06347 84.0998
4.1542 8.97917 84.0998
4.1542 8.89487 84.0998
4.1542 8.81057 84.0998
4.1542 8.72627 84.0998
4.1542 8.64197 84.0998
4.0699 8.55767 84.0998
4.0699 8.47337 84.0998
3.9856 8.38907 84.0998
3.9013 8.30477 84.0998
3.817 8.22047 84.0998
3.7327 8.22047 84.0998
3.6484 8.13617 84.0998
3.5641 8.13617 84.0998
3.4798 8.13617 84.0998
3.3955 8.13617 84.0998
3.3112 8.13617 84.0998
3.2269 8.22047 84.0998
3.1426 8.22047 84.0998
3.0583 8.30477 84.0998
2.974 8.38907 84.0998
2.8897 8.47337 84.0998
2.8897 8.55767 84.0998
2.8054 8.64197 84.0998
2.8054 8.72627 84.0998
2.8054 8.81057 84.0998
2.8054 8.89487 84.0998
2.8054 8.97917 84.0998
2.8054 9.06347 84.0998
2.8897 9.14777 84.0998
2.8897 9.23207 84.0998
2.974 9.31637 84.0998
3.0583 9.40067 84.0998
3.1426 9.48497 84.0998
3.2269 9.48497 84.0998
3.3112 9.56927 84.0998
