# Output from PinnacleROI.cpp
# First line is number of curves
# Second line is space-separated number of points in each curve
# Remainder are the points themselves
4
126 147 151 110 
-2.82671 9.05848 85.6998
-2.82671 9.04392 85.6998
-2.8413 9.04392 85.6998
-2.8559 9.04392 85.6998
-2.8559 9.02936 85.6998
-2.87049 9.02936 85.6998
-2.88508 9.0148 85.6998
-2.89967 9.0148 85.6998
-2.89967 9.00024 85.6998
-2.91426 9.00024 85.6998
-2.92885 9.00024 85.6998
-2.94344 8.98568 85.6998
-2.95804 8.98568 85.6998
-2.97263 8.97112 85.6998
-2.98722 8.97112 85.6998
-3.00181 8.95656 85.6998
-3.0164 8.95656 85.6998
-3.0164 8.94201 85.6998
-3.03099 8.94201 85.6998
-3.04558 8.94201 85.6998
-3.04558 8.92745 85.6998
-3.06017 8.92745 85.6998
-3.07477 8.91289 85.6998
-3.08936 8.91289 85.6998
-3.10395 8.91289 85.6998
-3.11854 8.91289 85.6998
-3.13313 8.91289 85.6998
-3.13313 8.89833 85.6998
-3.14772 8.89833 85.6998
-3.14772 8.91289 85.6998
-3.14772 8.92745 85.6998
-3.16231 8.92745 85.6998
-3.17691 8.92745 85.6998
-3.17691 8.94201 85.6998
-3.1915 8.94201 85.6998
-3.1915 8.95656 85.6998
-3.20609 8.95656 85.6998
-3.20609 8.97112 85.6998
-3.20609 8.98568 85.6998
-3.22068 8.98568 85.6998
-3.22068 9.00024 85.6998
-3.22068 9.0148 85.6998
-3.22068 9.02936 85.6998
-3.22068 9.04392 85.6998
-3.20609 9.04392 85.6998
-3.20609 9.05848 85.6998
-3.1915 9.07304 85.6998
-3.1915 9.0876 85.6998
-3.17691 9.10215 85.6998
-3.17691 9.11671 85.6998
-3.16231 9.11671 85.6998
-3.16231 9.13127 85.6998
-3.14772 9.13127 85.6998
-3.14772 9.14583 85.6998
-3.13313 9.16039 85.6998
-3.13313 9.17495 85.6998
-3.11854 9.18951 85.6998
-3.10395 9.20407 85.6998
-3.08936 9.20407 85.6998
-3.07477 9.21863 85.6998
-3.07477 9.23319 85.6998
-3.06017 9.23319 85.6998
-3.06017 9.24775 85.6998
-3.04558 9.24775 85.6998
-3.03099 9.2623 85.6998
-3.03099 9.27686 85.6998
-3.0164 9.27686 85.6998
-3.00181 9.27686 85.6998
-2.98722 9.29142 85.6998
-2.98722 9.30598 85.6998
-2.97263 9.30598 85.6998
-2.95804 9.32054 85.6998
-2.94344 9.3351 85.6998
-2.92885 9.34966 85.6998
-2.91426 9.34966 85.6998
-2.89967 9.36422 85.6998
-2.88508 9.36422 85.6998
-2.87049 9.36422 85.6998
-2.87049 9.37878 85.6998
-2.8559 9.37878 85.6998
-2.8413 9.37878 85.6998
-2.82671 9.37878 85.6998
-2.81212 9.37878 85.6998
-2.79753 9.37878 85.6998
-2.78294 9.37878 85.6998
-2.76835 9.37878 85.6998
-2.75376 9.37878 85.6998
-2.75376 9.36422 85.6998
-2.73917 9.36422 85.6998
-2.73917 9.34966 85.6998
-2.72457 9.34966 85.6998
-2.70998 9.34966 85.6998
-2.70998 9.3351 85.6998
-2.70998 9.32054 85.6998
-2.69539 9.32054 85.6998
-2.6808 9.32054 85.6998
-2.6808 9.30598 85.6998
-2.6808 9.29142 85.6998
-2.6808 9.27686 85.6998
-2.6808 9.2623 85.6998
-2.6808 9.24775 85.6998
-2.6808 9.23319 85.6998
-2.6808 9.21863 85.6998
-2.6808 9.20407 85.6998
-2.69539 9.20407 85.6998
-2.69539 9.18951 85.6998
-2.69539 9.17495 85.6998
-2.70998 9.17495 85.6998
-2.70998 9.16039 85.6998
-2.72457 9.16039 85.6998
-2.72457 9.14583 85.6998
-2.72457 9.13127 85.6998
-2.73917 9.13127 85.6998
-2.73917 9.11671 85.6998
-2.75376 9.11671 85.6998
-2.75376 9.10215 85.6998
-2.75376 9.0876 85.6998
-2.76835 9.0876 85.6998
-2.76835 9.07304 85.6998
-2.78294 9.07304 85.6998
-2.78294 9.05848 85.6998
-2.79753 9.05848 85.6998
-2.79753 9.04392 85.6998
-2.81212 9.04392 85.6998
-2.81212 9.02936 85.6998
-2.82671 9.02936 85.6998
-2.87049 8.91289 85.8998
-2.87049 8.89833 85.8998
-2.88508 8.89833 85.8998
-2.89967 8.89833 85.8998
-2.89967 8.88377 85.8998
-2.91426 8.88377 85.8998
-2.91426 8.86921 85.8998
-2.92885 8.86921 85.8998
-2.94344 8.85465 85.8998
-2.95804 8.84009 85.8998
-2.97263 8.84009 85.8998
-2.98722 8.82553 85.8998
-3.00181 8.82553 85.8998
-3.00181 8.81097 85.8998
-3.0164 8.81097 85.8998
-3.03099 8.81097 85.8998
-3.03099 8.79642 85.8998
-3.04558 8.79642 85.8998
-3.06017 8.79642 85.8998
-3.07477 8.79642 85.8998
-3.08936 8.79642 85.8998
-3.10395 8.79642 85.8998
-3.11854 8.79642 85.8998
-3.13313 8.79642 85.8998
-3.14772 8.81097 85.8998
-3.16231 8.81097 85.8998
-3.17691 8.81097 85.8998
-3.17691 8.82553 85.8998
-3.1915 8.82553 85.8998
-3.20609 8.82553 85.8998
-3.20609 8.84009 85.8998
-3.20609 8.85465 85.8998
-3.22068 8.85465 85.8998
-3.22068 8.86921 85.8998
-3.22068 8.88377 85.8998
-3.22068 8.89833 85.8998
-3.22068 8.91289 85.8998
-3.22068 8.92745 85.8998
-3.22068 8.94201 85.8998
-3.20609 8.94201 85.8998
-3.20609 8.95656 85.8998
-3.20609 8.97112 85.8998
-3.1915 8.98568 85.8998
-3.17691 9.00024 85.8998
-3.16231 9.0148 85.8998
-3.16231 9.02936 85.8998
-3.14772 9.02936 85.8998
-3.14772 9.04392 85.8998
-3.14772 9.05848 85.8998
-3.13313 9.05848 85.8998
-3.13313 9.07304 85.8998
-3.11854 9.0876 85.8998
-3.11854 9.10215 85.8998
-3.10395 9.10215 85.8998
-3.08936 9.11671 85.8998
-3.07477 9.11671 85.8998
-3.07477 9.13127 85.8998
-3.06017 9.13127 85.8998
-3.04558 9.14583 85.8998
-3.04558 9.16039 85.8998
-3.03099 9.16039 85.8998
-3.0164 9.16039 85.8998
-3.0164 9.17495 85.8998
-3.00181 9.17495 85.8998
-3.00181 9.18951 85.8998
-2.98722 9.18951 85.8998
-2.98722 9.20407 85.8998
-2.97263 9.20407 85.8998
-2.95804 9.20407 85.8998
-2.95804 9.21863 85.8998
-2.94344 9.21863 85.8998
-2.92885 9.21863 85.8998
-2.91426 9.23319 85.8998
-2.89967 9.23319 85.8998
-2.88508 9.24775 85.8998
-2.87049 9.24775 85.8998
-2.8559 9.24775 85.8998
-2.8413 9.24775 85.8998
-2.82671 9.2623 85.8998
-2.81212 9.2623 85.8998
-2.79753 9.2623 85.8998
-2.78294 9.2623 85.8998
-2.76835 9.2623 85.8998
-2.76835 9.27686 85.8998
-2.75376 9.27686 85.8998
-2.73917 9.27686 85.8998
-2.72457 9.27686 85.8998
-2.70998 9.27686 85.8998
-2.69539 9.27686 85.8998
-2.6808 9.27686 85.8998
-2.66621 9.27686 85.8998
-2.66621 9.2623 85.8998
-2.65162 9.2623 85.8998
-2.63703 9.2623 85.8998
-2.62243 9.2623 85.8998
-2.60784 9.2623 85.8998
-2.60784 9.24775 85.8998
-2.59325 9.24775 85.8998
-2.57866 9.24775 85.8998
-2.57866 9.23319 85.8998
-2.56407 9.23319 85.8998
-2.56407 9.21863 85.8998
-2.54948 9.21863 85.8998
-2.54948 9.20407 85.8998
-2.54948 9.18951 85.8998
-2.54948 9.17495 85.8998
-2.54948 9.16039 85.8998
-2.56407 9.16039 85.8998
-2.56407 9.14583 85.8998
-2.57866 9.13127 85.8998
-2.57866 9.11671 85.8998
-2.59325 9.11671 85.8998
-2.59325 9.10215 85.8998
-2.60784 9.10215 85.8998
-2.60784 9.0876 85.8998
-2.62243 9.07304 85.8998
-2.63703 9.07304 85.8998
-2.63703 9.05848 85.8998
-2.65162 9.05848 85.8998
-2.65162 9.04392 85.8998
-2.66621 9.04392 85.8998
-2.66621 9.02936 85.8998
-2.6808 9.0148 85.8998
-2.69539 9.0148 85.8998
-2.69539 9.00024 85.8998
-2.70998 9.00024 85.8998
-2.70998 8.98568 85.8998
-2.72457 8.98568 85.8998
-2.73917 8.97112 85.8998
-2.75376 8.97112 85.8998
-2.76835 8.95656 85.8998
-2.78294 8.95656 85.8998
-2.78294 8.94201 85.8998
-2.79753 8.94201 85.8998
-2.81212 8.94201 85.8998
-2.81212 8.92745 85.8998
-2.82671 8.92745 85.8998
-2.8413 8.91289 85.8998
-2.8559 8.91289 85.8998
-2.87049 8.91289 85.8998
-2.87049 8.89833 85.8998
-2.88508 8.89833 85.8998
-2.89967 8.88377 85.8998
-2.91426 8.88377 85.8998
-2.92885 8.88377 85.8998
-2.92885 8.86921 85.8998
-2.94344 8.86921 85.8998
-2.79753 8.75274 86.0998
-2.79753 8.7673 86.0998
-2.81212 8.7673 86.0998
-2.82671 8.7673 86.0998
-2.8413 8.7673 86.0998
-2.8559 8.7673 86.0998
-2.87049 8.75274 86.0998
-2.88508 8.75274 86.0998
-2.89967 8.75274 86.0998
-2.91426 8.73818 86.0998
-2.92885 8.73818 86.0998
-2.94344 8.72362 86.0998
-2.95804 8.72362 86.0998
-2.97263 8.72362 86.0998
-2.98722 8.72362 86.0998
-3.00181 8.72362 86.0998
-3.0164 8.72362 86.0998
-3.03099 8.72362 86.0998
-3.04558 8.72362 86.0998
-3.06017 8.72362 86.0998
-3.07477 8.72362 86.0998
-3.08936 8.72362 86.0998
-3.10395 8.72362 86.0998
-3.10395 8.73818 86.0998
-3.10395 8.75274 86.0998
-3.11854 8.75274 86.0998
-3.11854 8.7673 86.0998
-3.11854 8.78186 86.0998
-3.13313 8.78186 86.0998
-3.13313 8.79642 86.0998
-3.13313 8.81097 86.0998
-3.13313 8.82553 86.0998
-3.13313 8.84009 86.0998
-3.13313 8.85465 86.0998
-3.13313 8.86921 86.0998
-3.13313 8.88377 86.0998
-3.13313 8.89833 86.0998
-3.13313 8.91289 86.0998
-3.13313 8.92745 86.0998
-3.13313 8.91289 86.0998
-3.11854 8.92745 86.0998
-3.11854 8.94201 86.0998
-3.11854 8.95656 86.0998
-3.10395 8.95656 86.0998
-3.08936 8.97112 86.0998
-3.08936 8.98568 86.0998
-3.07477 9.00024 86.0998
-3.06017 9.00024 86.0998
-3.04558 9.0148 86.0998
-3.04558 9.02936 86.0998
-3.03099 9.02936 86.0998
-3.0164 9.04392 86.0998
-3.00181 9.05848 86.0998
-2.98722 9.05848 86.0998
-2.98722 9.07304 86.0998
-2.97263 9.07304 86.0998
-2.97263 9.0876 86.0998
-2.95804 9.0876 86.0998
-2.95804 9.10215 86.0998
-2.94344 9.10215 86.0998
-2.94344 9.11671 86.0998
-2.92885 9.11671 86.0998
-2.91426 9.13127 86.0998
-2.89967 9.13127 86.0998
-2.88508 9.13127 86.0998
-2.88508 9.14583 86.0998
-2.87049 9.14583 86.0998
-2.8559 9.14583 86.0998
-2.8413 9.16039 86.0998
-2.82671 9.16039 86.0998
-2.81212 9.16039 86.0998
-2.79753 9.16039 86.0998
-2.78294 9.17495 86.0998
-2.76835 9.17495 86.0998
-2.75376 9.18951 86.0998
-2.73917 9.18951 86.0998
-2.72457 9.18951 86.0998
-2.70998 9.20407 86.0998
-2.69539 9.20407 86.0998
-2.6808 9.20407 86.0998
-2.66621 9.21863 86.0998
-2.65162 9.21863 86.0998
-2.63703 9.21863 86.0998
-2.63703 9.23319 86.0998
-2.62243 9.23319 86.0998
-2.60784 9.23319 86.0998
-2.59325 9.23319 86.0998
-2.59325 9.21863 86.0998
-2.57866 9.21863 86.0998
-2.56407 9.21863 86.0998
-2.54948 9.21863 86.0998
-2.53489 9.21863 86.0998
-2.52029 9.21863 86.0998
-2.5057 9.21863 86.0998
-2.5057 9.20407 86.0998
-2.49111 9.20407 86.0998
-2.47652 9.20407 86.0998
-2.47652 9.18951 86.0998
-2.46193 9.18951 86.0998
-2.44734 9.17495 86.0998
-2.44734 9.16039 86.0998
-2.44734 9.14583 86.0998
-2.44734 9.13127 86.0998
-2.44734 9.11671 86.0998
-2.44734 9.10215 86.0998
-2.44734 9.0876 86.0998
-2.44734 9.07304 86.0998
-2.44734 9.05848 86.0998
-2.46193 9.05848 86.0998
-2.46193 9.04392 86.0998
-2.46193 9.02936 86.0998
-2.47652 9.02936 86.0998
-2.47652 9.0148 86.0998
-2.47652 9.00024 86.0998
-2.49111 9.00024 86.0998
-2.5057 8.98568 86.0998
-2.5057 8.97112 86.0998
-2.52029 8.97112 86.0998
-2.52029 8.95656 86.0998
-2.53489 8.95656 86.0998
-2.53489 8.94201 86.0998
-2.54948 8.94201 86.0998
-2.54948 8.92745 86.0998
-2.56407 8.92745 86.0998
-2.57866 8.91289 86.0998
-2.59325 8.91289 86.0998
-2.60784 8.91289 86.0998
-2.60784 8.89833 86.0998
-2.62243 8.89833 86.0998
-2.63703 8.89833 86.0998
-2.65162 8.88377 86.0998
-2.66621 8.86921 86.0998
-2.6808 8.86921 86.0998
-2.69539 8.85465 86.0998
-2.69539 8.84009 86.0998
-2.70998 8.84009 86.0998
-2.72457 8.84009 86.0998
-2.73917 8.84009 86.0998
-2.73917 8.82553 86.0998
-2.75376 8.82553 86.0998
-2.75376 8.81097 86.0998
-2.76835 8.81097 86.0998
-2.76835 8.79642 86.0998
-2.78294 8.79642 86.0998
-2.79753 8.79642 86.0998
-2.81212 8.78186 86.0998
-2.82671 8.78186 86.0998
-2.82671 8.7673 86.0998
-2.8413 8.7673 86.0998
-2.8413 8.75274 86.0998
-2.8559 8.75274 86.0998
-2.65162 8.79642 86.2998
-2.66621 8.79642 86.2998
-2.6808 8.78186 86.2998
-2.69539 8.78186 86.2998
-2.70998 8.7673 86.2998
-2.72457 8.7673 86.2998
-2.73917 8.75274 86.2998
-2.75376 8.75274 86.2998
-2.76835 8.73818 86.2998
-2.78294 8.73818 86.2998
-2.79753 8.73818 86.2998
-2.81212 8.72362 86.2998
-2.82671 8.70906 86.2998
-2.8413 8.70906 86.2998
-2.8559 8.70906 86.2998
-2.87049 8.70906 86.2998
-2.88508 8.70906 86.2998
-2.89967 8.70906 86.2998
-2.89967 8.72362 86.2998
-2.91426 8.72362 86.2998
-2.92885 8.72362 86.2998
-2.92885 8.73818 86.2998
-2.94344 8.73818 86.2998
-2.94344 8.75274 86.2998
-2.95804 8.75274 86.2998
-2.95804 8.7673 86.2998
-2.97263 8.7673 86.2998
-2.97263 8.78186 86.2998
-2.97263 8.79642 86.2998
-2.97263 8.81097 86.2998
-2.97263 8.82553 86.2998
-2.97263 8.84009 86.2998
-2.95804 8.84009 86.2998
-2.95804 8.85465 86.2998
-2.95804 8.86921 86.2998
-2.94344 8.86921 86.2998
-2.92885 8.88377 86.2998
-2.92885 8.89833 86.2998
-2.91426 8.89833 86.2998
-2.89967 8.91289 86.2998
-2.88508 8.92745 86.2998
-2.87049 8.94201 86.2998
-2.87049 8.95656 86.2998
-2.8559 8.97112 86.2998
-2.8413 8.97112 86.2998
-2.82671 8.98568 86.2998
-2.81212 9.00024 86.2998
-2.79753 9.0148 86.2998
-2.78294 9.02936 86.2998
-2.76835 9.04392 86.2998
-2.75376 9.04392 86.2998
-2.73917 9.05848 86.2998
-2.72457 9.05848 86.2998
-2.70998 9.07304 86.2998
-2.69539 9.07304 86.2998
-2.6808 9.0876 86.2998
-2.66621 9.0876 86.2998
-2.66621 9.10215 86.2998
-2.65162 9.10215 86.2998
-2.63703 9.10215 86.2998
-2.62243 9.11671 86.2998
-2.60784 9.11671 86.2998
-2.59325 9.11671 86.2998
-2.57866 9.11671 86.2998
-2.56407 9.11671 86.2998
-2.54948 9.11671 86.2998
-2.53489 9.11671 86.2998
-2.52029 9.11671 86.2998
-2.5057 9.11671 86.2998
-2.49111 9.11671 86.2998
-2.47652 9.10215 86.2998
-2.47652 9.0876 86.2998
-2.46193 9.0876 86.2998
-2.46193 9.07304 86.2998
-2.44734 9.07304 86.2998
-2.44734 9.05848 86.2998
-2.44734 9.04392 86.2998
-2.44734 9.02936 86.2998
-2.44734 9.0148 86.2998
-2.44734 9.00024 86.2998
-2.44734 8.98568 86.2998
-2.46193 8.98568 86.2998
-2.46193 8.97112 86.2998
-2.47652 8.95656 86.2998
-2.49111 8.94201 86.2998
-2.49111 8.92745 86.2998
-2.5057 8.92745 86.2998
-2.52029 8.91289 86.2998
-2.52029 8.89833 86.2998
-2.53489 8.89833 86.2998
-2.54948 8.88377 86.2998
-2.56407 8.88377 86.2998
-2.56407 8.86921 86.2998
-2.57866 8.85465 86.2998
-2.59325 8.85465 86.2998
-2.59325 8.84009 86.2998
-2.60784 8.84009 86.2998
-2.62243 8.84009 86.2998
-2.62243 8.82553 86.2998
-2.63703 8.82553 86.2998
-2.65162 8.82553 86.2998
-2.65162 8.81097 86.2998
-2.66621 8.81097 86.2998
-2.6808 8.81097 86.2998
-2.6808 8.79642 86.2998
-2.69539 8.79642 86.2998
-2.70998 8.79642 86.2998
-2.70998 8.78186 86.2998
-2.72457 8.78186 86.2998
-2.72457 8.7673 86.2998
