# Output from PinnacleROI.cpp
# First line is number of curves
# Second line is space-separated number of points in each curve
# Remainder are the points themselves
3
114 141 126 
3.50593 9.23319 85.8998
3.49134 9.23319 85.8998
3.47675 9.23319 85.8998
3.46216 9.23319 85.8998
3.44757 9.23319 85.8998
3.43298 9.23319 85.8998
3.41839 9.23319 85.8998
3.4038 9.23319 85.8998
3.3892 9.23319 85.8998
3.37461 9.23319 85.8998
3.36002 9.23319 85.8998
3.34543 9.23319 85.8998
3.33084 9.23319 85.8998
3.31625 9.23319 85.8998
3.30166 9.23319 85.8998
3.28706 9.23319 85.8998
3.27247 9.23319 85.8998
3.25788 9.23319 85.8998
3.24329 9.23319 85.8998
3.24329 9.24775 85.8998
3.2287 9.24775 85.8998
3.21411 9.24775 85.8998
3.21411 9.2623 85.8998
3.19952 9.27686 85.8998
3.19952 9.29142 85.8998
3.18493 9.30598 85.8998
3.18493 9.32054 85.8998
3.18493 9.3351 85.8998
3.18493 9.34966 85.8998
3.18493 9.36422 85.8998
3.18493 9.37878 85.8998
3.18493 9.39334 85.8998
3.18493 9.4079 85.8998
3.19952 9.4079 85.8998
3.19952 9.42245 85.8998
3.21411 9.42245 85.8998
3.2287 9.43701 85.8998
3.2287 9.45157 85.8998
3.24329 9.45157 85.8998
3.24329 9.46613 85.8998
3.25788 9.46613 85.8998
3.27247 9.48069 85.8998
3.28706 9.48069 85.8998
3.30166 9.49525 85.8998
3.31625 9.49525 85.8998
3.33084 9.49525 85.8998
3.33084 9.50981 85.8998
3.34543 9.50981 85.8998
3.36002 9.50981 85.8998
3.37461 9.50981 85.8998
3.37461 9.52437 85.8998
3.3892 9.52437 85.8998
3.4038 9.52437 85.8998
3.41839 9.52437 85.8998
3.43298 9.52437 85.8998
3.44757 9.52437 85.8998
3.46216 9.52437 85.8998
3.47675 9.52437 85.8998
3.49134 9.52437 85.8998
3.50593 9.52437 85.8998
3.52053 9.52437 85.8998
3.53512 9.52437 85.8998
3.54971 9.52437 85.8998
3.5643 9.53893 85.8998
3.57889 9.53893 85.8998
3.59348 9.53893 85.8998
3.60807 9.53893 85.8998
3.62267 9.53893 85.8998
3.63726 9.53893 85.8998
3.65185 9.53893 85.8998
3.66644 9.53893 85.8998
3.68103 9.52437 85.8998
3.69562 9.52437 85.8998
3.71021 9.52437 85.8998
3.71021 9.50981 85.8998
3.72481 9.50981 85.8998
3.7394 9.49525 85.8998
3.75399 9.49525 85.8998
3.76858 9.48069 85.8998
3.76858 9.46613 85.8998
3.78317 9.46613 85.8998
3.78317 9.45157 85.8998
3.78317 9.43701 85.8998
3.78317 9.42245 85.8998
3.78317 9.4079 85.8998
3.78317 9.39334 85.8998
3.78317 9.37878 85.8998
3.76858 9.37878 85.8998
3.76858 9.36422 85.8998
3.76858 9.34966 85.8998
3.75399 9.34966 85.8998
3.7394 9.34966 85.8998
3.7394 9.3351 85.8998
3.72481 9.3351 85.8998
3.71021 9.3351 85.8998
3.71021 9.32054 85.8998
3.69562 9.32054 85.8998
3.68103 9.30598 85.8998
3.66644 9.30598 85.8998
3.65185 9.30598 85.8998
3.65185 9.29142 85.8998
3.63726 9.29142 85.8998
3.62267 9.29142 85.8998
3.60807 9.29142 85.8998
3.60807 9.27686 85.8998
3.59348 9.27686 85.8998
3.57889 9.27686 85.8998
3.5643 9.2623 85.8998
3.54971 9.2623 85.8998
3.54971 9.24775 85.8998
3.53512 9.24775 85.8998
3.52053 9.24775 85.8998
3.50593 9.23319 85.8998
3.49134 9.23319 85.8998
3.54971 9.37878 85.6998
3.53512 9.37878 85.6998
3.52053 9.37878 85.6998
3.50593 9.37878 85.6998
3.49134 9.37878 85.6998
3.47675 9.37878 85.6998
3.46216 9.37878 85.6998
3.46216 9.36422 85.6998
3.44757 9.36422 85.6998
3.43298 9.36422 85.6998
3.41839 9.34966 85.6998
3.4038 9.34966 85.6998
3.3892 9.34966 85.6998
3.37461 9.34966 85.6998
3.36002 9.34966 85.6998
3.34543 9.3351 85.6998
3.33084 9.3351 85.6998
3.31625 9.3351 85.6998
3.30166 9.3351 85.6998
3.28706 9.32054 85.6998
3.27247 9.32054 85.6998
3.25788 9.32054 85.6998
3.24329 9.32054 85.6998
3.2287 9.32054 85.6998
3.21411 9.32054 85.6998
3.19952 9.32054 85.6998
3.19952 9.3351 85.6998
3.18493 9.3351 85.6998
3.17033 9.3351 85.6998
3.17033 9.34966 85.6998
3.15574 9.34966 85.6998
3.14115 9.34966 85.6998
3.14115 9.36422 85.6998
3.12656 9.36422 85.6998
3.12656 9.37878 85.6998
3.11197 9.37878 85.6998
3.11197 9.39334 85.6998
3.09738 9.4079 85.6998
3.09738 9.42245 85.6998
3.09738 9.43701 85.6998
3.09738 9.45157 85.6998
3.09738 9.46613 85.6998
3.09738 9.48069 85.6998
3.09738 9.49525 85.6998
3.09738 9.50981 85.6998
3.11197 9.50981 85.6998
3.11197 9.52437 85.6998
3.12656 9.52437 85.6998
3.12656 9.53893 85.6998
3.14115 9.53893 85.6998
3.14115 9.55349 85.6998
3.15574 9.55349 85.6998
3.15574 9.56804 85.6998
3.17033 9.56804 85.6998
3.18493 9.56804 85.6998
3.19952 9.5826 85.6998
3.21411 9.5826 85.6998
3.2287 9.5826 85.6998
3.24329 9.59716 85.6998
3.25788 9.61172 85.6998
3.27247 9.61172 85.6998
3.28706 9.61172 85.6998
3.28706 9.62628 85.6998
3.30166 9.62628 85.6998
3.31625 9.64084 85.6998
3.33084 9.64084 85.6998
3.34543 9.64084 85.6998
3.36002 9.64084 85.6998
3.36002 9.6554 85.6998
3.37461 9.6554 85.6998
3.3892 9.6554 85.6998
3.3892 9.66996 85.6998
3.4038 9.66996 85.6998
3.41839 9.66996 85.6998
3.43298 9.66996 85.6998
3.43298 9.68452 85.6998
3.44757 9.68452 85.6998
3.46216 9.68452 85.6998
3.47675 9.68452 85.6998
3.49134 9.68452 85.6998
3.50593 9.68452 85.6998
3.52053 9.68452 85.6998
3.53512 9.68452 85.6998
3.54971 9.68452 85.6998
3.5643 9.68452 85.6998
3.57889 9.68452 85.6998
3.59348 9.68452 85.6998
3.60807 9.66996 85.6998
3.62267 9.66996 85.6998
3.63726 9.66996 85.6998
3.65185 9.66996 85.6998
3.65185 9.6554 85.6998
3.66644 9.6554 85.6998
3.68103 9.6554 85.6998
3.69562 9.6554 85.6998
3.71021 9.6554 85.6998
3.71021 9.64084 85.6998
3.72481 9.64084 85.6998
3.7394 9.64084 85.6998
3.7394 9.62628 85.6998
3.75399 9.62628 85.6998
3.76858 9.62628 85.6998
3.76858 9.61172 85.6998
3.76858 9.59716 85.6998
3.78317 9.59716 85.6998
3.79776 9.59716 85.6998
3.79776 9.5826 85.6998
3.81235 9.5826 85.6998
3.81235 9.56804 85.6998
3.82695 9.56804 85.6998
3.82695 9.55349 85.6998
3.82695 9.53893 85.6998
3.82695 9.52437 85.6998
3.81235 9.52437 85.6998
3.81235 9.50981 85.6998
3.79776 9.50981 85.6998
3.79776 9.49525 85.6998
3.78317 9.49525 85.6998
3.76858 9.49525 85.6998
3.76858 9.48069 85.6998
3.75399 9.46613 85.6998
3.7394 9.46613 85.6998
3.72481 9.46613 85.6998
3.71021 9.45157 85.6998
3.69562 9.45157 85.6998
3.68103 9.43701 85.6998
3.66644 9.43701 85.6998
3.65185 9.43701 85.6998
3.65185 9.42245 85.6998
3.63726 9.42245 85.6998
3.62267 9.42245 85.6998
3.62267 9.4079 85.6998
3.60807 9.4079 85.6998
3.59348 9.4079 85.6998
3.59348 9.39334 85.6998
3.57889 9.39334 85.6998
3.5643 9.39334 85.6998
3.54971 9.37878 85.6998
3.53512 9.37878 85.6998
3.52053 9.37878 85.6998
3.52053 9.36422 85.6998
3.53512 9.49525 85.4998
3.52053 9.49525 85.4998
3.50593 9.49525 85.4998
3.49134 9.49525 85.4998
3.49134 9.48069 85.4998
3.47675 9.48069 85.4998
3.46216 9.48069 85.4998
3.44757 9.46613 85.4998
3.43298 9.46613 85.4998
3.41839 9.46613 85.4998
3.4038 9.45157 85.4998
3.3892 9.45157 85.4998
3.37461 9.45157 85.4998
3.37461 9.43701 85.4998
3.36002 9.43701 85.4998
3.34543 9.43701 85.4998
3.33084 9.43701 85.4998
3.31625 9.43701 85.4998
3.30166 9.43701 85.4998
3.28706 9.42245 85.4998
3.27247 9.42245 85.4998
3.25788 9.42245 85.4998
3.24329 9.42245 85.4998
3.2287 9.4079 85.4998
3.21411 9.4079 85.4998
3.19952 9.4079 85.4998
3.18493 9.39334 85.4998
3.17033 9.39334 85.4998
3.15574 9.39334 85.4998
3.14115 9.39334 85.4998
3.12656 9.39334 85.4998
3.12656 9.37878 85.4998
3.11197 9.37878 85.4998
3.09738 9.37878 85.4998
3.08279 9.39334 85.4998
3.08279 9.4079 85.4998
3.06819 9.42245 85.4998
3.06819 9.43701 85.4998
3.06819 9.45157 85.4998
3.06819 9.46613 85.4998
3.0536 9.46613 85.4998
3.0536 9.48069 85.4998
3.0536 9.49525 85.4998
3.0536 9.50981 85.4998
3.0536 9.52437 85.4998
3.0536 9.53893 85.4998
3.0536 9.55349 85.4998
3.0536 9.56804 85.4998
3.06819 9.56804 85.4998
3.06819 9.5826 85.4998
3.06819 9.59716 85.4998
3.08279 9.59716 85.4998
3.08279 9.61172 85.4998
3.09738 9.61172 85.4998
3.09738 9.62628 85.4998
3.11197 9.62628 85.4998
3.12656 9.64084 85.4998
3.14115 9.6554 85.4998
3.15574 9.6554 85.4998
3.15574 9.66996 85.4998
3.17033 9.66996 85.4998
3.18493 9.66996 85.4998
3.18493 9.68452 85.4998
3.19952 9.68452 85.4998
3.21411 9.68452 85.4998
3.2287 9.68452 85.4998
3.24329 9.69908 85.4998
3.25788 9.69908 85.4998
3.27247 9.69908 85.4998
3.28706 9.71363 85.4998
3.30166 9.71363 85.4998
3.31625 9.71363 85.4998
3.33084 9.72819 85.4998
3.34543 9.72819 85.4998
3.36002 9.74275 85.4998
3.37461 9.74275 85.4998
3.3892 9.74275 85.4998
3.4038 9.74275 85.4998
3.41839 9.74275 85.4998
3.43298 9.74275 85.4998
3.44757 9.74275 85.4998
3.46216 9.74275 85.4998
3.47675 9.74275 85.4998
3.49134 9.74275 85.4998
3.50593 9.74275 85.4998
3.52053 9.74275 85.4998
3.53512 9.74275 85.4998
3.54971 9.74275 85.4998
3.5643 9.74275 85.4998
3.57889 9.74275 85.4998
3.59348 9.74275 85.4998
3.60807 9.74275 85.4998
3.60807 9.72819 85.4998
3.62267 9.72819 85.4998
3.62267 9.71363 85.4998
3.63726 9.71363 85.4998
3.63726 9.69908 85.4998
3.65185 9.69908 85.4998
3.65185 9.68452 85.4998
3.66644 9.68452 85.4998
3.66644 9.66996 85.4998
3.66644 9.6554 85.4998
3.66644 9.64084 85.4998
3.66644 9.62628 85.4998
3.66644 9.61172 85.4998
3.66644 9.59716 85.4998
3.65185 9.5826 85.4998
3.65185 9.56804 85.4998
3.63726 9.56804 85.4998
3.63726 9.55349 85.4998
3.62267 9.55349 85.4998
3.62267 9.53893 85.4998
3.60807 9.53893 85.4998
3.60807 9.52437 85.4998
3.59348 9.52437 85.4998
3.59348 9.50981 85.4998
3.57889 9.50981 85.4998
3.5643 9.50981 85.4998
3.5643 9.49525 85.4998
3.5643 9.48069 85.4998
3.54971 9.48069 85.4998
3.53512 9.48069 85.4998
3.52053 9.48069 85.4998
3.52053 9.46613 85.4998
3.50593 9.46613 85.4998
3.50593 9.45157 85.4998
